1039
71 9
70 9
70 8
71 8
72 8
72 7
72 6
73 6
73 7
74 7
75 7
75 6
75 5
76 5
76 6
77 6
78 6
79 6
79 7
80 7
80 8
81 8
82 8
82 9
82 10
81 10
81 11
81 12
82 12
82 13
81 13
81 14
80 14
80 15
79 15
79 16
78 16
78 17
79 17
80 16
81 15
81 16
81 17
80 17
80 18
81 18
82 17
82 16
82 15
82 14
83 13
83 12
84 12
84 13
84 14
84 15
85 15
85 16
84 16
84 17
85 17
86 17
86 18
85 18
85 19
85 20
85 21
85 22
85 23
84 23
84 24
84 25
85 25
85 26
85 27
85 28
85 29
85 30
85 31
84 31
83 31
82 31
82 32
83 32
84 32
84 33
84 34
84 35
85 35
85 36
84 36
84 37
83 37
82 37
82 38
83 38
83 39
82 39
82 40
81 40
81 41
80 41
80 42
81 42
82 42
82 43
81 43
81 44
81 45
81 46
80 46
79 46
79 47
78 47
78 48
79 48
80 47
80 48
80 49
79 49
78 49
78 50
79 50
79 51
78 51
78 52
79 52
80 51
80 52
81 52
81 51
82 51
83 51
83 52
82 52
82 53
83 53
84 52
84 51
85 51
86 51
87 51
87 50
88 50
89 50
90 50
90 49
91 49
92 49
92 48
92 47
93 47
94 47
94 48
94 49
95 49
96 49
96 48
97 48
97 49
98 49
99 49
99 48
100 48
100 49
101 49
101 48
102 48
103 48
104 48
104 47
103 47
103 46
104 46
105 46
105 47
105 48
106 48
107 48
107 47
108 47
108 48
108 49
109 49
110 49
111 49
112 49
112 50
113 50
114 50
115 50
116 50
116 51
117 51
118 51
119 51
120 51
120 52
121 52
121 53
120 53
120 54
121 54
122 54
122 55
122 56
123 56
123 57
124 57
125 57
125 58
124 58
123 58
123 59
124 59
124 60
124 61
123 61
123 62
124 62
124 63
123 63
123 64
122 64
122 65
121 65
120 65
120 66
120 67
119 67
119 68
118 68
117 68
117 69
116 69
116 70
115 70
114 70
114 69
113 69
113 70
114 71
113 71
112 71
111 71
110 71
110 72
109 72
109 71
108 71
108 72
107 72
106 72
106 71
107 71
107 70
106 70
105 71
104 71
104 72
105 72
106 73
105 73
104 73
103 73
102 73
101 73
100 73
99 73
99 74
99 75
98 75
97 75
97 74
96 74
96 73
97 73
97 72
98 72
98 71
97 71
96 72
95 73
95 74
95 75
94 75
94 74
94 73
93 73
93 74
92 74
92 73
91 73
91 74
90 74
89 74
88 74
87 74
86 74
85 74
84 74
84 73
83 73
83 74
83 75
82 75
82 76
82 77
83 77
83 78
84 78
84 79
84 80
85 80
85 81
85 82
86 82
86 83
87 83
87 84
86 84
86 85
85 85
85 86
86 86
87 85
87 86
88 86
88 85
89 85
89 86
90 86
90 87
89 87
88 87
88 88
88 89
89 89
89 90
90 90
90 91
90 92
89 92
89 93
89 94
90 94
90 93
91 93
91 94
92 94
93 94
93 95
93 96
92 96
92 95
91 95
91 96
90 96
90 97
90 98
91 98
91 99
92 99
92 98
91 97
92 97
93 97
93 98
93 99
94 99
94 100
93 100
93 101
93 102
93 103
94 103
94 104
93 104
93 105
94 105
94 106
93 106
93 107
94 107
95 107
95 108
94 108
94 109
94 110
95 110
95 111
94 111
94 112
93 112
93 113
93 114
93 115
92 115
92 116
92 117
91 117
91 116
90 116
90 117
91 118
90 118
90 119
89 119
89 118
88 118
88 119
87 119
86 119
86 118
85 118
85 119
86 120
85 120
84 120
83 120
83 119
82 119
81 119
81 118
80 118
79 118
79 117
78 117
78 116
77 116
77 115
77 114
76 114
76 113
77 113
78 113
78 112
77 112
76 112
75 112
75 113
74 113
74 112
73 112
73 111
72 111
72 110
72 109
71 109
70 109
70 108
71 108
71 107
70 107
70 106
69 106
68 106
68 105
69 105
70 105
71 105
71 104
70 104
69 104
69 103
68 103
68 102
67 102
66 102
66 101
66 100
66 99
66 98
66 97
65 97
65 96
65 95
64 95
64 94
63 94
62 94
62 93
63 93
64 93
64 92
63 92
62 92
62 91
63 91
63 90
64 90
64 89
65 89
65 88
65 87
65 86
66 86
66 85
65 85
64 86
64 87
64 88
63 89
62 90
62 89
62 88
62 87
63 87
63 86
62 86
61 86
61 85
60 85
60 84
59 84
58 84
58 85
57 85
57 86
57 87
57 88
58 88
58 89
57 89
56 89
55 89
55 88
54 88
54 89
54 90
53 90
53 91
52 91
52 92
52 93
52 94
51 94
51 95
50 95
49 95
48 95
48 96
47 96
47 97
46 97
46 98
46 99
45 99
45 98
44 98
43 98
42 98
42 99
41 99
41 100
42 100
43 99
44 99
44 100
44 101
43 101
43 102
43 103
42 103
42 102
42 101
41 101
41 102
41 103
40 103
40 102
40 101
39 101
38 101
38 102
39 102
39 103
38 103
38 104
37 104
37 103
36 103
36 102
35 102
35 103
36 104
37 105
36 105
35 105
34 105
33 105
32 105
32 104
31 104
31 103
31 102
30 102
30 103
30 104
31 105
30 105
30 106
30 107
29 107
29 106
28 106
27 106
27 105
27 104
28 104
29 104
29 103
28 103
27 103
26 104
26 105
26 106
27 107
26 107
26 108
26 109
25 109
24 109
24 108
24 107
23 107
23 106
23 105
24 105
24 104
24 103
23 103
23 104
22 105
22 106
21 106
21 105
20 105
20 104
19 104
19 103
18 103
18 102
18 101
19 101
19 100
20 100
20 99
21 99
21 98
20 98
19 99
18 100
18 99
17 99
17 98
17 97
18 97
18 96
18 95
19 95
20 95
20 94
19 94
19 93
20 93
20 92
19 92
19 91
20 91
20 90
21 90
21 89
21 88
22 88
22 87
23 87
23 86
24 86
24 85
23 85
23 84
22 84
22 83
23 83
24 83
25 83
26 83
26 82
27 82
28 82
28 81
28 80
29 80
29 79
29 78
30 78
30 79
30 80
31 80
31 79
31 78
31 77
32 77
33 77
33 76
34 76
34 75
35 75
35 76
36 76
36 75
35 74
36 74
36 73
37 73
37 72
38 72
39 72
40 72
40 71
39 71
39 70
40 70
41 70
42 70
42 69
43 69
43 68
43 67
44 67
45 67
45 66
44 66
44 65
44 64
45 64
45 65
46 65
46 64
45 63
44 63
43 64
43 65
42 65
42 64
41 64
41 65
40 65
40 64
40 63
39 63
39 64
39 65
38 65
38 64
37 64
37 63
37 62
36 62
36 61
35 61
34 61
33 61
33 60
32 60
32 61
31 61
31 60
31 59
30 59
30 60
29 60
29 59
28 59
28 58
28 57
28 56
27 56
27 57
26 57
26 56
25 56
25 55
25 54
24 54
23 54
23 53
22 53
21 53
21 52
20 52
20 51
19 51
18 51
18 50
18 49
19 49
19 48
19 47
19 46
18 46
18 47
18 48
17 49
17 48
16 48
16 47
17 47
17 46
16 46
15 47
15 46
14 46
14 45
13 45
13 44
13 43
12 43
12 42
13 42
13 41
12 41
12 40
12 39
12 38
12 37
11 37
11 36
12 36
12 35
13 35
14 35
14 34
15 34
15 33
14 33
14 32
13 32
13 31
13 30
14 30
14 31
15 31
15 32
16 32
16 31
17 31
18 31
18 32
17 32
17 33
18 33
19 32
19 31
19 30
20 30
21 30
22 30
22 31
23 31
23 30
24 30
24 31
25 31
25 30
26 30
26 29
27 29
27 30
28 30
28 31
29 31
30 31
30 32
31 32
31 31
31 30
32 30
32 31
32 32
33 32
33 33
34 33
34 34
35 34
36 34
37 34
38 34
38 35
39 35
39 36
40 36
41 36
41 37
42 37
43 37
43 38
44 38
45 38
45 39
46 39
46 40
45 40
45 41
46 41
47 40
48 40
48 41
49 41
49 42
50 42
50 43
51 43
52 43
52 44
52 45
51 45
51 46
52 46
53 45
53 46
53 47
54 47
54 46
55 46
56 46
57 46
58 46
59 46
59 45
58 45
57 45
57 44
58 44
58 43
59 43
59 42
60 42
60 41
59 41
58 41
58 42
57 42
57 41
57 40
58 40
58 39
57 39
57 38
58 38
58 37
58 36
58 35
58 34
57 34
57 33
58 33
59 33
59 32
60 32
60 33
61 33
61 32
60 31
59 31
59 30
59 29
60 29
60 28
61 28
61 27
60 27
60 26
60 25
61 25
61 24
60 24
59 24
59 25
58 25
58 24
57 24
56 24
56 23
56 22
57 22
57 23
58 23
59 23
59 22
60 22
60 23
61 23
61 22
62 22
63 22
63 21
63 20
62 20
62 19
63 19
64 19
64 18
63 18
63 17
64 17
64 16
65 16
65 17
66 17
66 16
65 15
64 15
64 14
65 14
66 14
66 15
67 15
67 14
68 14
68 15
69 15
69 14
68 13
67 13
66 13
66 12
67 12
67 11
68 11
68 10
68 9
69 9
70 10
69 10
69 11
70 11
71 10
