343 105
342 105
342 106
342 107
342 108
342 109
342 110
342 111
342 112
343 112
343 113
343 114
343 115
342 115
341 115
341 116
340 116
340 117
341 117
341 118
342 118
343 118
343 119
342 119
342 120
341 120
341 119
340 119
340 120
341 120
341 121
340 121
340 122
341 122
341 123
340 123
339 123
339 124
340 124
341 124
342 124
342 125
341 125
341 126
340 126
340 125
339 125
338 125
338 126
339 126
339 127
338 127
338 128
339 128
340 128
340 129
339 129
338 129
338 130
338 131
338 132
339 132
339 133
338 133
337 133
337 134
337 135
338 135
338 134
339 134
339 135
339 136
338 136
337 136
336 136
336 137
337 137
338 137
338 138
337 138
336 138
336 139
335 139
335 140
336 140
336 139
337 139
337 140
337 141
336 141
336 142
335 142
334 142
334 143
333 143
333 144
334 144
335 144
336 144
336 145
335 145
335 146
334 146
334 147
334 148
334 149
333 149
333 150
332 150
332 151
332 152
332 153
331 153
331 154
331 155
330 155
330 156
331 156
331 155
332 155
333 155
333 156
332 156
332 157
331 157
330 157
330 158
331 158
331 159
330 159
330 160
329 160
329 161
329 162
328 162
328 163
329 163
329 164
328 164
328 165
327 165
327 166
327 167
326 167
326 168
326 169
326 170
325 170
325 171
325 172
324 172
324 173
324 174
324 175
323 175
323 176
323 177
322 177
322 178
322 179
322 180
321 180
321 181
321 182
320 182
320 183
320 184
319 184
319 185
319 186
319 187
318 187
318 188
318 189
317 189
317 190
317 191
317 192
316 192
316 193
316 194
316 195
315 195
315 196
315 197
315 198
315 199
314 199
314 200
314 201
314 202
315 202
315 203
315 204
316 204
316 205
317 205
318 205
319 205
319 206
320 206
321 206
322 206
323 206
324 206
325 206
326 206
327 206
328 206
329 206
330 206
331 206
332 206
333 206
333 205
334 205
335 205
336 205
337 205
338 205
339 205
340 205
341 205
342 205
343 205
344 205
344 204
345 204
346 204
347 204
348 204
349 204
350 204
351 204
352 204
353 204
354 204
355 204
356 204
357 204
358 204
359 204
360 204
360 203
361 203
362 203
363 203
364 203
365 203
366 203
367 203
368 203
369 203
370 203
371 203
372 203
373 203
374 203
375 203
376 203
377 203
378 203
379 203
380 203
381 203
382 203
383 203
384 203
384 204
385 204
386 204
387 204
388 204
389 204
390 204
391 204
392 204
393 204
394 204
395 204
396 204
397 204
397 205
398 205
399 205
400 205
401 205
402 205
403 205
404 205
404 206
405 206
406 206
407 206
408 206
409 206
410 206
410 207
411 207
412 207
413 207
414 207
415 207
415 208
416 208
417 208
418 208
419 208
420 208
420 209
421 209
422 209
423 209
423 210
424 210
425 210
426 210
427 210
427 211
428 211
429 211
430 211
430 212
431 212
432 212
433 212
433 213
434 213
435 213
435 214
436 214
437 214
438 214
438 215
439 215
440 215
440 216
441 216
442 216
442 217
443 217
444 217
444 218
445 218
446 218
446 219
447 219
448 219
448 220
449 220
450 220
450 221
451 221
451 222
452 222
453 222
453 223
454 223
454 224
455 224
455 225
456 225
457 225
457 226
458 226
458 227
459 227
459 228
460 228
460 229
461 229
461 230
462 230
462 231
463 231
463 232
464 232
464 233
464 234
465 234
465 235
466 235
466 236
466 237
467 237
467 238
468 238
468 239
468 240
468 241
469 241
469 242
469 243
469 244
470 244
470 245
470 246
470 247
470 248
470 249
470 250
471 250
471 251
470 251
470 252
470 253
470 254
470 255
470 256
470 257
469 257
469 258
469 259
469 260
468 260
468 261
468 262
468 263
467 263
467 264
466 264
466 265
466 266
465 266
465 267
464 267
464 268
464 269
463 269
463 270
462 270
462 271
461 271
461 272
460 272
460 273
459 273
459 274
458 274
458 275
457 275
457 276
456 276
455 276
455 277
454 277
454 278
453 278
453 279
452 279
451 279
451 280
450 280
450 281
449 281
448 281
448 282
447 282
446 282
446 283
445 283
444 283
444 284
443 284
442 284
442 285
441 285
440 285
440 286
439 286
438 286
438 287
437 287
436 287
435 287
435 288
434 288
433 288
433 289
432 289
431 289
430 289
430 290
429 290
428 290
427 290
427 291
426 291
425 291
424 291
423 291
423 292
422 292
421 292
420 292
420 293
419 293
418 293
417 293
416 293
415 293
415 294
414 294
413 294
412 294
411 294
410 294
410 295
409 295
408 295
407 295
406 295
405 295
404 295
404 296
403 296
402 296
401 296
400 296
399 296
398 296
397 296
397 297
396 297
395 297
394 297
393 297
392 297
391 297
390 297
389 297
388 297
387 297
386 297
385 297
384 297
384 298
383 298
382 298
381 298
380 298
379 298
378 298
377 298
376 298
375 298
374 298
373 298
372 298
371 298
370 298
369 298
368 298
367 298
366 298
365 298
364 298
363 298
362 298
361 298
360 298
360 297
359 297
358 297
357 297
356 297
355 297
354 297
353 297
352 297
351 297
350 297
349 297
348 297
347 297
346 297
345 297
344 297
344 296
343 296
342 296
341 296
340 296
339 296
338 296
337 296
336 296
335 296
334 296
333 296
333 295
332 295
331 295
330 295
329 295
328 295
327 295
326 295
325 295
324 295
323 295
322 295
321 295
320 295
319 295
319 296
318 296
317 296
316 296
316 297
315 297
315 298
315 299
314 299
314 300
314 301
314 302
315 302
315 303
315 304
315 305
315 306
316 306
316 307
316 308
316 309
317 309
317 310
317 311
317 312
318 312
318 313
318 314
319 314
319 315
319 316
319 317
320 317
320 318
320 319
321 319
321 320
321 321
322 321
322 322
322 323
322 324
323 324
323 325
323 326
324 326
324 327
324 328
324 329
325 329
325 330
325 331
326 331
326 332
326 333
326 334
327 334
327 335
327 336
328 336
328 337
328 338
328 339
329 339
329 340
329 341
330 341
330 342
330 343
330 344
331 344
331 345
331 346
331 347
332 347
332 348
332 349
332 350
333 350
333 351
333 352
333 353
334 353
334 354
334 355
334 356
335 356
335 357
335 358
335 359
335 360
336 360
336 361
336 362
336 363
337 363
337 364
337 365
337 366
337 367
338 367
338 368
338 369
338 370
338 371
339 371
339 372
339 373
339 374
339 375
339 376
340 376
340 377
340 378
340 379
340 380
340 381
341 381
341 382
341 383
341 384
341 385
341 386
341 387
342 387
342 388
342 389
342 390
342 391
342 392
342 393
342 394
342 395
342 396
343 396
343 397
343 398
343 399
343 400
343 401
343 402
343 403
343 404
343 405
343 406
343 407
343 408
343 409
343 410
343 411
343 412
343 413
343 414
343 415
343 416
343 417
343 418
343 419
342 419
342 420
342 421
342 422
342 423
342 424
342 425
342 426
341 426
341 427
341 428
341 429
341 430
341 431
341 432
342 432
342 433
341 433
340 433
339 433
339 434
339 435
340 435
340 434
341 434
341 435
341 436
342 436
342 437
341 437
341 438
340 438
340 437
340 436
339 436
339 437
338 437
338 436
337 436
337 437
337 438
336 438
336 439
337 439
337 438
338 438
339 438
339 439
338 439
338 440
338 441
337 441
337 440
336 440
336 441
337 441
337 442
338 442
338 443
337 443
337 444
336 444
335 444
335 445
335 446
336 446
336 447
335 447
334 447
334 448
333 448
333 449
332 449
332 450
333 450
333 451
332 451
332 452
331 452
331 453
331 454
330 454
330 455
329 455
329 454
328 454
328 455
327 455
327 456
328 456
328 457
327 457
326 457
326 458
325 458
325 459
324 459
324 458
324 457
323 457
323 458
323 459
323 460
322 460
322 459
321 459
321 458
320 458
320 459
321 459
321 460
320 460
319 460
318 460
317 460
317 459
316 459
316 460
316 461
316 462
316 463
315 463
315 462
315 461
314 461
313 461
312 461
311 461
310 461
310 462
309 462
308 462
307 462
307 461
308 461
308 460
307 460
307 459
306 459
305 459
304 459
303 459
303 458
302 458
302 459
301 459
301 458
301 457
300 457
299 457
299 458
298 458
298 457
297 457
297 458
296 458
296 457
295 457
294 457
294 458
294 459
293 459
293 460
292 460
292 459
292 458
293 458
293 457
292 457
292 456
292 455
291 455
291 454
290 454
289 454
289 453
288 453
288 452
287 452
286 452
286 451
285 451
285 450
284 450
284 449
283 449
283 448
282 448
282 447
281 447
281 446
280 446
280 445
279 445
279 444
278 444
278 443
277 443
277 442
276 442
276 441
275 441
275 440
274 440
274 439
273 439
273 438
272 438
272 437
271 437
271 436
271 435
270 435
270 434
269 434
269 433
268 433
268 432
268 431
267 431
267 430
266 430
266 429
266 428
265 428
265 427
264 427
264 426
264 425
263 425
263 424
262 424
262 423
262 422
261 422
261 421
261 420
260 420
260 419
259 419
259 418
259 417
258 417
258 416
258 415
257 415
257 414
257 413
256 413
256 412
256 411
255 411
255 410
255 409
254 409
254 408
254 407
253 407
253 406
253 405
252 405
252 404
252 403
251 403
251 402
251 401
251 400
250 400
250 399
250 398
249 398
249 397
249 396
248 396
248 395
248 394
248 393
247 393
247 392
247 391
247 390
246 390
246 389
246 388
245 388
245 387
245 386
245 385
244 385
244 384
244 383
244 382
243 382
243 381
243 380
243 379
242 379
242 378
242 377
242 376
241 376
241 375
241 374
241 373
241 372
240 372
240 371
240 370
240 369
239 369
239 368
239 367
239 366
239 365
238 365
238 364
238 363
238 362
238 361
237 361
237 360
237 359
237 358
237 357
236 357
236 356
236 355
236 354
236 353
235 353
235 352
235 351
235 350
235 349
234 349
234 348
234 347
234 346
234 345
234 344
233 344
233 343
233 342
233 341
233 340
232 340
232 339
232 338
232 337
232 336
231 336
231 335
231 334
231 333
230 333
230 332
230 331
229 331
229 330
229 329
228 329
228 328
227 328
227 327
226 327
225 327
225 326
224 326
223 326
223 327
222 327
221 327
221 328
220 328
219 328
219 329
218 329
218 330
217 330
216 330
216 331
215 331
215 332
214 332
214 333
213 333
213 334
212 334
211 334
211 335
210 335
210 336
209 336
209 337
208 337
208 338
207 338
207 339
206 339
206 340
205 340
204 340
204 341
203 341
203 342
202 342
202 343
201 343
201 344
200 344
200 345
199 345
199 346
198 346
197 346
197 347
196 347
196 348
195 348
195 349
194 349
194 350
193 350
193 351
192 351
191 351
191 352
190 352
190 353
189 353
189 354
188 354
187 354
187 355
186 355
186 356
185 356
185 357
184 357
184 358
183 358
182 358
182 359
181 359
181 360
180 360
180 361
179 361
178 361
178 362
177 362
177 363
176 363
175 363
175 364
174 364
174 365
173 365
172 365
172 366
171 366
171 367
170 367
169 367
169 368
168 368
168 369
167 369
166 369
166 370
165 370
165 371
164 371
163 371
163 372
162 372
161 372
161 373
160 373
160 374
159 374
158 374
158 375
157 375
156 375
156 376
155 376
154 376
154 377
153 377
152 377
152 378
151 378
150 378
150 379
149 379
148 379
148 380
147 380
146 380
146 381
145 381
144 381
144 382
143 382
142 382
142 383
141 383
140 383
139 383
139 384
138 384
137 384
137 385
136 385
135 385
134 385
134 386
133 386
132 386
131 386
131 387
130 387
129 387
128 387
128 388
127 388
126 388
125 388
125 389
124 389
123 389
122 389
121 389
121 390
120 390
119 390
118 390
117 390
116 390
116 391
115 391
114 391
113 391
112 391
111 391
110 391
110 392
109 392
108 392
107 392
106 392
105 392
104 392
103 392
102 392
101 392
100 392
99 392
98 392
97 392
96 392
95 392
94 392
94 391
93 391
92 391
91 391
90 391
89 391
89 390
88 390
87 390
86 390
86 389
85 389
84 389
84 388
83 388
82 388
81 388
81 387
80 387
80 386
79 386
78 386
78 385
77 385
77 384
76 384
76 383
75 383
75 382
74 382
74 381
73 381
73 380
72 380
72 379
72 378
71 378
71 377
70 377
70 376
70 375
70 374
69 374
69 373
69 372
69 371
68 371
68 370
68 369
68 368
68 367
68 366
68 365
67 365
67 364
67 363
67 362
67 361
68 361
68 360
68 359
68 358
68 357
68 356
68 355
68 354
69 354
69 353
69 352
69 351
69 350
70 350
70 349
70 348
70 347
71 347
71 346
71 345
71 344
72 344
72 343
72 342
73 342
73 341
73 340
73 339
74 339
74 338
74 337
75 337
75 336
75 335
76 335
76 334
77 334
77 333
77 332
78 332
78 331
78 330
79 330
79 329
80 329
80 328
80 327
81 327
81 326
82 326
82 325
82 324
83 324
83 323
84 323
84 322
85 322
85 321
85 320
86 320
86 319
87 319
87 318
88 318
88 317
89 317
89 316
89 315
90 315
90 314
91 314
91 313
92 313
92 312
93 312
93 311
94 311
94 310
95 310
95 309
96 309
96 308
97 308
97 307
98 307
98 306
99 306
99 305
100 305
101 305
101 304
102 304
102 303
102 302
103 302
103 301
104 301
104 300
105 300
105 299
106 299
107 299
107 298
107 297
108 297
109 297
109 296
110 296
111 296
111 295
112 295
112 294
112 293
113 293
114 293
114 292
114 291
115 291
116 291
116 290
117 290
117 289
118 289
118 288
119 288
120 288
121 288
122 288
122 287
122 286
122 285
123 285
124 285
124 284
125 284
125 283
126 283
127 283
127 282
127 281
128 281
128 282
129 282
129 281
130 281
130 280
130 279
131 279
132 279
132 278
133 278
133 277
134 277
135 277
135 276
136 276
136 277
137 277
137 276
137 275
138 275
139 275
139 274
139 273
140 273
141 273
141 272
142 272
143 272
143 271
144 271
144 270
145 270
146 270
146 269
147 269
147 268
148 268
148 269
149 269
149 268
150 268
151 268
151 267
152 267
152 266
152 265
153 265
154 265
155 265
155 264
155 263
156 263
157 263
157 262
158 262
159 262
159 261
160 261
161 261
161 260
162 260
162 259
163 259
164 259
164 258
165 258
165 257
166 257
166 256
167 256
168 256
168 255
169 255
169 254
169 253
170 253
170 252
170 251
170 250
170 249
170 248
169 248
169 247
169 246
168 246
168 245
167 245
166 245
166 244
165 244
165 243
164 243
164 242
163 242
162 242
162 241
161 241
161 240
160 240
159 240
159 239
158 239
157 239
157 238
156 238
156 237
155 237
154 237
154 236
153 236
152 236
152 235
151 235
151 234
150 234
149 234
149 233
148 233
147 233
147 232
146 232
146 231
145 231
144 231
144 230
143 230
143 229
142 229
141 229
141 228
140 228
139 228
139 227
138 227
138 226
137 226
136 226
136 225
135 225
135 224
134 224
133 224
133 223
132 223
132 222
131 222
130 222
130 221
129 221
129 220
128 220
127 220
127 219
126 219
126 218
125 218
125 217
124 217
123 217
123 216
122 216
122 215
121 215
121 214
120 214
119 214
119 213
118 213
118 212
117 212
117 211
116 211
115 211
115 210
114 210
114 209
113 209
113 208
112 208
112 207
111 207
111 206
110 206
109 206
109 205
108 205
108 204
107 204
107 203
106 203
106 202
105 202
105 201
104 201
104 200
103 200
103 199
102 199
102 198
101 198
101 197
100 197
100 196
99 196
99 195
98 195
98 194
97 194
97 193
96 193
96 192
95 192
95 191
94 191
94 190
93 190
93 189
92 189
92 188
91 188
91 187
90 187
90 186
89 186
89 185
89 184
88 184
88 183
87 183
87 182
86 182
86 181
85 181
85 180
85 179
84 179
84 178
83 178
83 177
82 177
82 176
82 175
81 175
81 174
80 174
80 173
80 172
79 172
79 171
78 171
78 170
78 169
77 169
77 168
77 167
76 167
76 166
75 166
75 165
75 164
74 164
74 163
74 162
73 162
73 161
73 160
73 159
72 159
72 158
72 157
71 157
71 156
71 155
71 154
70 154
70 153
70 152
70 151
69 151
69 150
69 149
69 148
69 147
68 147
68 146
68 145
68 144
68 143
68 142
68 141
68 140
67 140
67 139
67 138
67 137
67 136
68 136
68 135
68 134
68 133
68 132
68 131
68 130
69 130
69 129
69 128
69 127
70 127
70 126
70 125
70 124
71 124
71 123
72 123
72 122
72 121
73 121
73 120
74 120
74 119
75 119
75 118
76 118
76 117
77 117
77 116
78 116
78 115
79 115
80 115
80 114
81 114
81 113
82 113
83 113
84 113
84 112
85 112
86 112
86 111
87 111
88 111
89 111
89 110
90 110
91 110
92 110
93 110
94 110
94 109
95 109
96 109
97 109
98 109
99 109
100 109
101 109
102 109
103 109
104 109
105 109
106 109
107 109
108 109
109 109
110 109
110 110
111 110
112 110
113 110
114 110
115 110
116 110
116 111
117 111
118 111
119 111
120 111
121 111
121 112
122 112
123 112
124 112
125 112
125 113
126 113
127 113
128 113
128 114
129 114
130 114
131 114
131 115
132 115
133 115
134 115
134 116
135 116
136 116
137 116
137 117
138 117
139 117
139 118
140 118
141 118
142 118
142 119
143 119
144 119
144 120
145 120
146 120
146 121
147 121
148 121
148 122
149 122
150 122
150 123
151 123
152 123
152 124
153 124
154 124
154 125
155 125
156 125
156 126
157 126
158 126
158 127
159 127
160 127
160 128
161 128
161 129
162 129
163 129
163 130
164 130
165 130
165 131
166 131
166 132
167 132
168 132
168 133
169 133
169 134
170 134
171 134
171 135
172 135
172 136
173 136
174 136
174 137
175 137
175 138
176 138
177 138
177 139
178 139
178 140
179 140
180 140
180 141
181 141
181 142
182 142
182 143
183 143
184 143
184 144
185 144
185 145
186 145
186 146
187 146
187 147
188 147
189 147
189 148
190 148
190 149
191 149
191 150
192 150
193 150
193 151
194 151
194 152
195 152
195 153
196 153
196 154
197 154
197 155
198 155
199 155
199 156
200 156
200 157
201 157
201 158
202 158
202 159
203 159
203 160
204 160
204 161
205 161
206 161
206 162
207 162
207 163
208 163
208 164
209 164
209 165
210 165
210 166
211 166
211 167
212 167
213 167
213 168
214 168
214 169
215 169
215 170
216 170
216 171
217 171
218 171
218 172
219 172
219 173
220 173
221 173
221 174
222 174
223 174
223 175
224 175
225 175
225 174
226 174
227 174
227 173
228 173
228 172
229 172
229 171
229 170
230 170
230 169
230 168
231 168
231 167
231 166
231 165
232 165
232 164
232 163
232 162
232 161
233 161
233 160
233 159
233 158
233 157
234 157
234 156
234 155
234 154
234 153
234 152
235 152
235 151
235 150
235 149
235 148
236 148
236 147
236 146
236 145
236 144
237 144
237 143
237 142
237 141
237 140
238 140
238 139
238 138
238 137
238 136
239 136
239 135
239 134
239 133
239 132
240 132
240 131
240 130
240 129
241 129
241 128
241 127
241 126
241 125
242 125
242 124
242 123
242 122
243 122
243 121
243 120
243 119
244 119
244 118
244 117
244 116
245 116
245 115
245 114
245 113
246 113
246 112
246 111
247 111
247 110
247 109
247 108
248 108
248 107
248 106
248 105
249 105
249 104
249 103
250 103
250 102
250 101
250 100
251 100
251 99
251 98
252 98
252 97
252 96
253 96
253 95
253 94
254 94
254 93
254 92
255 92
255 91
255 90
256 90
256 89
256 88
257 88
257 87
257 86
258 86
258 85
258 84
259 84
259 83
259 82
260 82
260 81
261 81
261 80
261 79
262 79
262 78
262 77
263 77
263 76
264 76
264 75
264 74
265 74
265 73
266 73
266 72
266 71
267 71
267 70
268 70
268 69
268 68
269 68
269 67
270 67
270 66
271 66
271 65
271 64
272 64
272 63
273 63
273 62
274 62
274 61
275 61
275 60
276 60
276 59
277 59
277 58
278 58
278 57
279 57
279 56
280 56
280 55
281 55
281 54
282 54
282 53
283 53
283 52
284 52
284 51
285 51
285 50
286 50
286 49
287 49
288 49
288 48
289 48
289 47
290 47
291 47
291 46
292 46
292 45
293 45
294 45
294 44
295 44
296 44
296 43
297 43
298 43
299 43
299 42
300 42
301 42
301 41
302 41
303 41
304 41
305 41
306 41
306 40
307 40
308 40
309 40
310 40
311 40
312 40
313 40
314 40
315 40
315 41
316 41
317 41
318 41
319 41
319 42
320 42
321 42
322 42
322 43
323 43
323 44
324 44
325 44
325 45
326 45
326 46
327 46
328 46
328 47
329 47
329 48
330 48
330 49
331 49
331 50
331 51
332 51
332 52
333 52
333 53
334 53
334 54
334 55
335 55
335 56
335 57
336 57
336 58
336 59
337 59
337 60
337 61
338 61
338 62
338 63
338 64
339 64
339 65
339 66
339 67
340 67
340 68
340 69
340 70
341 70
341 71
341 72
341 73
341 74
341 75
342 75
342 76
342 77
342 78
342 79
342 80
342 81
342 82
343 82
343 83
343 84
343 85
343 86
343 87
343 88
343 89
343 90
343 91
343 92
343 93
343 94
343 95
343 96
343 97
343 98
343 99
343 100
343 101
343 102
343 103
343 104
343 105
