772
431 95
439 108
440 110
442 113
444 116
446 118
448 121
451 124
453 127
455 130
457 133
459 136
461 139
462 142
464 146
466 149
468 152
469 155
471 158
473 161
475 164
477 167
478 170
480 173
481 177
483 179
484 182
485 185
487 187
488 189
489 191
490 193
491 194
492 195
493 196
494 197
494 198
495 199
495 200
495 201
495 202
496 203
497 204
497 205
498 205
499 205
500 205
501 205
502 205
504 205
505 205
507 205
509 205
511 205
512 206
514 206
516 206
519 206
521 206
523 206
526 206
528 206
531 206
533 206
536 206
539 205
541 205
544 205
547 205
549 205
552 205
554 205
557 206
559 206
561 206
564 206
566 206
568 206
570 206
572 206
574 206
576 206
577 206
579 206
581 206
582 206
584 206
585 206
587 206
588 206
589 206
590 206
591 206
592 206
593 206
594 206
594 207
595 207
596 208
596 209
597 209
597 210
597 211
597 212
598 213
598 214
598 216
598 217
598 219
598 221
598 223
598 226
598 228
598 231
598 234
598 237
597 240
597 244
597 247
596 251
596 254
596 257
596 260
596 264
596 267
596 269
596 272
596 275
596 277
596 280
596 282
596 285
596 287
596 289
596 291
596 293
596 294
596 295
596 296
596 297
596 298
597 299
597 300
597 301
597 302
597 303
597 304
597 305
597 306
597 307
596 307
596 308
595 308
594 308
593 308
592 308
591 308
590 308
588 308
586 308
585 308
583 308
581 308
578 308
576 308
574 308
571 308
568 308
565 308
562 308
559 308
556 308
553 308
549 308
546 309
543 309
540 309
537 309
533 309
530 309
527 309
524 309
521 309
518 309
515 309
512 309
510 309
507 309
505 309
502 309
500 309
498 309
496 309
494 309
493 309
492 309
491 309
490 309
489 309
488 309
488 310
488 311
488 312
488 313
488 314
488 315
488 316
488 318
488 319
488 321
488 323
488 326
487 328
487 331
487 334
487 337
487 340
486 343
486 346
486 350
486 353
486 356
486 359
486 362
486 364
486 367
486 369
486 371
485 373
485 375
485 376
485 378
484 379
484 381
484 382
484 383
483 383
483 384
483 385
482 386
482 387
481 387
480 387
480 388
479 388
478 388
477 388
475 388
474 388
473 388
471 388
469 388
468 388
466 388
463 387
461 387
458 387
456 388
453 388
450 388
447 388
444 389
440 389
437 390
434 390
431 390
427 391
424 391
421 391
418 392
416 392
413 392
411 393
408 393
406 393
405 393
403 394
401 394
400 394
399 394
398 394
397 393
396 393
395 393
395 392
395 391
395 390
395 389
395 388
395 387
395 386
395 385
395 384
395 382
395 380
395 378
396 376
396 374
396 372
396 369
396 367
396 364
396 361
396 358
396 355
396 352
396 349
396 346
396 343
396 341
396 338
396 335
396 332
396 330
396 327
396 325
396 323
395 321
395 319
395 318
395 316
395 314
395 313
395 311
395 310
395 309
395 308
395 307
395 306
395 305
394 304
394 303
394 302
393 302
392 301
391 301
390 301
389 301
388 301
387 301
386 301
384 301
383 301
381 301
379 300
377 300
375 300
373 299
370 299
367 299
364 298
361 298
358 298
355 297
352 297
348 297
345 296
341 296
337 296
333 296
329 296
325 297
321 297
317 297
312 297
308 297
304 298
301 298
297 298
293 298
290 298
287 298
284 298
281 298
279 298
277 298
275 298
273 298
271 298
270 298
269 298
268 299
267 299
267 300
267 301
268 302
268 303
269 304
269 305
270 307
270 308
270 311
271 313
271 315
271 318
271 321
271 324
271 327
271 331
271 334
271 338
271 341
271 344
271 348
272 351
272 354
272 356
272 359
272 362
272 364
271 367
271 369
271 371
271 373
270 375
270 377
270 378
270 379
270 381
270 382
270 383
269 383
269 384
269 385
269 386
269 387
268 387
268 388
268 389
268 390
267 390
266 389
265 389
264 389
263 388
262 388
261 388
260 388
258 387
257 387
255 387
253 387
251 387
248 387
246 387
243 387
241 387
238 387
236 387
233 387
231 388
228 388
226 389
223 389
220 390
218 391
215 392
213 392
211 393
209 393
207 393
205 394
203 394
201 394
200 394
199 394
197 394
196 393
195 393
194 393
193 392
192 392
192 391
191 390
191 389
190 388
190 387
190 385
189 384
189 382
189 381
189 379
188 377
188 375
188 373
188 371
188 369
188 366
188 363
188 360
188 357
188 354
187 351
187 348
187 345
187 342
187 339
187 336
186 333
186 330
186 327
186 324
186 321
186 319
186 317
186 315
186 313
186 312
185 311
185 309
185 308
185 307
185 306
184 305
184 304
184 303
184 302
183 301
182 301
181 301
180 301
179 301
178 300
177 300
176 300
174 300
173 299
171 299
169 299
167 299
165 300
162 300
160 300
157 300
154 300
152 300
149 300
146 300
143 300
140 300
137 300
134 300
131 300
128 301
126 301
123 301
121 301
119 302
117 302
115 302
113 302
111 302
109 302
108 302
107 302
106 303
105 303
104 303
103 302
104 301
104 300
105 299
105 298
106 297
106 295
106 294
106 293
106 291
106 289
106 287
106 285
105 282
105 279
105 276
104 273
104 270
103 266
103 263
102 260
102 257
102 253
101 250
101 247
101 244
100 241
100 238
100 234
100 231
99 228
99 225
99 222
98 219
98 216
97 214
97 211
96 209
95 207
95 205
94 204
94 202
93 200
93 199
92 198
92 196
92 195
92 194
92 193
93 193
94 193
95 193
96 193
98 193
100 192
102 192
104 192
106 193
109 193
112 193
115 193
118 193
122 193
125 193
129 193
132 193
136 193
140 193
144 193
148 193
152 193
155 193
159 193
162 192
165 192
169 192
171 192
174 191
176 191
178 191
179 191
181 190
182 190
183 190
184 190
185 190
186 190
185 189
185 188
184 187
184 186
184 184
183 183
183 182
183 180
183 179
182 177
182 175
181 173
181 171
180 169
180 166
179 164
179 162
178 159
178 156
177 154
177 151
177 148
176 146
176 143
175 141
175 138
174 136
174 133
173 131
173 129
172 127
172 124
171 122
171 120
171 118
170 116
170 115
169 113
169 112
169 111
168 110
168 109
168 108
167 107
167 106
168 106
169 106
170 106
171 107
172 107
174 107
175 107
177 107
179 107
181 107
184 107
186 107
188 107
191 107
194 107
197 107
200 107
203 107
207 106
210 106
214 106
218 106
222 106
226 105
230 105
235 105
239 105
243 105
247 105
251 104
256 104
260 104
265 104
269 104
274 104
278 104
283 104
288 104
292 104
297 104
302 104
307 105
311 105
316 105
321 105
326 105
330 105
335 106
340 106
344 106
349 106
353 106
358 106
362 107
366 107
370 107
374 107
378 107
381 107
385 107
388 107
391 107
394 107
396 107
399 107
401 107
404 107
406 107
407 107
409 107
410 108
411 108
412 108
413 108
414 108
415 108
416 109
417 109
417 110
416 110
416 109
415 109
