850
378 86
387 93
388 94
389 96
391 97
392 99
394 101
396 103
398 105
400 107
402 109
404 111
406 113
408 116
410 118
412 120
414 122
416 125
418 127
420 129
423 131
425 133
427 135
430 137
432 139
434 142
437 144
439 146
441 148
443 150
445 152
447 154
449 156
451 158
453 160
454 162
456 163
458 165
459 166
460 168
461 169
462 170
463 171
464 172
464 173
465 173
465 174
466 175
467 176
467 177
468 177
468 178
469 178
470 178
471 178
471 177
472 177
473 177
474 177
475 177
476 177
477 177
479 177
480 177
482 177
484 177
485 177
487 176
489 176
491 176
493 176
496 176
498 176
500 176
502 176
505 177
507 177
509 177
511 177
514 177
516 177
518 177
521 177
523 177
525 177
528 177
530 177
532 177
534 178
537 178
539 178
541 178
543 178
545 178
548 178
550 178
552 178
554 178
556 178
558 178
560 178
562 178
564 178
566 178
567 178
569 178
570 178
571 178
572 178
573 178
574 178
575 178
575 179
576 179
576 180
576 181
576 182
576 183
576 184
576 185
576 186
576 188
576 189
576 191
576 192
576 194
576 196
576 199
576 201
576 203
576 206
576 209
576 211
576 214
576 217
577 219
577 222
577 225
577 228
577 230
577 234
577 236
577 240
577 243
577 246
577 249
576 252
576 255
576 257
576 260
576 262
576 264
576 266
576 268
576 269
576 271
576 273
576 274
576 276
576 277
576 279
576 280
576 281
576 282
576 283
575 284
574 284
573 284
572 284
571 283
570 283
569 282
568 282
566 281
565 281
563 280
561 280
559 280
556 279
553 279
551 279
548 279
545 279
542 279
538 279
535 278
531 278
528 278
525 278
521 278
517 278
514 278
510 278
506 278
503 278
499 278
496 278
493 278
490 278
487 277
484 277
481 277
478 277
476 277
474 277
471 277
469 277
467 277
466 278
464 278
463 278
461 278
460 278
459 278
458 278
457 278
456 279
455 279
454 279
454 280
453 280
453 281
453 282
454 283
454 284
454 286
454 287
454 288
455 290
455 292
455 294
455 296
456 298
456 300
456 302
456 304
457 307
457 309
457 311
457 314
457 316
457 318
457 320
457 322
457 324
457 326
457 327
457 329
457 331
457 332
457 334
457 335
457 337
457 338
457 340
457 341
457 342
457 344
457 345
456 346
456 347
456 348
456 349
455 350
455 351
455 352
454 352
454 353
453 354
452 354
451 355
450 355
449 355
448 355
447 355
445 355
444 355
442 355
440 355
438 355
436 355
433 356
431 356
428 356
425 356
422 357
419 357
416 358
412 358
409 359
406 360
402 360
399 360
396 361
393 361
389 361
386 362
383 362
380 362
377 362
374 363
372 363
369 363
366 363
364 363
362 363
360 363
358 363
356 364
354 364
352 364
350 364
349 364
347 365
346 365
345 365
344 365
343 365
342 365
341 365
340 364
340 363
339 363
339 362
339 361
339 359
339 358
338 357
338 355
338 354
338 352
338 350
338 348
338 345
337 343
337 340
337 337
337 334
337 331
337 328
336 324
336 321
336 318
336 315
335 312
335 310
335 307
335 304
334 301
334 299
334 296
334 294
333 292
333 290
333 288
333 286
333 284
333 282
333 281
333 279
332 278
332 277
332 275
332 274
332 273
331 272
331 271
331 270
330 270
329 270
328 270
327 270
326 270
325 270
324 269
323 269
322 269
320 269
319 269
317 269
315 269
313 269
311 268
309 268
307 268
304 268
302 268
299 268
297 268
294 268
291 269
289 269
286 269
283 269
281 269
278 269
275 269
273 269
270 269
267 269
265 269
263 269
260 269
258 269
256 268
254 268
253 268
251 268
249 268
248 268
247 268
246 268
245 269
244 269
243 269
242 269
241 269
241 270
240 270
240 271
240 272
240 273
241 274
241 275
241 276
241 277
241 278
241 280
242 281
242 283
242 285
242 287
243 289
243 291
243 293
243 295
243 298
243 300
243 303
243 305
243 307
243 310
243 312
243 314
243 316
243 319
244 321
244 323
244 325
245 327
245 329
245 332
245 334
246 336
246 338
246 340
246 341
246 343
246 345
246 346
246 348
246 349
246 351
246 352
247 354
247 355
247 356
247 357
247 358
247 359
247 360
246 361
245 361
244 361
243 360
242 361
241 361
240 361
239 361
237 361
236 361
234 361
232 361
230 361
228 362
225 362
223 362
220 362
217 363
214 363
211 363
208 363
204 364
201 364
198 364
195 364
191 365
188 365
185 365
182 366
179 366
176 366
173 366
171 367
168 367
166 367
164 367
162 368
161 368
159 368
158 368
157 368
156 368
155 369
154 368
153 368
153 367
153 366
153 365
153 364
153 363
153 362
153 361
153 360
153 358
153 357
153 355
153 353
153 351
153 349
153 347
153 344
153 342
153 339
153 336
152 334
152 331
152 328
152 326
153 323
153 321
152 319
152 316
152 314
152 311
152 306
152 303
153 301
153 298
153 296
153 294
153 292
153 290
153 288
153 286
153 284
153 283
153 281
153 279
153 278
153 277
153 276
153 274
153 273
153 272
154 272
154 271
154 270
154 269
153 268
152 267
151 267
150 267
149 268
148 268
147 268
146 268
144 268
142 268
141 268
139 268
136 268
134 268
132 268
129 268
126 269
124 269
121 269
118 269
116 269
113 269
110 269
108 270
105 270
103 270
100 270
98 270
96 271
93 271
91 271
89 271
87 271
86 272
84 272
82 272
81 272
79 272
78 272
77 272
76 272
75 272
74 272
73 272
72 272
71 271
70 271
70 270
69 269
69 268
69 267
69 266
68 265
68 264
68 263
68 262
68 260
67 259
67 257
67 255
67 253
67 251
66 248
66 246
66 243
65 241
65 238
64 235
64 232
63 230
63 227
62 225
61 223
61 221
60 218
60 216
59 214
59 212
58 210
58 207
57 205
57 203
57 202
56 200
56 198
56 197
55 195
55 194
55 193
55 192
55 191
55 190
55 188
55 187
55 186
55 185
56 184
55 183
56 183
55 182
55 181
56 181
57 180
58 180
59 180
60 180
61 180
62 180
63 180
65 180
67 180
69 180
71 179
73 179
76 179
78 179
81 179
84 179
87 179
90 179
94 179
97 179
100 179
103 179
107 179
110 179
113 179
117 179
120 179
123 178
126 178
129 178
132 178
135 178
137 178
140 177
143 177
145 177
147 177
149 176
151 176
153 176
154 176
156 176
157 176
158 175
159 175
160 175
161 175
162 174
163 173
163 172
163 171
163 170
163 169
162 168
162 167
162 165
161 164
161 163
160 161
160 160
159 158
158 157
158 155
157 153
157 150
156 148
155 146
155 144
154 141
154 139
153 137
153 135
152 132
152 130
151 128
151 126
150 124
150 122
149 120
149 118
148 117
148 115
147 113
146 112
146 110
146 109
145 108
145 107
144 105
144 104
143 103
143 102
143 101
144 101
145 101
146 100
147 100
148 100
149 100
151 100
153 100
155 99
157 99
159 99
161 99
164 98
167 98
169 98
172 98
175 97
178 97
181 97
185 97
188 97
191 96
194 96
198 96
201 96
205 96
209 96
212 96
216 96
220 96
223 95
227 95
231 95
235 95
239 94
243 94
247 94
252 94
256 94
260 93
264 93
268 93
272 93
277 92
281 92
285 92
289 92
293 92
297 92
301 92
305 92
309 92
313 92
317 92
321 93
324 93
328 93
331 93
334 93
337 94
340 94
343 94
345 94
348 94
350 95
352 95
354 95
356 95
358 95
359 95
361 96
363 96
364 96
365 96
366 96
367 96
368 96
369 96
370 96
371 97
372 97
373 98
373 99
372 99
371 98
370 97
