700
392 107
386 107
385 107
384 107
382 107
380 107
379 108
377 108
375 108
373 108
371 108
369 108
367 108
364 108
362 108
359 108
356 108
354 108
351 109
348 109
345 109
343 109
340 109
337 109
335 109
332 109
329 110
327 110
324 110
321 110
319 110
316 110
313 110
310 110
308 110
305 111
302 111
299 111
296 111
293 111
290 111
287 111
284 111
281 111
278 111
275 112
272 112
269 112
266 112
263 112
260 112
257 112
254 112
251 112
248 112
245 112
243 112
241 112
238 112
236 112
234 111
232 111
231 111
229 111
228 111
227 111
226 111
225 111
224 111
224 112
224 113
224 114
224 115
224 116
225 117
225 118
225 119
225 120
225 122
225 123
225 125
226 126
226 128
226 130
226 132
226 134
226 136
226 138
227 140
227 142
227 144
227 146
226 149
226 151
226 153
226 156
226 158
226 160
226 163
226 165
226 168
225 170
225 172
225 174
225 176
225 178
225 180
225 182
224 183
224 185
224 186
224 188
224 189
224 190
224 191
224 192
223 192
223 193
222 193
221 193
220 193
219 193
218 194
217 194
216 194
215 194
213 194
212 194
210 195
208 195
206 195
204 195
202 195
200 195
197 195
195 195
193 195
190 195
188 195
185 195
182 195
180 195
177 195
175 195
172 195
170 195
168 195
166 195
164 195
162 195
161 195
159 195
158 195
157 195
156 195
155 196
154 196
154 197
155 198
155 199
155 201
155 202
155 203
155 204
155 206
155 207
155 209
155 211
155 213
155 215
155 217
155 219
155 221
155 223
155 225
155 226
155 228
155 230
155 232
155 233
155 235
155 236
155 237
155 239
154 240
154 241
154 242
155 242
156 242
157 242
158 242
160 242
161 242
162 242
163 242
165 242
166 242
168 242
170 242
172 242
174 242
177 241
179 241
181 241
184 241
186 241
189 240
191 240
194 240
196 240
199 239
201 239
204 239
206 239
208 238
210 238
212 238
214 238
215 238
217 238
218 238
219 238
220 238
221 237
222 237
223 237
224 237
224 238
225 239
225 240
225 241
226 242
226 243
227 244
227 245
227 246
228 248
228 249
228 251
229 252
229 254
229 256
230 258
230 260
230 263
230 265
230 268
230 270
230 272
230 275
230 277
230 279
230 281
229 283
229 285
229 287
228 289
228 291
228 293
227 294
227 296
227 297
226 298
226 299
226 300
225 301
225 302
225 303
225 304
226 304
227 305
228 305
229 305
230 305
232 305
233 306
235 306
237 306
239 306
241 306
243 307
245 307
248 307
250 307
253 308
256 308
258 308
261 308
264 309
266 309
269 309
271 309
273 310
275 310
277 310
279 310
280 310
281 310
282 310
283 310
284 311
285 310
285 309
286 308
286 307
286 306
287 305
287 304
288 303
288 301
289 300
290 298
290 297
291 295
292 293
292 291
293 289
293 287
294 284
295 282
295 280
295 278
296 276
296 273
296 271
297 269
297 267
297 264
297 262
297 260
297 258
297 256
297 254
297 252
297 251
297 249
297 248
297 247
297 246
297 245
297 244
297 243
298 243
299 243
300 243
301 243
302 243
303 243
305 243
306 243
308 243
309 243
311 243
313 243
315 243
317 243
320 243
322 243
324 242
327 242
329 242
332 242
335 242
337 242
340 242
343 242
345 242
348 241
350 241
352 241
355 241
357 241
359 241
360 241
362 240
364 240
365 240
366 240
368 240
369 240
370 240
371 240
371 241
371 242
371 243
371 244
372 245
372 246
372 247
372 249
372 250
373 252
373 254
373 256
373 258
374 260
374 263
374 265
374 268
374 271
374 273
374 276
374 279
374 281
374 284
374 287
373 289
373 291
373 294
372 296
372 298
372 299
371 301
371 302
371 303
370 304
370 305
370 306
371 306
371 305
372 305
373 305
374 305
375 305
376 305
377 305
379 305
381 305
382 305
384 306
386 306
388 306
391 306
393 307
396 307
398 307
401 308
403 308
406 308
409 308
412 309
415 309
418 309
421 309
424 310
426 310
429 310
431 310
433 310
435 311
437 311
438 311
440 311
441 311
442 311
443 312
444 312
444 311
444 310
444 309
445 308
445 307
445 306
445 305
445 304
446 303
446 302
446 301
446 299
446 298
446 296
447 295
447 293
447 291
447 289
447 287
447 284
447 282
447 280
447 278
447 275
447 273
447 270
447 268
446 265
446 262
446 260
446 257
445 255
445 253
445 251
445 249
444 247
444 245
444 243
444 242
444 240
444 239
444 238
443 236
443 235
443 234
443 233
443 232
444 232
445 232
446 232
447 232
448 232
450 233
451 233
453 233
455 233
457 233
459 233
461 233
463 233
465 233
468 233
470 233
473 234
476 234
478 234
481 234
484 234
487 234
490 234
494 234
497 234
500 235
503 235
507 235
510 235
513 235
516 235
519 235
522 235
524 235
526 235
529 235
530 235
532 235
534 235
535 235
536 235
537 235
538 235
539 235
540 235
540 234
540 233
540 232
541 231
541 230
541 229
542 228
542 226
542 225
543 224
543 223
544 221
544 220
544 218
545 217
545 215
545 213
545 211
545 209
546 207
546 205
546 204
546 202
546 200
546 198
546 196
547 194
547 193
547 191
547 189
547 187
548 186
548 184
548 183
548 182
549 180
549 179
549 178
549 177
550 177
550 176
550 175
550 174
549 174
548 174
547 174
546 175
545 175
544 175
543 175
541 175
540 175
538 175
536 175
535 175
532 175
530 175
528 175
526 175
524 175
521 175
518 175
516 175
513 175
510 174
507 174
504 174
501 174
497 174
494 174
490 174
487 174
483 174
480 174
477 174
474 175
471 175
468 175
466 175
463 175
461 175
459 175
458 175
456 175
455 175
454 175
453 175
452 175
451 174
450 173
449 173
449 172
448 171
447 170
446 169
445 168
444 167
443 165
442 164
441 163
440 162
439 160
438 159
437 158
436 157
434 155
433 154
432 152
431 151
429 150
428 148
427 147
425 145
424 144
423 143
421 141
420 140
419 139
417 137
416 136
415 134
413 133
412 131
411 130
409 128
408 127
407 125
405 124
404 123
403 122
402 121
401 120
400 119
400 119
399 118
398 117
397 116
396 115
396 115
395 115
394 114
393 113
392 113
392 112
391 112
391 111
390 110
390 109
391 108
391 107
391 107
