749
253 48
255 51
255 52
256 52
256 53
257 54
258 55
258 56
259 57
259 58
260 59
260 60
261 61
262 62
262 63
263 64
263 66
264 67
264 68
265 69
266 70
267 71
268 73
269 74
270 75
271 77
272 78
273 80
274 82
275 83
276 85
278 87
279 88
280 90
281 91
283 93
284 94
285 96
286 97
287 99
288 101
288 103
289 104
290 106
291 108
292 109
293 110
294 111
295 113
296 114
297 115
298 116
299 117
300 117
300 118
301 119
302 120
303 121
304 122
305 122
306 122
307 122
308 122
309 122
310 122
311 122
312 122
313 122
314 122
316 122
317 122
319 122
320 122
322 122
324 122
326 122
327 122
329 122
331 122
332 122
334 122
336 122
337 122
339 122
341 122
343 122
345 122
347 122
349 122
351 122
353 122
355 123
357 123
359 123
361 123
363 122
365 123
367 123
369 123
371 123
373 123
374 123
375 123
377 123
378 123
379 123
380 123
381 123
382 123
382 124
382 123
382 124
382 125
382 126
383 127
383 128
383 129
383 130
383 131
383 132
383 133
383 134
383 135
383 136
383 137
383 138
383 139
383 140
383 141
383 142
383 144
383 145
383 146
383 148
383 149
383 151
383 152
383 153
382 155
382 156
382 157
382 158
382 159
382 160
382 161
382 163
382 164
382 165
382 166
382 167
382 168
382 169
382 170
382 171
382 172
382 173
383 173
383 174
383 175
383 176
382 176
381 176
380 176
379 176
378 176
377 176
376 176
374 176
373 176
372 176
370 176
369 176
367 176
365 176
363 176
361 176
359 176
357 176
356 176
354 176
352 176
349 176
347 176
345 176
343 175
340 175
338 175
336 175
334 175
331 175
329 175
327 174
324 174
322 174
320 174
318 174
315 174
314 174
312 174
310 173
309 173
307 173
306 173
305 173
303 173
302 173
301 173
300 173
299 173
298 173
298 174
298 175
298 176
298 177
298 178
298 179
298 180
297 180
297 181
297 182
298 183
298 184
297 184
297 185
297 187
297 188
297 189
297 190
297 191
297 193
297 194
297 195
297 197
297 198
297 199
297 201
296 202
296 203
296 205
296 206
296 207
296 208
296 210
296 211
296 212
296 213
296 215
296 216
296 217
296 219
295 220
296 221
296 222
296 223
296 224
296 225
296 226
295 226
294 226
293 226
292 226
291 226
290 227
289 227
288 227
287 227
286 227
285 227
283 227
282 227
280 227
279 227
277 227
275 227
274 227
272 227
270 227
268 227
267 227
265 227
264 227
262 227
260 227
258 227
257 227
255 227
253 227
251 227
249 227
248 227
247 227
245 227
244 227
243 227
242 227
241 227
240 227
239 227
239 226
239 225
238 224
238 223
238 222
237 220
237 219
237 218
237 217
236 215
236 214
236 212
235 211
235 209
235 208
234 207
234 205
234 204
233 202
233 201
232 199
232 197
232 195
231 193
231 192
230 190
230 188
230 186
229 185
229 184
228 183
228 182
228 180
227 180
227 179
227 178
227 177
226 176
226 175
226 174
226 173
225 173
224 173
223 173
222 173
221 174
220 174
219 174
218 174
217 174
216 174
215 174
213 175
211 175
209 175
208 175
205 175
203 175
201 176
199 176
197 176
195 176
193 176
191 176
189 176
187 176
185 175
182 175
180 175
178 175
176 175
174 175
172 175
170 174
169 174
167 174
165 174
164 174
162 173
161 173
159 173
158 173
157 172
156 172
155 172
154 171
153 171
153 172
153 173
152 174
152 175
152 176
152 177
152 178
152 179
152 180
152 181
152 182
152 183
151 184
151 185
151 186
151 188
151 189
151 190
151 192
151 194
151 195
151 197
150 199
150 200
150 202
150 203
150 205
150 207
149 208
149 210
149 212
149 213
149 215
148 217
148 219
148 220
148 221
148 223
148 224
148 225
148 226
148 227
147 227
146 227
145 227
144 227
143 227
142 227
141 227
139 227
138 227
137 227
136 227
134 227
133 227
132 227
130 227
129 227
127 227
126 227
124 227
123 227
121 226
119 226
117 226
116 226
114 226
113 226
111 226
110 225
109 225
108 225
107 225
106 225
106 224
105 224
104 224
104 223
104 222
103 222
103 221
103 220
103 219
103 218
103 216
103 215
103 214
103 212
102 211
102 209
102 207
102 206
102 204
102 202
102 201
101 199
101 197
101 195
101 193
101 191
101 189
101 187
101 185
101 184
101 182
101 180
101 178
101 177
101 175
101 174
100 172
100 171
100 170
100 168
99 167
99 166
98 166
98 165
98 166
98 165
97 165
96 165
95 165
94 165
93 166
92 166
91 166
90 166
88 166
87 166
86 166
85 166
84 166
82 166
81 166
80 166
78 166
77 166
76 166
74 166
72 166
71 165
70 166
68 165
66 165
65 166
64 166
63 166
62 166
61 166
60 166
59 166
58 166
57 166
57 165
57 164
57 163
57 162
57 161
57 160
57 159
57 158
57 157
57 156
57 154
57 153
57 151
56 149
56 147
56 146
56 144
56 142
56 140
56 138
56 137
55 135
55 133
55 131
56 129
55 127
56 126
56 124
56 122
56 120
56 119
56 117
56 116
56 115
56 114
56 113
56 112
56 111
56 110
56 109
57 109
58 109
59 109
60 109
61 109
62 109
63 109
64 109
65 108
66 108
68 108
69 108
71 107
72 107
73 107
75 107
76 107
78 107
79 107
81 107
82 107
84 107
85 107
86 107
88 106
89 106
91 106
93 106
94 106
96 106
97 106
99 106
100 106
102 106
103 106
104 106
105 106
106 106
107 106
107 105
107 104
107 103
107 102
107 101
107 100
107 99
107 98
107 97
107 96
107 95
107 94
107 93
107 92
107 90
107 89
107 88
107 86
107 84
107 83
107 81
106 79
106 77
106 75
106 74
106 72
105 70
105 69
105 67
105 65
104 64
104 62
104 61
103 59
103 57
103 56
103 54
103 53
103 52
103 51
103 50
103 49
102 48
102 47
103 47
104 47
104 48
105 47
105 48
106 48
107 48
108 48
109 48
110 48
111 48
113 48
114 48
116 48
118 48
119 48
121 48
123 48
125 48
126 48
128 48
130 48
131 47
133 47
135 47
137 47
139 47
141 48
143 48
145 47
147 47
149 47
151 47
153 47
155 47
157 47
159 47
161 47
164 47
166 47
168 47
170 47
172 47
174 47
176 47
178 47
180 47
182 47
184 47
186 47
188 47
190 47
192 47
194 47
195 47
197 48
198 48
200 47
201 48
203 48
205 48
206 48
208 48
209 48
211 48
213 48
214 48
215 48
217 48
218 48
219 48
220 48
221 48
222 48
223 48
224 48
225 48
226 48
227 48
228 48
229 48
230 48
231 48
232 48
233 48
233 47
233 48
