668
408 106
398 106
396 106
395 106
393 106
390 106
388 106
386 106
383 107
381 107
378 107
375 107
372 107
369 107
365 108
362 108
358 108
355 108
351 108
347 109
343 109
340 109
336 109
332 109
328 109
324 109
320 109
316 109
313 109
308 109
304 109
300 108
296 108
292 108
288 108
284 108
280 108
276 107
272 107
268 107
265 107
262 107
258 107
256 106
253 106
250 106
248 106
246 106
244 106
242 106
241 106
240 106
239 106
238 106
238 107
238 108
238 109
238 110
239 111
239 112
239 114
239 115
239 117
239 118
239 120
239 122
239 124
239 127
239 129
239 132
239 134
239 137
239 139
239 142
239 144
239 147
239 149
239 152
239 155
239 157
239 159
239 162
239 164
239 166
239 168
238 170
238 171
238 172
238 174
237 175
237 176
237 177
237 178
236 179
236 179
235 180
235 180
234 180
233 180
232 180
231 180
230 181
229 181
227 181
225 181
224 182
222 182
220 182
218 183
216 183
213 183
211 184
208 184
205 185
203 185
200 186
197 186
194 187
191 187
188 187
185 188
182 188
180 189
177 189
175 189
173 190
171 190
169 190
168 191
166 191
165 191
164 191
163 191
163 192
163 193
163 194
163 195
163 196
163 197
163 198
163 200
163 201
163 203
162 205
162 207
162 209
162 211
162 214
162 216
161 219
161 221
161 224
161 226
160 228
160 231
160 233
159 235
159 237
159 239
158 241
158 242
158 244
158 245
157 245
157 246
157 247
157 248
158 248
159 248
160 248
161 248
162 248
164 248
165 248
167 248
169 247
171 247
174 247
176 246
179 246
182 246
185 245
188 245
191 245
194 244
197 244
200 244
203 243
206 243
209 243
212 243
215 242
218 242
221 242
223 242
226 242
228 242
230 242
232 242
234 242
236 242
237 242
238 242
239 242
240 242
241 242
242 242
242 243
243 244
243 245
243 246
243 247
243 248
243 250
243 251
243 253
243 255
243 256
243 259
243 261
243 263
243 266
244 268
244 271
244 273
244 276
244 279
244 281
244 284
244 286
244 289
244 291
244 293
244 295
244 297
243 299
243 301
243 302
242 304
242 305
242 306
241 307
241 308
241 309
240 310
240 311
240 312
241 312
242 313
243 313
244 314
245 314
246 314
247 314
248 314
250 315
252 315
254 315
256 315
258 315
260 315
263 315
265 315
267 316
270 316
272 316
275 316
277 316
279 316
282 316
284 316
286 316
288 316
290 316
292 316
293 316
295 316
296 316
298 316
299 316
300 316
301 316
302 316
303 316
304 316
304 315
305 315
305 314
305 313
305 312
305 311
306 310
306 309
306 308
306 307
307 305
307 304
307 302
308 301
308 299
308 297
309 295
309 293
309 291
309 288
310 286
310 283
310 281
310 279
310 276
310 274
310 271
310 269
309 266
309 264
309 261
309 259
309 257
309 255
309 253
309 251
309 250
309 249
309 248
309 247
309 246
308 245
308 244
309 244
310 245
311 245
312 245
313 245
314 246
316 246
317 246
319 246
321 246
323 246
325 246
327 246
329 246
332 246
335 245
337 245
341 245
344 245
347 245
351 244
354 244
358 244
361 244
365 243
368 243
372 243
375 243
378 243
381 242
383 242
386 242
388 242
389 242
391 242
392 242
393 242
394 242
395 242
395 243
395 244
395 245
395 246
395 247
395 249
395 250
395 251
395 253
394 255
394 257
394 259
394 261
394 264
394 266
394 268
394 271
394 274
393 276
393 279
393 281
393 284
393 286
393 289
393 291
393 294
393 296
392 298
392 300
392 302
391 304
391 306
391 307
390 308
390 309
390 310
390 311
390 312
391 312
392 312
393 312
394 312
395 311
396 311
398 311
399 311
401 311
403 311
405 311
407 311
410 311
412 311
415 311
418 311
421 311
424 311
427 311
430 311
433 311
436 311
439 311
442 311
445 311
447 311
450 311
452 311
454 311
456 311
457 311
459 311
460 311
461 311
462 311
463 311
464 311
465 311
465 310
465 309
465 308
465 307
465 306
465 305
465 304
465 303
465 301
465 300
465 298
465 296
465 294
465 292
465 290
465 288
465 286
465 284
465 282
465 280
465 277
465 275
465 273
465 270
465 268
465 266
465 263
465 261
465 259
465 257
465 255
465 253
464 252
464 251
464 249
463 249
463 248
462 247
462 246
461 245
460 244
461 244
461 245
462 245
463 245
464 245
466 245
467 245
468 245
470 245
472 245
473 245
475 245
477 245
480 245
482 245
484 245
487 245
489 245
492 245
495 245
498 244
501 244
504 244
507 244
510 244
513 244
516 244
519 244
522 244
525 244
527 244
529 244
532 244
534 244
535 244
537 244
538 244
540 244
541 244
541 245
542 245
543 245
544 245
544 244
544 243
544 242
544 241
544 240
544 239
544 238
544 236
544 235
544 234
544 233
544 231
544 230
544 228
544 227
544 225
544 224
544 222
544 220
544 218
544 216
543 214
543 213
543 211
543 209
543 207
543 205
543 203
543 201
543 200
544 198
544 196
544 195
544 194
545 192
545 191
545 190
545 189
546 188
546 187
546 186
545 186
545 187
544 187
543 187
542 187
541 187
540 187
539 187
537 187
536 188
534 188
532 188
530 188
527 188
525 188
522 188
519 188
516 189
513 189
510 189
506 189
503 189
500 189
496 189
493 189
490 190
487 190
484 190
481 190
478 190
476 190
473 190
470 190
468 190
466 190
464 190
462 190
460 190
459 190
458 190
457 190
456 190
455 190
454 190
453 190
453 189
452 189
452 188
451 188
451 187
450 186
449 185
448 184
447 183
446 181
445 180
444 179
443 178
442 176
441 175
440 173
439 172
437 170
436 168
435 166
433 164
432 162
431 160
429 158
428 156
426 154
424 152
423 150
421 148
420 145
418 143
417 141
415 139
414 137
413 135
412 133
410 131
409 129
408 127
407 125
406 123
405 122
404 120
403 119
402 117
401 116
400 115
399 114
398 113
397 112
396 111
395 110
394 110
393 109
393 109
