672
267 82
271 83
272 84
273 85
273 86
274 88
275 89
276 90
277 92
278 93
279 95
280 97
281 98
282 100
283 102
284 104
286 106
287 107
288 109
289 111
290 113
292 115
293 117
294 119
295 121
296 123
297 124
298 126
300 128
300 130
301 132
302 134
303 135
304 137
304 138
305 140
306 141
307 142
307 143
308 144
308 145
309 146
309 147
310 147
310 148
311 148
312 149
313 149
314 149
315 149
316 149
317 149
318 149
319 149
320 149
322 149
323 148
325 148
327 148
329 148
331 148
334 148
336 148
339 148
342 148
344 148
347 148
350 147
353 147
356 147
359 147
362 147
365 147
367 147
370 147
372 147
375 147
377 147
379 147
381 147
383 147
384 147
386 147
387 147
388 147
389 147
390 147
391 148
392 148
393 148
394 148
395 148
396 148
396 149
397 150
397 151
398 151
398 152
398 153
399 154
399 156
399 157
400 159
400 160
401 162
401 164
401 166
402 168
402 170
403 172
403 174
403 177
404 179
404 181
404 183
404 185
405 187
405 189
405 191
405 193
405 195
405 196
405 198
405 199
405 200
405 202
405 203
406 204
406 205
406 206
406 207
405 207
404 207
403 207
402 207
401 207
400 207
399 207
397 207
396 208
394 208
392 208
389 208
387 208
385 209
382 209
379 209
376 209
374 209
371 209
368 209
365 209
362 209
359 209
356 209
353 209
350 209
347 209
343 210
340 210
337 210
335 210
332 210
329 210
326 210
323 210
321 210
318 211
315 211
313 211
310 211
308 211
306 211
304 211
302 211
300 211
298 211
296 211
294 211
292 211
290 211
288 211
287 211
285 211
284 211
283 211
281 211
280 211
279 211
278 211
277 211
276 211
275 211
274 212
273 212
273 213
273 214
273 215
273 216
273 217
272 218
272 220
272 221
272 222
272 224
272 225
272 227
272 228
273 230
273 232
273 234
274 235
274 237
274 239
275 240
276 242
276 243
277 245
277 246
278 248
278 249
279 250
279 251
280 252
280 253
280 254
280 255
281 255
281 256
281 257
281 258
280 258
280 259
279 259
279 260
278 260
277 261
276 261
276 262
275 262
274 262
273 262
272 262
271 262
270 263
269 263
267 263
266 263
264 263
262 263
261 263
259 263
257 263
255 263
253 263
251 263
249 264
247 264
246 264
244 264
242 264
241 265
239 265
238 265
237 265
236 265
235 265
234 265
233 265
232 265
231 265
231 264
230 264
230 263
230 262
230 261
229 260
229 259
229 258
229 256
228 255
228 253
227 250
227 248
226 245
226 242
225 239
225 236
224 233
223 229
223 226
222 222
222 219
221 216
221 214
220 212
220 210
220 208
219 207
219 206
219 205
218 204
218 203
218 202
217 201
217 200
216 200
215 199
214 199
213 199
212 199
211 199
210 199
209 199
208 199
207 199
205 199
204 199
202 199
201 199
199 199
197 199
195 199
193 199
190 200
188 200
186 200
184 200
181 200
179 200
177 200
175 200
173 200
171 200
169 200
167 201
166 201
164 201
163 201
162 201
160 200
159 200
158 200
157 200
156 200
156 201
156 202
156 203
157 203
157 204
157 205
157 206
157 207
157 208
158 209
158 211
158 213
158 215
159 217
159 219
159 221
160 223
160 225
161 228
161 230
162 233
162 235
163 237
163 240
164 242
164 244
165 246
165 248
165 250
166 251
166 253
166 254
167 255
167 256
167 257
167 258
167 259
166 260
165 260
164 260
164 261
163 261
162 261
161 261
160 261
159 261
158 262
157 262
155 262
154 262
152 262
151 262
149 263
147 263
145 263
143 264
141 264
139 264
137 264
135 265
133 265
131 265
129 266
127 266
125 266
124 267
122 267
121 267
120 268
119 268
118 268
117 268
116 268
115 268
114 267
114 266
114 265
114 264
113 263
113 261
113 260
112 258
112 257
111 254
111 252
110 250
109 247
109 244
108 240
108 237
107 234
106 231
106 227
105 224
105 222
104 219
104 216
103 214
103 212
103 209
102 207
102 205
102 203
102 202
101 200
101 199
101 198
101 197
101 196
100 195
99 195
99 194
98 194
97 194
96 194
95 194
94 193
93 193
92 193
91 193
89 193
88 193
86 193
84 193
83 193
81 193
79 193
77 193
75 193
73 193
71 193
69 193
67 193
65 193
63 193
62 193
60 193
58 193
55 193
52 193
50 193
48 192
46 192
44 192
43 192
41 190
40 188
40 185
40 182
40 180
41 178
40 176
40 173
41 170
40 167
40 165
40 162
40 159
40 156
41 154
41 151
41 149
40 147
41 146
41 143
40 141
40 139
42 139
45 139
46 139
49 139
50 139
51 139
53 139
54 139
56 140
58 140
60 140
62 140
64 140
66 140
68 140
71 141
73 141
76 141
78 141
81 142
83 142
86 142
88 142
91 142
93 142
95 143
98 143
100 143
102 143
104 143
106 143
108 142
110 142
111 142
113 142
114 142
116 142
117 141
118 141
119 141
120 141
121 141
122 141
122 140
122 139
121 139
121 138
121 137
120 136
120 135
119 134
119 133
118 132
118 130
118 129
117 127
117 126
116 124
116 122
115 120
115 118
115 116
114 115
114 113
113 111
113 110
113 108
113 106
112 104
112 103
112 101
112 99
111 97
111 96
111 94
111 93
110 92
110 90
110 89
110 88
110 87
110 86
110 85
111 85
112 85
113 85
114 85
115 85
116 85
117 85
118 85
120 84
121 84
122 84
124 84
125 84
127 84
129 85
130 85
132 85
134 85
136 85
138 85
140 85
142 86
144 86
146 86
148 86
151 86
153 86
155 86
158 86
160 86
163 86
165 86
168 86
170 86
173 86
175 86
178 86
180 86
183 85
186 85
188 85
191 85
194 85
196 85
199 85
202 85
204 85
207 84
209 84
212 84
215 84
217 84
220 84
222 83
225 83
227 83
229 83
232 83
234 83
237 83
239 82
241 82
244 82
246 82
248 82
250 82
252 81
254 81
255 81
257 81
258 81
259 81
260 81
261 81
262 81
261 81
260 81
