997
457 74
464 83
464 84
464 86
465 87
465 88
466 90
467 91
468 92
469 94
470 96
471 97
472 99
473 101
474 103
475 105
476 107
477 109
478 110
479 112
480 114
481 116
482 118
483 119
484 121
484 122
485 124
486 125
487 127
488 128
489 129
489 131
490 132
491 133
492 135
493 136
494 137
495 138
496 140
497 141
498 142
499 143
500 144
500 145
501 146
502 147
503 148
504 150
504 151
505 152
506 153
507 154
508 155
509 156
510 157
511 158
512 159
512 160
513 161
514 162
514 163
515 164
516 165
516 166
517 167
517 168
518 169
518 170
518 171
519 171
519 172
519 173
520 173
520 174
521 175
522 176
523 176
524 176
525 176
526 176
527 175
528 175
529 174
531 174
533 174
534 173
536 173
538 173
540 172
542 172
544 172
546 172
548 171
550 171
552 171
553 171
555 171
557 171
558 171
560 172
561 172
563 172
564 172
566 173
567 173
568 173
570 174
571 174
572 174
574 175
575 175
576 175
577 176
579 176
580 176
581 176
582 177
583 177
585 177
586 177
587 177
589 177
590 177
592 177
593 177
595 177
596 177
598 177
599 177
601 177
602 177
603 177
604 177
606 177
607 177
608 177
609 177
610 177
611 177
612 177
612 178
612 179
613 180
613 181
613 182
613 183
613 184
613 186
614 187
614 189
614 190
614 192
614 194
614 196
614 198
614 200
614 202
614 203
614 205
615 206
615 208
615 209
615 211
615 212
616 213
616 214
616 215
616 216
616 217
616 218
616 219
616 220
617 221
617 222
617 223
617 224
617 225
618 226
618 227
618 228
617 229
617 230
617 231
617 232
616 233
616 234
616 235
615 235
615 236
615 237
614 238
614 239
613 239
612 239
611 238
610 238
609 238
608 238
606 238
604 238
603 238
600 238
598 238
596 238
594 238
591 238
589 238
586 238
584 237
582 237
580 237
578 237
576 237
574 238
571 237
569 238
567 238
565 238
563 238
561 238
559 238
557 238
555 238
554 238
552 238
550 238
548 238
547 238
545 237
543 237
542 237
540 237
538 237
537 237
535 237
534 237
533 237
531 237
530 237
529 237
527 238
526 238
525 238
524 238
523 238
522 238
521 238
520 238
519 238
518 238
518 239
517 239
516 239
516 240
515 240
515 241
514 241
514 242
513 242
513 243
513 244
513 245
513 246
513 247
514 248
514 249
515 250
515 251
515 253
516 254
516 255
517 256
517 257
517 258
518 259
518 260
518 261
518 262
518 264
519 265
519 266
519 267
519 268
519 269
519 270
520 270
520 271
520 272
520 273
520 274
520 275
520 276
520 277
520 278
520 279
520 280
520 281
520 282
520 283
520 284
520 285
520 286
520 287
520 288
520 289
520 290
520 291
520 292
521 293
521 294
521 295
521 296
521 297
521 298
521 299
521 300
521 301
520 302
520 303
520 304
520 305
520 306
520 307
520 308
520 309
519 309
519 310
518 310
517 311
516 311
515 311
514 311
513 311
512 311
510 311
509 310
507 310
505 310
503 310
501 310
499 310
498 310
496 310
494 310
492 310
490 310
489 310
487 310
485 310
483 311
482 311
480 311
478 311
477 311
475 311
473 311
472 312
471 312
469 312
468 312
467 312
466 312
465 312
464 312
463 312
462 312
461 313
460 313
459 313
458 313
457 312
456 312
456 311
455 310
455 309
455 308
455 306
455 305
455 303
455 301
455 299
455 297
456 296
456 294
456 292
456 289
457 287
457 285
457 283
458 281
458 279
458 276
458 274
459 272
459 270
459 268
459 266
459 265
460 263
460 261
460 260
460 258
460 257
460 255
460 254
461 252
461 251
461 250
461 248
462 247
462 246
462 245
462 244
462 243
462 242
462 241
462 240
463 240
462 239
462 238
462 237
462 236
461 236
460 236
459 236
458 236
457 236
456 236
455 236
454 236
453 236
451 236
450 236
448 236
446 235
444 235
442 235
440 235
438 235
436 235
433 235
431 235
429 235
427 235
424 235
422 234
420 234
418 234
416 234
414 233
412 233
410 233
407 233
405 233
403 233
401 233
399 233
397 234
395 234
394 234
392 234
390 235
389 235
387 235
386 235
385 235
384 235
383 235
382 235
381 235
380 234
379 234
378 234
378 233
377 233
376 233
375 232
374 232
373 232
373 233
373 234
373 235
373 236
373 238
373 239
373 240
373 242
374 244
374 246
374 248
374 250
374 252
374 254
374 257
374 259
374 261
374 263
373 265
373 267
373 269
373 271
372 273
372 275
372 276
372 278
372 279
372 281
372 282
372 283
372 284
372 285
372 287
372 288
372 289
372 290
372 291
372 292
372 293
372 294
372 295
372 296
372 297
372 298
371 298
371 299
371 300
371 301
370 301
370 302
369 302
368 302
367 302
366 302
365 302
364 302
363 303
362 303
361 303
360 303
359 304
358 304
357 305
356 305
355 305
353 306
352 307
351 307
350 307
348 308
347 308
345 308
344 309
343 309
341 309
340 308
338 308
337 308
335 308
334 308
332 308
331 308
329 308
328 308
326 308
325 308
323 308
322 308
320 308
319 308
318 308
316 308
315 308
314 308
313 309
311 309
310 309
309 309
308 309
307 310
305 310
304 310
303 310
302 311
300 311
299 311
298 312
297 312
295 312
294 313
293 313
291 313
290 313
289 314
288 314
287 314
286 314
285 314
284 313
284 312
285 311
285 310
285 309
285 307
286 306
286 304
287 302
287 300
287 298
288 296
288 294
289 291
289 289
290 286
290 284
291 281
291 279
291 276
292 274
292 272
292 270
292 267
293 265
293 263
293 261
293 259
294 256
294 254
294 252
294 250
295 248
295 246
295 244
296 242
296 240
296 239
296 237
297 236
297 234
297 233
297 232
298 230
298 229
298 228
298 227
298 226
298 225
297 225
297 226
296 226
295 226
294 227
293 227
291 227
290 227
289 227
287 227
286 227
284 227
282 226
280 226
279 226
277 225
275 225
273 225
271 224
269 224
267 224
265 223
263 223
261 223
259 223
257 222
255 222
253 222
251 222
249 222
246 222
244 222
242 222
240 223
238 223
236 223
234 223
232 224
230 224
228 224
227 224
225 224
223 224
222 225
220 225
219 225
217 225
216 225
214 225
213 225
211 225
210 225
209 225
207 225
206 225
205 225
204 225
202 225
201 225
200 225
199 225
198 224
197 224
196 224
195 224
194 224
193 223
193 222
192 222
192 221
192 220
191 219
191 218
191 216
191 215
191 213
191 212
191 210
191 208
191 206
191 205
191 203
191 201
191 199
191 197
191 194
191 192
191 190
191 188
191 186
191 184
191 182
191 180
191 178
191 177
191 175
191 173
191 171
191 169
191 167
191 166
191 164
191 162
192 161
192 160
192 158
192 157
192 156
193 156
193 155
193 154
194 154
195 154
196 153
197 153
198 153
200 153
201 153
202 153
204 153
205 153
207 153
208 154
210 154
212 154
213 154
215 154
217 154
219 154
221 154
223 155
225 155
227 155
229 155
231 155
233 155
235 154
237 154
239 154
241 154
243 154
245 153
247 153
249 153
251 153
253 153
255 153
256 153
258 153
259 153
261 153
262 153
264 153
265 153
267 153
268 153
269 153
271 153
272 153
274 153
275 154
276 154
277 154
279 155
280 155
281 155
282 156
283 156
284 156
285 157
286 157
287 157
288 157
288 158
289 158
290 158
291 158
292 158
293 157
293 156
294 155
294 154
294 152
293 151
293 150
293 149
293 148
292 146
292 145
291 144
291 142
290 141
290 139
289 138
289 137
288 135
288 134
287 132
287 131
286 129
286 128
285 126
285 125
285 124
284 122
284 121
283 120
283 119
283 118
282 117
282 116
282 115
282 114
281 113
281 112
281 111
281 110
280 109
280 108
280 107
280 106
281 105
281 104
281 103
281 102
282 101
282 100
282 99
282 98
283 97
283 96
284 95
284 94
284 93
284 92
285 92
285 91
285 90
285 89
285 88
286 87
286 86
286 85
286 84
287 83
288 83
289 83
290 83
291 83
292 83
294 83
295 83
296 84
298 84
299 84
301 84
303 84
304 84
308 84
309 84
311 84
313 84
315 84
317 84
319 84
321 84
323 84
325 84
327 84
330 84
332 84
334 84
336 84
339 84
341 84
343 84
346 84
348 84
351 84
353 84
356 84
358 84
360 84
362 84
365 84
367 84
369 84
371 84
373 85
376 85
378 85
380 85
382 85
384 86
386 86
388 86
390 86
391 86
393 86
395 86
397 86
399 86
401 86
403 86
404 86
406 86
408 86
410 86
412 86
413 86
415 86
417 86
418 86
420 86
422 86
424 85
425 85
427 85
428 85
430 85
431 84
432 84
434 84
435 84
436 84
438 84
439 84
440 84
441 84
442 84
443 84
444 84
445 84
446 84
447 84
448 84
449 85
450 85
451 85
452 85
452 86
453 86
454 86
455 86
456 86
457 86
458 86
459 85
460 85
461 84
463 83
