637
384 110
389 109
389 110
390 110
391 111
392 111
393 112
394 113
395 113
396 114
396 115
397 116
398 117
399 118
400 119
401 120
402 121
403 122
404 123
406 125
407 126
408 127
409 129
410 130
411 131
413 133
414 134
415 135
417 137
418 138
420 139
421 140
422 142
424 143
425 144
426 145
428 146
429 147
430 148
431 150
432 151
433 151
434 152
435 153
436 154
437 154
437 155
438 156
439 156
440 157
441 157
442 157
443 157
444 157
445 157
446 157
447 157
448 157
449 157
450 157
451 157
453 157
454 157
456 157
458 156
459 156
461 156
462 156
464 156
466 156
467 156
469 156
470 156
472 156
474 156
475 156
477 156
478 156
479 156
481 156
482 156
483 156
484 156
485 156
486 156
487 156
488 156
489 155
490 155
491 155
492 155
493 155
494 155
494 156
495 156
495 157
495 158
496 159
496 160
496 161
497 162
497 163
497 164
498 165
498 166
498 167
499 168
499 170
499 171
500 172
500 173
500 174
501 176
501 177
502 179
502 180
502 181
503 183
503 184
504 185
504 187
504 188
505 189
505 190
505 191
506 193
506 194
506 195
506 196
507 197
507 198
507 199
508 200
507 200
506 200
505 200
504 201
503 201
502 201
501 201
500 201
499 201
498 201
497 201
496 200
494 200
493 200
492 200
490 200
489 200
487 200
485 199
484 199
482 199
480 199
478 199
476 199
474 199
472 199
470 199
468 199
466 199
464 199
462 198
461 198
459 198
457 198
456 198
455 198
453 197
452 197
451 197
450 197
449 197
448 197
447 197
447 196
446 196
445 196
444 196
443 196
442 197
441 197
440 197
441 197
441 198
441 199
441 200
441 201
441 202
441 203
441 204
441 205
441 207
441 208
441 209
441 211
441 212
441 214
441 215
442 217
442 218
442 220
443 221
443 223
443 224
444 226
444 227
444 229
445 231
445 232
445 234
446 235
446 237
446 238
446 240
446 241
446 242
446 244
446 245
446 246
446 247
446 248
446 249
446 250
446 251
445 251
445 252
444 252
443 252
442 252
441 252
440 252
439 252
437 252
436 252
435 252
433 252
432 252
430 252
428 252
427 252
425 252
423 252
421 252
419 252
417 252
415 252
413 252
411 253
409 253
408 253
406 253
404 253
403 253
401 254
400 254
399 254
398 254
397 254
396 254
395 254
394 254
393 254
393 253
393 252
393 251
393 250
393 249
393 248
393 247
393 246
393 244
392 243
392 241
392 240
391 238
390 236
390 235
389 233
389 231
388 229
388 227
387 225
386 223
386 221
385 220
385 218
384 216
384 215
383 213
383 212
383 210
383 209
382 208
382 207
382 205
381 204
381 203
381 202
380 201
379 200
378 200
377 200
376 200
375 200
374 200
373 200
372 200
371 200
369 199
368 199
366 200
364 200
361 200
359 200
356 200
354 200
351 200
348 200
346 200
343 200
341 200
339 200
338 200
336 199
335 199
334 199
333 199
332 198
331 198
331 199
331 200
331 201
331 202
331 203
331 204
331 205
331 207
331 208
331 210
330 211
330 213
330 215
330 216
330 218
330 220
329 222
329 224
329 226
329 227
329 230
328 232
328 234
328 235
328 237
327 239
327 241
327 242
327 243
327 244
326 245
326 246
326 247
326 248
325 248
324 248
323 248
322 248
321 248
320 248
319 249
318 249
317 249
316 249
315 249
314 249
312 250
311 250
310 250
308 250
307 250
305 250
303 250
302 250
300 250
298 249
297 249
295 249
293 249
292 249
290 249
288 249
287 249
286 249
284 249
283 249
282 249
281 250
280 250
279 250
278 250
277 250
276 250
276 249
275 249
275 248
275 247
275 246
275 245
275 243
275 242
275 241
275 239
274 237
274 235
274 233
274 230
274 228
274 225
274 222
274 220
274 217
274 214
274 211
274 209
275 206
275 203
275 201
276 199
276 196
276 194
277 192
277 190
277 189
278 187
278 186
278 185
278 184
277 184
276 183
275 183
274 183
273 182
272 182
271 182
270 182
269 181
268 181
266 181
265 181
263 181
261 180
259 180
257 180
255 180
253 180
251 180
249 180
247 180
245 180
243 180
241 180
239 180
237 180
235 180
233 179
232 179
231 179
230 179
229 179
228 179
228 178
227 178
226 178
225 178
225 177
224 177
224 176
224 175
223 175
223 174
223 173
223 171
223 170
222 168
222 166
222 164
222 162
222 160
222 158
222 156
222 154
222 152
222 150
222 149
222 147
222 146
222 145
222 143
223 142
223 141
223 140
223 139
223 138
224 139
225 139
226 139
227 139
228 139
229 139
230 140
232 140
234 140
235 140
237 140
240 141
242 141
244 141
246 141
249 142
251 142
253 143
256 143
258 143
260 144
262 144
265 145
267 145
269 145
271 145
273 146
275 146
276 146
278 147
279 147
281 147
282 147
283 147
284 148
285 148
286 147
285 146
285 145
285 144
285 143
285 142
285 141
285 140
285 139
285 138
285 136
284 135
284 133
284 131
284 129
283 128
283 126
283 124
283 122
283 121
282 119
282 118
282 116
282 115
282 114
282 113
282 112
282 111
282 110
282 109
282 108
282 107
282 106
283 106
284 106
285 106
286 106
287 106
288 106
289 106
290 106
292 106
293 106
295 106
296 106
298 106
300 107
302 107
304 107
306 107
308 107
310 107
312 108
314 108
316 108
319 108
321 108
323 108
326 109
328 109
330 109
333 109
335 109
337 110
339 110
342 110
344 110
346 110
348 110
351 110
353 110
355 110
357 111
359 111
361 111
362 111
364 111
366 111
367 111
369 111
370 111
371 111
373 111
374 112
375 112
376 112
377 112
378 112
379 112
380 112
381 112
382 112
381 112
380 112
380 111
378 111
