914
393 51
398 67
399 69
400 71
401 74
402 76
403 79
404 81
405 83
406 86
407 88
408 90
408 92
409 95
410 97
411 99
412 102
413 104
415 106
416 108
417 111
418 113
419 115
420 117
421 119
422 121
423 123
424 124
425 126
426 128
426 129
427 131
428 133
429 134
429 136
430 137
431 139
431 140
432 141
432 142
433 143
433 144
434 145
434 146
434 147
435 148
435 149
435 150
436 150
436 151
437 152
438 152
439 151
440 151
441 151
442 151
443 151
444 151
445 151
446 151
448 151
449 151
451 151
453 151
454 150
456 150
458 150
460 150
462 150
464 150
466 150
468 150
470 150
472 150
474 150
476 150
478 150
480 150
482 150
484 150
486 150
488 150
490 150
492 149
494 149
496 149
498 149
500 149
502 149
504 149
506 149
508 149
510 149
512 149
513 149
515 149
517 149
518 149
520 149
521 149
522 149
524 150
525 150
526 150
527 150
528 150
529 150
530 150
531 150
532 149
533 149
534 149
534 150
535 150
535 151
535 152
535 153
535 154
535 155
535 156
535 157
536 158
536 159
536 161
536 162
536 164
537 165
537 167
537 169
537 171
537 172
537 174
538 176
538 178
538 179
538 181
538 183
538 185
538 187
538 189
538 190
538 192
538 194
538 196
538 198
538 199
539 201
539 203
539 205
539 206
539 208
539 210
539 212
539 213
539 215
539 216
539 218
539 219
539 221
539 222
539 223
539 224
539 225
539 226
539 227
539 228
540 229
540 230
540 231
540 232
540 233
539 233
539 234
538 234
537 234
536 234
535 234
533 233
532 233
530 233
528 233
526 232
524 232
521 232
519 232
516 232
513 232
511 232
508 232
505 232
501 232
498 232
495 231
492 231
489 231
485 231
482 231
479 231
476 231
473 231
469 231
466 232
463 232
461 232
458 232
455 232
452 232
449 232
447 232
444 232
442 232
440 232
438 232
436 232
434 232
432 232
431 232
429 232
428 232
427 232
426 232
425 232
424 232
423 232
423 233
422 233
422 234
421 235
421 236
421 237
421 238
421 239
421 240
421 242
420 243
420 245
420 247
420 248
420 250
420 252
419 254
419 256
419 259
419 261
418 263
418 265
418 267
418 269
418 271
418 273
418 275
418 277
418 278
417 280
417 282
417 283
417 285
417 287
417 288
417 289
417 291
417 292
417 293
417 295
417 296
417 297
417 299
417 300
417 302
417 303
417 304
416 305
416 307
416 308
416 309
416 310
416 311
416 312
416 313
416 314
415 315
415 316
415 317
415 318
414 319
413 320
412 320
411 320
410 320
409 320
408 320
406 320
405 320
403 320
402 320
400 320
398 320
396 321
394 321
393 321
391 322
389 322
387 322
385 322
382 323
380 323
378 323
376 323
374 323
371 323
369 323
367 323
365 323
363 323
361 323
360 323
358 323
356 323
354 323
352 323
351 323
349 323
348 323
346 323
345 323
343 323
342 323
341 323
340 323
338 324
337 324
336 324
335 324
334 324
333 325
332 325
331 325
330 325
329 325
329 324
329 323
329 322
329 321
329 320
329 319
330 317
330 315
330 313
330 311
330 309
330 307
330 305
330 302
330 300
330 298
330 295
330 293
329 290
329 287
329 285
329 282
329 279
328 277
328 274
328 272
327 270
327 267
327 265
327 263
326 261
326 259
326 257
325 254
325 252
325 250
325 248
324 246
324 244
324 243
324 241
323 240
323 238
323 237
323 236
323 235
323 234
323 233
323 232
323 231
322 230
322 229
321 228
320 228
319 228
319 229
317 229
316 229
315 229
313 229
312 229
311 229
310 229
308 229
307 229
305 229
303 229
301 228
300 228
298 228
296 228
294 227
292 227
290 227
288 227
286 226
284 226
281 226
279 226
277 225
275 225
273 225
270 225
268 225
265 225
263 225
261 225
258 225
256 225
254 225
252 225
250 225
248 225
246 225
244 225
243 225
241 225
239 225
238 225
236 225
235 225
234 225
233 225
232 225
232 226
231 226
231 227
231 228
231 229
231 230
231 231
231 232
231 233
230 235
231 237
231 239
231 241
231 243
231 245
231 247
231 250
231 252
231 255
231 257
231 260
232 263
232 265
232 268
232 271
231 273
231 276
231 278
231 281
231 283
231 285
231 287
231 289
231 291
231 292
231 294
231 296
231 297
231 299
231 300
231 302
230 303
230 304
230 305
230 306
230 307
230 308
230 309
230 310
230 311
230 312
230 313
231 314
231 315
231 316
230 316
230 317
229 317
229 318
228 318
227 318
227 319
226 319
225 319
224 319
223 319
222 319
221 319
220 319
218 319
217 319
215 319
214 319
212 319
210 319
208 319
206 319
204 319
202 319
200 319
198 320
196 320
194 320
192 321
190 321
187 321
185 322
183 322
181 323
179 323
178 324
176 324
175 324
173 325
172 325
171 325
170 325
169 325
168 325
167 325
166 325
165 325
164 325
164 324
163 324
163 323
163 322
163 321
162 320
162 319
162 318
162 316
161 315
161 313
161 311
161 309
160 306
160 304
160 302
160 299
159 296
159 294
158 291
158 289
158 286
157 284
157 281
157 279
157 276
156 274
156 272
156 269
156 267
155 265
155 263
154 261
154 258
154 256
153 254
153 252
153 251
153 249
152 247
152 245
152 244
152 242
151 241
151 239
151 238
151 237
151 235
151 234
151 233
151 232
151 231
151 230
151 229
151 228
151 227
150 226
149 226
148 226
147 226
146 225
145 225
144 225
143 225
142 225
141 225
140 224
139 224
138 224
136 224
135 223
133 223
131 223
130 223
128 223
126 223
124 223
122 223
121 223
119 223
117 223
115 224
113 224
111 224
109 224
107 224
106 225
104 225
102 225
101 225
99 225
98 225
97 225
96 225
94 225
93 225
92 226
91 226
90 225
89 225
88 225
87 225
86 225
85 225
84 224
84 223
84 222
84 221
84 220
84 219
84 218
84 217
84 215
84 214
84 212
84 211
84 209
83 206
83 204
83 202
83 200
83 197
83 195
83 192
83 190
83 187
83 185
84 182
84 179
84 177
84 174
84 172
84 170
84 167
84 165
84 164
84 162
83 161
83 160
83 159
82 158
82 157
82 156
82 155
81 154
80 153
79 153
80 153
81 153
82 153
83 153
84 153
86 153
87 153
88 153
90 153
91 153
92 153
94 153
96 153
97 153
99 153
101 153
103 153
104 153
106 154
108 154
110 154
112 154
113 154
115 154
117 154
118 154
120 154
122 154
123 154
125 154
126 154
128 154
130 154
131 154
133 154
134 154
136 154
138 154
139 154
141 154
142 154
144 153
146 153
147 153
149 153
150 153
152 153
154 153
155 153
157 153
158 153
160 152
161 152
163 152
164 152
165 152
166 152
167 152
168 151
169 151
170 151
171 150
172 149
172 148
172 147
172 146
171 145
171 144
171 143
170 141
170 140
169 138
169 137
168 135
168 134
167 132
167 130
166 128
166 125
165 123
165 121
164 118
164 116
163 114
162 112
162 110
161 108
161 106
161 104
160 102
160 100
159 98
159 96
159 94
158 92
158 90
158 88
157 86
157 85
157 83
157 82
156 81
156 80
156 79
155 78
155 77
155 76
155 75
155 74
155 73
154 72
154 71
154 70
155 70
156 70
157 70
158 70
159 70
160 70
162 71
163 71
165 71
167 71
169 72
171 72
173 72
175 72
177 72
179 73
181 73
184 73
186 73
189 74
192 74
194 74
197 75
200 75
203 75
205 75
208 75
211 76
214 76
217 76
220 76
223 76
226 75
229 75
232 75
235 75
239 75
242 75
245 75
248 75
251 75
254 74
258 74
261 74
264 74
267 74
270 73
274 73
277 73
280 73
283 72
286 72
289 72
292 72
295 71
298 71
301 71
304 70
307 70
309 70
312 70
315 69
318 69
320 69
323 69
326 69
328 69
331 69
333 69
336 69
338 69
341 69
343 69
346 69
348 69
351 69
353 69
356 69
358 68
360 68
363 68
365 68
367 68
368 67
370 67
371 67
372 67
373 67
374 67
375 68
376 68
377 68
378 68
379 68
380 68
381 68
382 69
383 70
384 70
385 70
385 71
386 71
387 71
388 71
389 71
389 70
388 69
388 67
