782
246 59
247 64
248 64
248 65
249 66
250 67
251 68
252 69
253 70
254 71
254 72
255 73
256 75
257 76
258 77
259 78
260 80
260 81
261 83
262 84
263 86
263 87
264 89
264 90
265 91
266 93
267 94
267 96
268 98
269 100
270 101
271 103
272 105
273 107
274 109
275 110
277 112
278 114
279 115
280 117
281 118
283 120
284 122
285 124
285 125
286 127
287 129
288 130
289 132
290 133
290 134
291 136
292 137
293 138
294 139
294 140
295 141
295 142
296 142
296 143
297 143
298 143
299 143
300 143
301 143
302 143
303 143
304 143
305 143
306 143
307 143
308 143
309 143
310 143
311 143
312 143
313 143
314 143
316 143
318 143
319 143
321 143
322 143
324 143
326 143
327 143
329 143
331 143
332 143
334 143
335 143
337 143
339 143
341 143
343 143
345 143
347 143
349 143
351 143
354 143
356 143
358 142
360 142
362 142
364 142
366 142
368 142
370 142
372 141
373 141
374 141
375 141
376 141
377 141
377 142
377 143
377 144
377 145
377 146
377 147
378 148
378 149
378 150
379 151
379 152
379 153
380 154
380 155
380 156
381 157
381 158
381 159
381 160
381 161
381 162
381 163
381 164
381 165
382 167
382 168
382 169
382 171
382 172
382 174
382 175
382 176
383 178
383 179
383 180
383 181
383 182
383 183
383 184
384 185
384 186
384 187
383 187
382 187
381 187
380 187
379 187
378 188
377 188
376 188
375 188
374 188
373 188
371 188
369 188
368 188
366 188
364 188
362 188
361 188
359 188
357 188
355 189
353 189
351 189
349 189
347 189
345 189
343 189
340 189
338 189
336 189
334 189
332 189
330 189
327 189
325 188
323 188
320 188
318 188
316 188
314 188
312 188
311 188
310 188
308 188
307 188
306 188
305 188
304 188
304 189
304 190
304 191
305 191
305 192
305 193
305 194
305 195
305 196
304 197
305 198
305 199
305 200
305 201
305 202
305 203
305 204
305 205
305 206
305 207
305 208
305 209
305 210
305 211
305 213
305 214
305 216
305 217
305 218
305 220
305 221
305 223
306 224
306 225
306 226
306 227
306 228
306 229
306 230
306 231
306 232
306 233
307 233
307 234
307 235
306 235
305 235
304 235
303 235
302 235
301 235
300 235
299 235
298 235
297 236
296 236
295 236
294 236
293 236
291 236
290 236
289 236
288 237
287 237
285 237
284 237
283 237
281 237
279 238
278 238
276 238
274 238
272 238
270 239
268 239
267 239
265 239
264 240
263 240
262 240
261 240
260 240
259 240
258 240
257 240
256 240
256 239
255 238
255 237
255 236
255 235
255 234
254 233
254 232
254 231
254 230
254 229
254 228
253 227
253 226
253 225
252 224
252 223
252 222
252 221
252 219
251 218
251 216
251 215
251 213
251 212
251 210
251 209
250 208
250 207
250 206
250 205
250 204
250 203
250 202
250 201
250 200
250 199
250 198
250 197
250 196
250 195
250 194
250 193
250 192
250 191
250 190
251 190
250 190
249 190
248 190
248 189
247 189
246 189
245 189
244 189
243 189
242 189
240 189
239 189
238 189
236 189
235 189
233 189
231 189
229 189
227 189
226 189
224 189
222 189
220 189
218 189
216 189
214 189
212 189
209 189
207 189
205 189
203 189
201 189
199 189
197 189
195 189
192 189
190 189
188 189
186 189
184 189
182 189
179 189
177 189
176 189
174 189
172 189
170 189
169 189
167 189
166 189
164 189
163 189
162 189
161 189
160 189
159 188
158 188
157 188
157 189
158 189
158 190
157 190
157 191
157 192
157 193
157 194
157 195
157 196
157 197
157 199
157 200
156 201
156 202
156 203
156 204
156 205
156 207
156 208
156 209
156 210
156 212
156 213
156 215
156 216
156 217
156 218
156 219
156 220
156 221
156 222
156 223
156 224
156 225
157 226
156 226
157 226
156 226
155 226
154 226
153 226
152 226
151 226
150 226
148 226
147 226
146 226
144 225
142 225
141 225
139 225
137 225
135 225
134 225
132 225
130 225
128 224
127 224
125 224
123 224
121 224
119 224
117 223
115 223
114 223
112 223
111 223
110 222
109 222
108 222
107 222
107 221
107 220
107 219
106 218
106 217
106 216
106 215
106 214
106 213
106 212
106 211
106 210
106 209
106 208
106 207
106 206
106 205
106 204
106 203
106 202
106 201
106 200
106 199
105 198
105 196
105 195
105 194
105 193
105 192
105 191
105 190
105 189
104 189
103 189
102 189
101 189
100 189
99 189
98 189
97 189
96 190
95 190
94 190
93 190
92 190
91 190
90 190
89 190
88 190
87 190
85 190
84 190
83 190
82 190
81 190
79 190
78 190
76 190
75 190
73 190
71 190
70 190
68 190
66 190
65 190
64 190
62 189
61 189
60 189
59 189
58 189
57 189
56 189
55 189
54 189
53 189
53 188
53 187
53 186
52 185
52 184
52 183
52 182
51 181
51 180
51 179
50 178
50 176
50 175
50 174
49 172
49 171
49 170
49 168
49 167
49 165
48 164
48 163
48 161
48 160
48 159
48 158
48 157
48 155
47 154
47 153
47 152
47 151
47 150
47 149
47 148
47 147
47 146
47 145
46 145
46 144
46 143
46 142
47 142
48 142
49 141
50 141
51 141
52 141
53 141
54 141
55 141
57 141
58 140
59 140
60 140
62 140
63 140
65 140
66 140
68 140
70 140
72 140
74 140
76 140
78 140
79 139
81 139
83 139
85 139
87 139
88 139
90 139
91 139
93 139
95 139
96 139
98 139
99 139
100 139
101 139
102 139
103 139
104 139
103 139
103 138
104 138
103 138
103 137
103 136
103 135
103 134
103 133
102 132
102 131
102 130
102 129
102 128
102 127
102 126
102 124
102 123
102 122
102 121
102 120
102 118
101 117
101 116
101 115
101 113
101 112
100 111
100 109
100 108
100 106
99 104
99 103
99 101
99 100
99 98
98 97
98 95
98 94
98 93
98 91
98 90
98 89
98 87
98 86
98 85
98 83
98 82
98 80
98 79
98 78
97 77
97 76
97 75
97 74
97 73
98 73
99 73
100 73
101 73
102 72
103 72
104 72
105 72
106 72
107 72
108 72
109 72
110 72
111 72
112 72
113 72
115 72
116 72
118 72
119 72
121 72
123 72
125 72
126 72
128 72
129 72
131 72
132 72
134 72
136 73
138 73
140 73
142 73
144 73
146 73
148 73
150 73
152 73
153 73
155 73
157 73
159 73
161 72
163 72
165 72
167 72
169 72
170 72
172 72
173 72
175 72
176 72
177 72
178 72
179 72
181 73
182 73
183 73
184 73
186 73
187 73
188 73
189 73
190 73
191 73
192 73
193 73
194 73
195 73
196 73
197 73
198 73
199 73
200 72
201 72
202 72
204 72
205 72
207 72
208 72
210 72
212 72
213 71
215 71
216 71
217 71
218 71
219 71
220 71
221 71
222 71
223 71
224 71
225 71
225 70
225 71
224 71
224 72
224 71
225 71
