636
278 90
281 92
282 93
283 94
283 95
283 96
284 97
285 98
286 100
286 101
287 102
288 103
288 104
289 105
290 107
291 108
292 110
293 111
294 113
295 114
296 116
297 118
298 120
299 121
299 123
300 125
301 127
302 129
302 131
303 133
303 135
304 137
304 139
305 141
305 142
306 144
306 145
307 146
307 147
308 148
308 149
309 150
309 151
310 152
310 153
311 154
312 154
313 155
314 155
315 155
316 155
317 155
319 156
320 156
321 156
322 156
324 156
325 157
327 157
329 157
330 157
332 158
334 158
336 158
338 158
340 158
342 158
344 159
346 159
348 159
350 159
352 159
354 159
356 159
358 159
359 159
361 159
362 159
364 159
365 158
366 158
367 158
368 158
369 158
370 158
371 158
372 158
372 159
373 159
373 160
373 161
374 162
374 163
374 164
374 165
375 166
375 167
375 168
375 169
375 170
376 171
376 172
376 174
376 175
376 176
377 178
377 179
377 181
377 182
377 184
377 185
378 187
378 188
378 190
378 191
378 192
378 194
378 195
378 196
378 197
378 198
378 199
378 200
378 201
378 202
378 203
378 204
377 204
376 204
375 204
374 204
373 204
372 204
371 204
369 204
368 204
366 204
364 204
362 204
360 204
357 204
355 204
352 204
350 205
347 205
344 205
341 205
339 205
336 205
334 205
331 205
329 204
326 204
324 204
322 204
320 204
318 203
316 203
314 203
312 203
311 203
309 202
308 202
307 202
306 202
304 202
303 202
302 202
301 202
301 203
301 204
301 205
301 206
301 207
301 208
301 209
300 211
300 212
300 213
300 215
300 216
300 218
300 220
300 222
300 224
300 226
300 228
300 230
300 232
300 234
300 236
300 237
300 239
299 241
299 242
299 244
299 245
299 246
298 248
298 249
298 250
297 250
297 251
297 252
296 252
296 253
295 253
295 254
294 254
293 254
292 254
291 254
290 254
289 254
288 254
287 254
286 254
285 254
284 254
283 254
282 254
280 254
279 254
277 254
276 254
274 254
273 254
271 254
270 255
268 255
267 255
266 255
265 255
264 255
263 255
262 255
261 254
260 254
259 254
259 253
258 253
258 252
258 251
258 250
257 249
257 248
257 247
257 246
257 244
256 243
256 241
256 239
255 237
255 235
255 233
255 230
255 228
255 226
255 223
255 221
255 219
255 217
255 215
255 213
255 211
255 210
255 208
255 207
255 206
255 205
255 204
255 203
255 202
255 201
254 201
253 200
252 200
251 200
250 199
249 199
248 199
247 199
245 198
244 198
242 198
241 198
239 198
237 198
235 197
233 197
231 197
228 197
226 197
224 197
221 197
219 197
216 197
214 197
211 197
209 197
206 197
204 197
202 197
200 197
198 197
197 197
195 197
194 197
193 197
192 197
191 197
190 197
189 197
188 197
188 198
188 199
188 200
189 200
189 201
189 202
189 203
189 204
189 206
190 207
190 209
190 210
190 212
191 214
191 215
191 217
191 219
192 221
192 223
192 225
192 227
193 229
193 230
193 232
193 234
193 236
194 237
194 238
194 240
194 241
194 242
194 243
194 244
195 245
194 245
193 245
192 245
191 245
190 245
189 246
187 246
186 246
184 246
183 246
181 247
179 247
177 247
175 247
172 248
170 248
167 248
165 248
162 249
160 249
157 249
154 249
152 250
150 250
147 250
145 250
143 250
142 251
140 251
138 251
137 251
136 251
134 251
133 251
132 251
131 251
130 251
129 251
129 250
129 249
129 248
129 247
128 246
128 245
128 244
128 243
128 241
128 240
128 238
127 236
127 234
127 232
126 230
126 227
126 225
125 222
125 220
124 218
124 215
124 213
123 210
123 208
123 206
122 204
122 202
122 200
121 198
121 196
121 195
121 193
121 192
121 191
121 190
121 189
121 188
121 187
120 187
119 187
118 187
117 187
117 186
116 186
115 186
114 186
113 186
112 186
110 186
109 186
107 186
106 186
104 186
102 186
101 186
99 187
97 187
95 187
94 187
92 187
90 187
89 187
87 187
86 187
85 187
83 187
82 187
81 187
80 187
79 187
78 187
77 187
76 187
75 187
75 186
75 185
74 184
74 183
74 182
74 181
74 180
73 178
73 176
73 175
73 173
72 170
72 168
72 166
72 164
71 161
71 159
71 157
71 155
70 153
70 152
70 150
69 149
69 147
69 146
69 145
69 144
69 143
68 142
69 142
70 142
71 142
72 142
73 143
74 143
75 143
76 143
78 143
80 143
82 143
84 143
87 143
89 143
92 143
94 143
97 143
100 143
103 143
106 143
109 143
112 143
115 144
118 144
121 144
124 144
127 144
130 144
133 144
136 144
139 144
142 144
144 144
147 144
149 144
152 144
154 144
156 144
158 144
160 143
161 143
163 143
164 143
165 143
166 143
167 143
168 143
169 143
169 142
169 141
169 140
169 139
169 138
168 137
168 136
168 134
168 133
168 132
168 130
168 128
168 126
168 125
167 123
167 121
167 119
167 117
167 115
167 113
167 111
167 109
167 108
167 106
166 104
166 103
166 102
166 100
166 99
166 98
166 96
166 95
166 94
167 94
167 93
167 92
167 91
168 91
168 90
169 90
170 90
171 90
172 90
173 90
175 90
176 90
177 90
179 90
180 90
182 90
184 90
186 90
189 90
191 90
193 90
196 90
198 90
201 90
203 90
206 89
209 89
211 89
214 89
217 89
219 89
222 89
224 89
227 89
229 89
232 89
234 89
236 89
239 89
241 89
243 89
245 89
247 89
249 89
251 89
253 89
255 89
257 89
259 89
261 89
263 89
264 89
266 89
268 89
269 89
271 89
272 89
273 89
274 89
275 89
276 89
277 89
278 89
279 89
279 90
