650
363 71
367 74
368 75
368 76
369 77
370 78
371 79
372 80
373 81
374 82
375 84
377 85
378 86
379 88
380 89
382 91
383 92
384 94
386 95
387 97
388 99
390 100
391 102
393 104
394 106
395 107
397 109
398 111
399 113
401 114
402 116
403 118
404 120
406 122
407 123
408 125
409 127
410 129
412 130
413 132
414 134
415 136
417 137
418 139
419 141
420 142
421 144
422 145
423 147
424 148
425 149
426 150
427 151
427 152
428 153
428 154
429 155
430 156
430 157
431 157
432 157
433 157
433 158
434 158
435 158
436 158
437 158
438 158
439 158
441 158
442 158
444 158
445 158
447 158
449 158
451 158
453 158
455 157
458 157
460 157
462 157
465 157
467 157
470 157
472 157
474 156
477 156
479 156
482 156
484 156
486 156
489 155
491 155
493 155
495 155
496 155
498 155
500 155
501 155
503 155
504 154
505 154
506 154
507 154
508 154
509 154
510 154
511 154
511 155
512 155
512 156
512 157
512 158
513 158
513 159
513 161
513 162
513 163
513 165
514 166
514 168
514 169
515 171
515 173
515 175
515 177
515 179
516 181
516 183
516 184
516 186
516 188
516 189
516 191
516 193
516 194
516 196
516 197
516 199
516 200
516 201
516 203
516 204
515 205
515 206
515 207
515 208
515 209
515 210
514 209
513 209
512 209
511 209
510 209
508 209
507 209
506 209
504 209
502 209
501 209
499 209
497 209
495 209
493 209
491 209
489 209
486 209
484 209
482 209
479 209
477 209
475 209
472 209
470 208
468 208
466 208
464 208
461 208
459 208
457 208
455 208
453 208
451 208
450 208
448 208
446 208
445 208
444 208
442 207
441 207
440 207
439 207
438 207
437 207
436 207
435 207
435 208
435 209
435 210
435 211
435 212
435 213
435 214
435 215
436 216
436 217
436 219
436 220
436 222
436 223
436 225
436 227
437 228
437 230
437 232
437 234
438 236
438 237
438 239
438 240
439 242
439 243
439 244
439 245
439 246
439 247
439 248
440 249
440 250
440 251
439 251
439 252
438 252
437 252
436 252
435 252
434 252
433 252
432 252
431 252
429 252
428 252
426 252
424 252
422 252
420 252
418 252
416 252
414 252
413 252
411 252
409 252
407 252
405 252
404 252
402 252
401 253
399 253
398 253
397 253
396 253
395 253
394 253
393 253
392 253
391 253
390 253
389 253
389 252
388 252
388 251
387 251
387 250
387 249
386 248
386 247
386 246
385 245
385 243
384 242
384 240
384 238
383 236
383 233
383 231
382 229
382 226
381 224
381 222
381 220
381 218
380 216
380 214
380 213
380 212
380 210
379 209
379 208
379 207
379 206
378 205
378 204
377 204
376 204
375 204
374 204
373 204
372 204
371 204
370 203
369 203
368 203
366 203
365 203
363 203
361 203
359 203
357 203
355 203
353 204
351 204
348 204
346 204
344 204
342 204
340 204
339 204
337 204
335 204
334 204
333 205
332 204
331 204
330 204
329 204
329 205
330 205
330 206
330 207
331 207
331 208
331 209
331 210
331 211
331 212
332 213
332 215
332 216
332 218
332 220
332 222
332 224
332 226
332 229
332 231
333 234
333 236
333 238
333 241
333 243
333 245
334 246
334 248
334 249
334 251
334 252
335 253
335 254
335 255
335 254
334 254
333 254
332 254
331 254
330 254
329 254
328 254
326 254
325 255
323 255
321 255
320 255
318 255
315 256
313 256
311 256
309 257
306 257
304 257
302 257
300 257
297 258
295 258
293 258
291 258
289 259
288 259
286 259
285 259
284 259
283 259
282 259
281 259
280 259
279 259
279 258
279 257
279 256
279 255
279 254
278 253
278 252
278 250
278 249
278 247
277 245
277 242
277 240
276 238
276 235
275 232
275 230
274 227
274 225
273 223
273 220
273 218
272 216
272 215
272 213
272 212
271 211
271 209
271 208
271 207
271 206
270 205
270 204
269 204
268 204
267 203
266 203
265 203
264 202
263 202
262 202
260 202
259 202
257 201
256 201
254 201
252 201
250 200
248 200
246 200
244 200
242 199
240 199
238 199
237 199
235 199
233 199
231 199
230 199
228 199
227 198
226 198
225 198
224 198
223 198
222 198
221 198
220 198
219 198
218 198
218 197
217 196
217 195
217 193
216 192
216 191
215 189
215 187
214 184
214 182
213 179
213 177
212 174
211 172
211 169
210 167
210 165
209 163
209 161
208 159
208 158
207 157
207 155
207 154
207 153
206 152
206 151
206 150
205 149
206 149
207 149
208 149
209 149
211 149
212 149
213 149
215 149
217 149
219 149
221 149
223 149
225 149
227 149
230 149
232 149
235 149
237 149
240 149
243 149
245 149
248 149
251 149
253 149
256 149
258 149
261 149
263 149
265 149
267 148
269 148
271 148
272 148
274 148
275 148
276 148
277 147
278 147
279 147
280 147
280 146
279 146
279 145
279 144
278 144
278 143
278 142
278 141
278 140
277 139
277 138
277 136
276 135
276 133
276 131
276 130
275 128
275 126
275 124
274 122
274 120
274 118
273 116
273 115
273 113
272 111
272 110
272 108
272 107
271 105
271 104
271 102
271 101
270 99
270 98
270 97
270 95
270 94
269 93
269 92
269 91
269 90
269 89
268 89
268 88
268 87
267 87
267 86
267 85
267 86
268 86
269 86
270 86
271 86
272 86
273 86
274 86
275 86
277 86
278 86
280 85
282 85
283 85
285 85
287 85
289 85
292 86
294 86
296 86
299 86
301 86
304 85
307 85
309 85
312 85
315 85
317 85
320 85
323 85
325 85
328 85
331 85
333 85
336 85
338 85
341 85
343 85
345 84
348 84
350 84
352 84
354 84
355 84
357 84
359 84
360 84
361 84
362 83
363 83
364 83
365 83
366 83
367 83
366 83
365 83
364 83
