448
389 105
393 109
395 111
397 112
398 114
400 115
401 117
403 119
405 121
406 123
408 125
410 127
411 130
413 132
414 135
416 137
418 139
419 141
420 143
422 146
424 149
425 152
427 155
429 157
430 159
432 161
433 163
435 165
436 168
437 170
439 173
441 176
442 178
443 180
445 182
446 184
447 186
448 188
448 191
450 193
453 193
456 193
459 193
461 194
464 194
467 194
470 194
474 194
476 195
479 195
483 195
487 196
491 196
495 196
499 196
501 197
505 197
510 197
514 197
516 198
520 198
524 198
526 199
530 199
533 199
537 199
540 199
542 200
542 203
542 206
541 209
541 212
540 215
539 217
538 220
537 223
536 227
536 230
535 232
534 235
533 238
533 241
532 244
531 247
531 250
530 253
530 256
529 259
529 262
528 264
528 267
527 269
527 272
526 274
525 276
522 276
519 276
516 276
512 276
509 276
506 277
503 277
500 277
497 277
494 277
490 277
486 277
483 277
479 276
475 276
472 276
469 276
467 275
464 275
461 275
458 275
455 274
452 274
449 274
446 273
442 273
439 273
436 273
433 273
431 274
432 276
432 279
432 282
433 284
433 288
433 291
434 294
433 297
433 301
433 304
433 307
433 310
433 313
433 317
433 321
433 324
433 328
433 331
433 334
434 337
434 340
433 342
433 345
432 347
430 346
427 346
425 347
422 347
419 347
416 347
413 348
410 348
406 348
404 349
400 349
397 349
393 350
389 350
385 350
381 350
379 351
376 351
372 351
368 351
365 351
363 352
359 352
355 353
351 353
347 353
345 354
342 354
341 352
341 349
341 346
341 343
341 340
341 337
340 334
340 331
340 328
340 325
340 322
340 319
340 316
341 314
341 310
341 307
341 303
341 300
342 298
342 295
342 291
342 288
342 285
343 281
343 278
343 275
343 272
343 269
343 266
342 264
339 264
336 264
333 263
329 263
327 262
324 262
321 262
318 261
314 261
311 261
307 260
303 260
299 259
295 259
292 259
288 259
285 259
283 258
278 258
274 258
271 257
267 257
262 257
260 256
256 256
252 256
250 255
247 255
244 255
241 255
238 255
237 257
237 260
236 263
236 266
235 269
234 273
233 276
232 280
231 284
230 287
229 291
228 295
227 299
226 302
225 306
224 310
223 314
222 318
222 321
221 323
220 327
220 330
219 333
218 335
217 337
217 340
215 339
212 339
209 340
206 340
203 340
200 340
197 340
194 340
191 340
189 341
186 341
183 341
180 341
177 341
174 341
172 342
169 342
167 341
165 340
165 337
165 334
166 331
167 327
168 324
168 321
169 319
170 315
170 312
171 310
172 308
172 305
173 303
173 299
174 296
174 293
175 291
175 287
176 284
176 280
177 278
177 275
178 273
179 270
179 267
180 264
181 262
181 259
182 257
182 254
180 253
177 252
174 252
171 252
168 252
166 251
163 251
161 250
158 250
156 249
153 249
151 248
148 248
146 247
143 247
140 247
137 247
134 247
131 247
128 247
126 246
126 243
126 240
127 237
127 234
128 232
128 229
129 227
129 224
130 222
130 219
130 216
130 213
131 211
131 208
131 205
131 201
131 198
131 195
131 192
131 189
131 186
133 185
136 185
139 185
142 184
145 184
147 183
151 183
155 182
159 182
163 182
168 182
172 182
175 181
179 181
184 181
189 181
193 181
196 181
200 181
203 181
207 181
211 181
214 182
217 182
220 182
223 182
224 180
225 178
225 175
226 173
227 171
227 168
227 165
228 163
228 160
227 158
227 155
227 152
227 149
227 146
227 143
227 140
227 136
227 133
227 130
227 127
227 124
227 121
227 117
227 114
226 112
227 110
230 110
233 110
236 110
239 110
243 110
246 110
249 110
252 110
255 110
259 110
262 110
266 110
270 110
272 111
276 111
279 111
283 111
288 111
293 112
298 112
303 112
308 112
310 113
313 113
318 113
323 113
326 113
331 113
336 114
341 114
346 114
351 114
354 114
359 114
364 115
369 115
373 115
376 115
379 115
381 116
381 115
