416
412 130
414 134
416 136
417 138
419 140
421 142
422 144
424 147
426 150
427 152
429 155
430 157
431 159
432 161
433 163
434 165
436 167
437 169
438 171
440 173
441 175
442 177
444 179
445 181
447 183
448 185
450 187
451 189
453 192
454 194
456 196
457 198
459 200
460 202
462 204
463 206
464 208
465 210
468 213
469 215
471 217
472 219
474 220
476 221
479 221
483 221
486 221
489 221
491 220
495 220
499 220
503 220
507 220
510 220
514 220
518 220
522 220
526 220
529 220
533 220
537 220
540 220
543 220
543 223
544 225
544 229
544 232
544 235
543 238
543 242
543 245
543 249
543 253
543 258
542 260
542 263
542 267
542 270
542 275
542 279
542 282
542 287
542 291
542 295
542 299
542 302
542 305
542 308
542 311
542 314
540 315
537 315
533 316
530 316
526 316
522 316
517 316
513 316
509 316
505 317
501 317
497 317
493 317
489 317
485 317
481 317
477 317
474 317
470 317
467 317
464 317
461 317
458 317
456 318
457 320
457 323
457 326
457 329
457 332
458 335
458 338
458 341
458 344
459 347
459 351
459 354
459 357
459 360
459 364
459 367
459 370
459 373
459 376
459 379
458 381
455 381
452 381
449 381
446 382
442 382
439 382
436 383
432 383
430 384
426 384
422 385
418 385
414 385
412 386
408 386
404 387
400 387
396 388
392 388
389 388
386 388
384 389
381 389
380 387
379 385
378 383
377 380
377 376
376 374
376 371
376 368
376 364
375 361
375 357
375 353
375 350
375 346
376 343
376 339
376 335
376 332
376 328
376 325
376 322
376 319
376 316
375 314
372 314
369 314
365 314
361 314
358 314
354 314
350 314
348 313
344 313
339 312
335 312
330 312
328 311
325 311
320 311
317 310
312 310
308 310
305 310
301 310
297 310
294 310
291 310
288 310
285 310
285 313
285 316
285 319
285 322
285 325
285 329
285 334
285 338
285 341
285 345
285 348
285 352
285 356
285 360
284 363
284 366
283 370
283 373
283 376
281 377
278 377
275 377
272 377
269 377
265 377
261 377
259 378
255 378
251 378
248 378
244 378
241 379
237 379
232 379
228 379
225 379
221 379
218 379
216 380
214 379
211 379
210 377
210 374
210 371
211 368
211 365
211 361
212 357
212 354
213 349
214 344
215 342
215 339
216 337
217 332
218 328
219 324
220 321
221 318
222 315
222 312
223 310
224 308
225 305
224 303
221 303
218 303
215 303
212 303
209 302
206 302
203 302
199 302
197 301
194 301
190 301
186 301
183 301
179 301
176 301
173 301
170 301
167 301
164 301
162 300
159 300
157 299
156 297
156 294
157 292
157 289
158 286
158 283
158 280
159 278
159 275
159 272
159 269
160 266
160 263
160 260
160 256
160 252
160 249
160 246
160 243
160 239
160 236
160 233
160 230
161 228
161 225
162 223
165 223
168 223
172 222
176 222
180 222
183 222
185 221
188 221
191 221
196 221
199 221
202 221
205 221
210 221
213 221
216 221
221 221
224 221
229 221
233 221
237 221
241 221
244 221
247 221
250 221
253 221
254 218
254 215
255 213
255 210
256 208
256 204
257 202
257 198
258 196
258 193
258 190
258 187
258 184
259 181
259 178
259 175
259 171
259 168
259 165
259 162
259 159
259 156
259 153
259 150
259 147
259 144
259 141
259 138
262 138
265 139
269 139
273 139
275 140
280 140
285 140
290 140
295 140
298 140
301 140
304 140
307 140
310 141
314 141
317 141
320 141
323 142
327 142
330 142
334 142
338 142
342 143
346 143
350 143
354 143
358 143
363 143
367 143
372 143
376 143
380 144
383 144
387 144
390 144
394 144
397 144
402 144
406 144
409 144
412 144
412 142
