1450
445 65
451 71
452 72
453 73
454 74
455 75
456 76
456 77
457 78
458 79
459 80
460 82
461 83
462 84
463 85
464 86
464 87
465 88
466 90
467 91
468 92
469 93
470 94
471 96
471 97
472 99
473 100
474 101
475 102
476 104
477 105
478 106
479 107
480 108
481 109
481 110
482 112
483 113
484 114
485 115
485 117
486 118
487 119
488 121
489 122
490 124
491 125
492 126
492 127
493 128
494 129
495 130
495 131
496 132
497 133
498 134
498 135
499 136
500 137
500 138
501 139
501 140
502 141
502 142
503 142
503 143
503 144
504 145
504 146
505 147
505 148
506 149
506 150
507 151
507 152
508 152
509 152
510 152
511 153
512 153
513 153
514 153
515 153
516 153
517 153
518 153
519 153
520 153
521 153
522 153
523 153
525 153
526 153
527 153
528 153
530 153
531 153
533 153
534 153
535 152
537 152
538 152
540 152
541 153
543 153
544 152
546 152
547 152
549 152
550 152
552 152
553 152
555 152
557 152
558 152
560 152
562 152
564 152
565 152
567 151
569 151
570 151
572 151
574 151
575 151
577 150
578 150
580 150
581 150
583 150
584 150
585 150
587 150
588 150
589 150
591 150
592 149
593 149
594 149
596 149
597 149
598 149
599 149
600 149
601 148
602 148
603 148
604 148
606 147
607 147
608 147
609 147
610 147
611 146
612 146
613 146
614 146
615 146
616 146
617 146
618 146
619 146
619 147
619 148
619 149
619 150
620 151
620 152
620 153
620 154
620 155
620 156
621 157
621 158
621 159
621 160
621 161
621 162
621 163
622 164
622 165
622 166
622 167
622 168
623 169
623 170
623 171
623 172
623 173
623 174
624 176
624 177
624 178
624 179
624 180
624 181
624 182
624 183
624 184
625 185
625 186
625 188
625 189
625 190
625 192
625 193
626 194
626 195
626 197
626 198
626 199
626 200
627 202
627 203
627 204
627 205
627 206
627 207
627 208
627 209
627 210
627 211
627 213
627 214
627 215
627 216
627 217
627 218
627 219
627 221
627 222
627 223
627 224
627 226
627 227
627 228
627 229
627 230
627 231
627 232
627 233
627 234
627 235
627 236
627 237
627 238
626 239
625 239
624 239
623 239
622 239
621 239
620 239
619 239
617 239
616 239
615 239
614 239
612 239
611 239
609 239
608 239
606 239
605 239
603 239
602 239
600 240
598 240
597 240
595 240
593 240
592 240
590 241
588 241
587 241
585 241
584 241
582 241
581 241
580 241
578 241
577 241
576 241
574 241
573 241
572 241
571 241
569 241
568 241
567 241
565 241
564 241
563 241
561 241
560 241
559 241
558 241
556 241
555 241
554 241
553 241
552 241
551 242
550 242
548 242
547 242
546 242
545 242
544 242
542 242
541 242
540 242
538 242
537 242
536 242
534 242
533 242
532 242
530 242
529 242
528 242
526 242
525 242
524 242
523 242
521 242
520 242
519 242
517 242
516 242
514 242
513 242
512 242
510 242
509 242
507 242
506 242
504 242
503 242
501 242
500 242
498 242
497 242
496 242
495 242
494 242
493 242
492 242
491 241
490 241
489 241
488 241
488 242
487 242
487 243
487 244
487 245
487 246
487 247
487 248
487 249
487 250
487 251
487 252
487 253
487 254
487 255
487 256
487 257
487 258
486 259
486 260
486 261
486 262
487 263
487 264
487 265
487 266
487 267
487 268
487 269
487 270
487 271
487 272
487 273
487 274
487 275
487 276
487 277
487 278
486 279
486 280
486 281
486 282
486 283
486 284
486 285
486 286
486 287
486 288
485 289
485 290
485 291
485 292
485 293
485 294
485 295
485 296
485 297
485 298
484 299
484 300
484 301
484 303
484 304
484 305
484 306
484 307
484 308
484 309
484 310
483 311
483 312
483 313
483 314
483 315
483 316
483 317
483 318
483 319
483 320
483 321
484 322
484 323
484 324
484 325
484 326
485 327
485 328
485 329
485 330
485 331
484 331
484 332
483 332
482 331
481 331
480 331
479 331
478 331
477 331
475 331
474 331
473 331
471 331
470 332
468 332
467 332
465 332
463 332
462 332
460 332
458 333
456 333
454 333
453 333
451 333
449 333
447 333
446 333
444 333
443 333
441 333
439 333
438 333
436 333
435 333
433 333
432 333
430 334
429 334
427 334
426 334
425 334
423 334
422 334
421 334
420 334
418 334
417 334
416 334
415 335
414 335
412 335
411 335
410 335
409 335
407 336
406 336
405 336
404 336
402 336
401 336
400 337
399 337
397 337
396 337
395 337
394 337
393 337
392 338
391 338
389 338
388 338
387 338
386 338
385 338
384 338
383 339
382 339
381 339
380 339
379 339
378 340
377 340
376 340
375 340
375 339
374 339
374 338
374 337
374 336
375 336
375 335
375 334
375 333
375 332
376 331
376 330
376 329
377 328
377 327
377 326
378 325
378 324
378 323
378 321
379 320
379 319
379 318
379 316
379 315
379 314
379 312
379 311
380 310
380 308
380 307
380 305
380 304
380 302
380 301
380 299
380 298
380 297
380 296
380 294
380 293
380 292
380 290
380 289
380 288
381 286
381 285
381 284
381 283
381 281
381 280
381 279
381 277
382 276
382 275
382 274
382 272
382 271
382 270
383 269
383 268
383 267
383 266
383 265
383 264
384 263
384 261
384 260
384 259
385 258
385 257
385 255
385 252
385 250
386 249
386 248
386 247
386 245
386 244
387 243
387 242
387 241
387 240
387 239
388 238
388 237
388 236
389 235
389 234
389 233
389 232
390 232
390 231
389 230
388 229
387 229
387 228
386 228
385 228
384 228
384 227
383 227
382 227
381 227
380 227
379 226
378 226
376 226
375 225
373 225
372 225
370 225
369 224
367 224
366 224
364 224
363 224
361 224
360 224
358 224
357 224
356 224
354 224
353 224
352 224
350 224
349 224
348 223
347 223
346 223
345 223
344 222
343 222
342 222
341 222
340 222
339 222
338 222
337 222
336 221
335 221
334 221
333 221
332 221
331 221
330 220
329 220
328 220
327 220
326 220
325 219
324 219
322 219
321 219
320 219
318 219
317 219
316 218
315 218
313 218
312 218
310 218
309 217
308 217
306 217
305 217
303 217
302 216
300 216
299 216
297 216
296 216
294 215
293 215
292 215
290 214
289 214
288 214
287 214
286 213
284 213
283 213
282 213
281 213
280 213
279 213
278 213
277 213
276 213
274 213
273 213
272 213
271 213
270 214
269 214
268 214
267 214
266 215
265 215
264 215
264 216
263 216
263 217
263 218
262 219
262 220
262 221
262 223
262 224
262 225
262 227
262 228
262 230
262 232
262 234
262 236
262 238
262 240
262 242
262 244
262 246
262 248
262 249
262 251
262 253
262 255
262 257
262 258
262 260
262 262
262 263
262 265
261 266
261 267
261 268
261 269
261 270
261 271
261 272
261 274
261 275
260 276
260 277
260 278
260 279
260 280
260 281
260 282
260 283
260 284
260 285
260 286
260 287
260 288
260 289
260 290
260 291
260 292
260 293
260 294
259 295
259 296
259 297
259 298
259 299
259 300
258 301
258 302
258 303
258 304
258 305
258 306
257 307
257 308
257 309
257 310
257 311
257 312
257 313
257 314
257 315
256 315
256 316
256 317
256 318
256 319
256 320
256 321
256 322
256 323
256 324
255 325
255 326
254 327
253 327
253 326
252 326
251 326
250 325
249 325
248 325
247 324
246 324
245 324
244 324
243 324
242 324
241 324
240 324
239 324
238 324
237 324
236 324
235 324
234 324
233 324
233 325
232 325
231 325
230 325
229 325
228 325
227 325
226 325
225 325
224 325
223 325
222 325
221 325
220 325
219 325
218 325
217 325
216 325
215 325
214 325
213 325
212 325
211 325
210 325
209 325
208 325
207 325
206 325
204 325
203 325
202 326
201 326
200 326
199 326
198 326
197 326
196 326
195 325
194 325
193 325
192 325
191 325
190 325
189 325
188 325
187 325
186 325
185 325
184 324
183 325
182 324
181 325
180 325
179 325
178 325
177 325
176 325
175 325
175 324
175 323
176 323
176 322
176 321
176 320
176 319
176 318
176 317
176 316
176 315
176 314
176 312
176 311
176 310
176 309
176 308
176 306
177 305
177 304
177 303
177 302
177 300
177 299
177 298
177 297
177 295
177 294
177 293
177 292
177 291
177 289
177 288
177 287
178 286
178 285
178 284
178 283
178 282
178 281
178 279
178 278
178 277
178 276
178 275
178 274
178 273
178 272
179 270
179 269
179 268
179 267
179 266
179 265
179 264
179 263
179 262
179 261
180 260
180 258
180 257
180 256
180 255
180 253
180 252
180 251
180 250
180 249
180 248
181 247
181 246
181 245
181 244
182 243
182 242
182 241
183 240
183 239
183 238
183 237
184 236
184 235
184 233
185 232
185 231
185 230
186 228
186 227
186 226
186 225
187 224
187 223
187 222
187 221
188 221
188 220
188 219
188 218
188 217
189 217
189 216
189 215
188 215
188 214
187 213
186 213
185 212
184 212
183 212
182 212
181 212
180 211
179 211
178 211
177 211
176 211
175 211
174 210
173 210
172 210
171 210
169 210
168 210
167 210
166 210
164 209
163 209
161 209
160 209
159 209
157 209
156 209
155 209
153 209
152 209
151 209
150 209
148 209
147 209
146 209
145 209
144 209
142 209
141 209
140 209
139 209
138 209
137 209
136 209
134 209
133 209
132 209
131 209
130 210
129 210
128 210
127 210
126 209
125 209
124 209
123 209
122 209
121 209
120 209
119 209
118 209
117 209
116 209
115 209
114 209
113 208
112 208
111 208
110 209
109 209
108 209
107 209
106 209
105 209
104 209
103 209
102 209
101 209
100 209
99 208
99 207
99 206
99 205
99 204
99 203
99 202
99 201
99 200
99 199
99 198
99 197
99 196
99 195
99 194
99 193
99 192
98 191
98 190
98 189
98 188
98 187
98 186
98 185
98 184
98 183
98 182
97 181
97 180
97 179
97 178
96 177
96 176
96 175
95 174
95 173
95 172
95 171
94 171
94 170
94 169
94 168
94 167
94 166
94 165
94 164
94 163
94 162
94 161
93 161
94 160
94 159
94 158
93 157
93 156
94 156
94 155
94 154
94 153
94 152
94 151
94 150
94 149
94 148
94 147
94 146
94 145
94 144
94 143
94 142
94 141
95 141
96 141
97 141
98 140
99 140
100 140
101 140
102 140
103 140
104 140
105 140
106 140
107 140
108 140
109 140
110 140
111 140
112 140
113 140
115 140
116 140
117 140
118 141
119 141
120 141
122 141
123 141
125 141
126 141
128 141
129 141
130 141
132 141
133 141
135 141
137 141
138 141
140 141
141 141
142 141
144 141
145 141
147 141
148 141
149 141
150 141
151 141
152 141
153 141
154 141
155 142
156 142
157 142
158 142
159 142
160 142
161 142
162 142
163 142
164 142
165 142
166 142
167 142
168 142
169 142
170 142
171 142
172 142
173 142
174 142
175 142
176 142
177 142
178 142
179 142
180 142
181 142
182 142
183 142
184 142
185 142
186 141
187 141
188 141
189 141
190 141
190 140
191 140
192 140
193 139
194 138
194 137
193 137
193 136
193 135
193 134
192 133
192 131
191 130
191 129
190 127
190 126
190 125
190 123
189 121
189 120
189 118
188 117
188 115
188 114
188 112
187 111
187 109
187 108
186 107
186 105
186 104
185 103
185 102
185 100
184 99
184 98
183 96
183 95
183 93
183 92
182 90
182 89
182 87
182 86
182 85
181 84
181 82
181 81
181 80
181 79
181 78
180 77
180 76
180 75
180 74
180 73
180 72
180 71
180 70
179 70
179 69
180 68
181 68
181 67
182 67
183 67
184 67
185 67
186 67
188 67
189 67
190 67
191 67
193 67
194 68
196 68
197 68
199 68
201 69
202 69
204 69
205 70
207 70
209 70
211 70
212 71
214 71
216 71
218 71
219 72
221 72
223 72
224 72
226 72
227 72
229 72
230 72
232 72
233 72
235 72
236 72
238 72
239 73
241 73
242 73
244 73
246 73
247 73
249 74
250 74
252 74
254 74
255 74
257 74
259 74
261 74
262 74
264 75
266 75
268 75
270 75
272 75
274 75
276 75
278 75
280 75
282 76
284 76
286 76
288 76
290 76
292 76
294 76
296 76
298 76
300 76
302 76
304 76
306 76
309 76
311 76
313 76
316 76
318 77
320 77
323 77
325 77
328 77
330 77
333 77
335 77
338 77
340 77
343 77
345 77
348 77
350 77
353 77
355 77
357 77
360 77
362 77
364 77
367 77
369 77
371 77
373 76
376 76
378 76
380 76
382 76
384 75
386 75
388 75
390 75
393 75
395 74
397 74
399 74
401 74
404 74
406 74
408 74
410 74
412 74
414 74
416 73
418 73
420 73
422 73
424 73
426 73
428 73
430 73
432 73
434 73
436 73
437 73
439 73
440 73
441 73
442 73
443 73
444 72
445 72
445 71
445 70
445 68
