403
387 138
392 142
394 144
396 147
397 149
398 151
400 154
402 156
403 158
404 160
406 162
407 164
408 166
410 169
411 171
413 173
414 176
415 178
417 181
418 183
419 185
420 188
422 190
423 192
424 195
425 197
427 199
428 202
430 204
431 207
433 209
434 211
435 213
437 215
438 217
439 219
440 221
442 224
444 226
445 228
447 230
448 232
450 234
453 234
457 234
460 234
463 234
467 234
471 233
476 233
481 233
485 233
488 233
493 233
498 233
503 234
508 234
512 234
516 234
520 234
523 234
525 235
526 237
527 239
527 242
527 246
527 249
527 253
528 255
528 258
528 262
528 266
528 269
528 273
528 277
528 280
527 284
527 288
527 292
526 296
526 299
526 303
526 307
526 310
526 313
526 316
526 319
525 321
522 321
520 322
516 322
513 322
510 323
506 323
502 323
498 323
494 323
491 323
486 324
483 324
479 324
476 324
472 324
468 324
465 324
462 324
459 324
456 324
453 324
450 324
447 324
447 327
446 329
446 332
446 335
445 337
445 340
445 343
444 345
444 348
444 351
443 354
443 357
443 360
442 362
442 365
442 369
441 371
441 374
441 377
441 380
441 383
442 385
442 388
439 388
437 389
433 389
429 390
426 390
422 390
420 391
416 391
412 391
410 392
406 392
403 392
401 393
397 393
394 394
390 394
387 395
384 395
381 395
379 396
376 396
375 394
374 392
373 390
372 387
371 383
371 380
371 376
370 373
370 369
370 365
370 361
369 359
369 355
369 352
369 348
369 345
370 341
370 337
370 334
370 331
370 327
370 324
369 322
366 322
364 321
361 321
358 321
356 320
352 320
348 320
344 320
340 320
337 320
332 320
330 319
327 319
324 319
319 319
314 319
310 319
306 319
302 319
298 319
295 319
292 319
289 319
286 319
283 319
282 321
282 324
282 327
281 330
281 334
281 338
281 342
281 346
281 349
281 353
281 356
281 360
281 365
281 369
281 372
281 375
280 378
280 381
280 384
278 385
276 386
273 386
270 386
267 386
263 386
259 386
254 386
249 386
246 386
241 386
238 386
233 386
228 386
224 386
220 385
216 385
213 386
210 386
207 385
207 382
207 379
206 377
207 373
207 369
207 364
207 359
208 357
208 354
208 349
209 344
209 340
210 338
210 335
211 333
211 330
212 326
212 323
212 320
210 319
207 319
204 319
200 319
197 319
195 318
191 318
187 318
184 318
179 317
175 317
172 317
167 317
163 317
158 317
155 317
152 317
149 317
146 317
143 317
142 314
142 311
142 308
142 305
142 301
142 297
142 292
143 290
143 285
143 282
144 280
144 277
145 272
145 267
146 265
146 260
147 258
147 254
147 250
147 246
147 243
148 241
148 238
148 235
148 232
147 230
147 227
148 225
151 225
155 225
157 226
159 225
163 225
166 225
171 225
174 225
179 225
182 225
185 225
190 225
193 225
196 225
199 225
202 225
205 225
208 225
213 225
216 225
219 225
222 225
226 225
229 225
232 225
235 225
238 225
241 225
242 222
242 219
242 216
243 213
243 210
243 207
243 203
243 200
243 196
243 192
243 189
242 187
242 183
242 180
242 176
242 172
242 168
241 166
241 162
241 159
241 156
240 154
240 151
240 148
239 146
242 146
246 146
249 146
253 147
257 147
260 147
265 147
268 147
271 148
275 148
278 148
281 148
284 148
288 148
291 149
295 149
298 149
302 150
306 150
311 150
315 151
319 151
324 151
328 151
332 151
337 152
341 152
346 152
350 152
354 153
358 153
361 153
365 154
368 154
372 154
375 154
380 155
384 155
388 155
391 155
393 156
