774
178 53
179 58
180 59
180 60
180 61
181 62
181 63
182 64
183 65
183 66
184 67
184 68
185 69
186 70
186 71
187 72
188 73
189 74
190 76
191 77
192 78
192 80
193 81
194 83
195 84
195 86
196 87
196 89
197 90
198 91
198 93
199 94
200 96
201 97
202 99
202 101
203 102
204 104
204 106
205 107
206 109
207 111
208 112
209 114
210 115
211 117
211 118
212 120
213 121
214 123
215 124
215 126
216 127
216 129
217 130
218 131
218 133
218 134
219 134
219 135
219 136
219 137
219 136
220 136
220 137
221 137
222 137
223 137
224 137
224 136
225 136
226 136
227 137
228 137
229 137
230 137
231 137
232 137
233 137
234 137
235 137
237 137
238 137
239 137
240 137
241 137
242 137
244 137
245 137
246 137
248 137
250 137
251 137
253 137
255 137
257 137
259 137
261 137
263 137
265 137
266 136
268 136
270 136
273 136
275 136
277 136
280 136
282 136
284 136
286 136
287 136
289 136
291 136
292 136
293 136
294 136
295 136
296 137
297 137
298 137
299 137
299 138
299 139
299 140
299 141
299 142
299 143
300 143
300 144
300 145
300 146
300 147
300 148
300 149
301 150
301 151
301 152
301 153
301 154
301 155
301 156
301 157
301 158
301 159
301 160
301 161
302 162
302 163
302 164
302 165
302 166
302 167
302 168
302 169
302 171
302 172
302 173
302 174
303 176
303 177
303 178
303 179
303 180
303 181
303 182
303 183
303 184
304 184
304 185
304 186
304 187
304 188
304 189
304 190
305 190
304 190
303 190
302 190
301 190
300 190
299 190
297 190
296 190
295 190
294 190
293 190
291 190
290 190
289 190
288 190
286 190
285 190
283 190
282 190
280 190
278 190
276 189
274 189
272 189
271 189
269 189
268 189
266 189
265 189
263 189
261 189
260 189
258 189
256 189
254 188
253 188
251 188
249 188
248 188
246 188
245 188
244 188
243 188
241 188
240 188
239 187
237 187
236 187
234 187
233 187
232 187
230 187
229 187
228 187
227 187
226 187
225 187
224 187
223 187
223 188
223 189
223 190
222 191
222 192
222 193
222 194
222 195
222 196
222 197
222 198
222 199
222 200
222 201
222 202
222 203
222 204
222 205
222 206
222 207
222 208
222 209
222 210
222 211
222 212
222 214
222 215
222 216
222 217
222 219
222 220
222 221
222 222
222 223
222 224
222 225
222 226
222 227
222 228
222 229
223 229
223 230
223 231
223 232
222 232
221 232
220 232
219 232
218 232
217 232
216 232
215 232
214 232
213 232
212 232
210 232
209 232
208 232
206 232
205 232
204 232
202 232
201 232
200 232
198 232
197 232
196 232
194 232
193 232
191 232
190 232
188 232
186 232
185 232
183 232
182 232
180 232
179 232
178 232
177 232
176 232
175 232
174 232
173 232
172 232
171 232
171 231
171 230
171 229
171 228
170 228
170 227
170 226
170 225
170 224
170 223
170 222
169 222
169 221
169 219
169 218
169 217
169 216
169 215
169 213
169 212
169 211
169 210
169 209
169 208
169 207
169 206
169 205
169 204
169 203
169 202
169 200
169 199
169 198
169 197
169 196
169 194
169 193
169 192
169 191
169 190
168 189
168 188
167 188
166 188
165 188
164 188
163 188
162 188
161 188
160 188
159 188
158 188
157 188
156 188
155 188
154 188
153 188
152 188
151 188
149 188
148 187
147 187
145 187
144 187
142 187
141 187
139 187
137 187
135 187
134 187
132 187
131 187
129 187
127 187
125 187
123 187
122 187
120 187
118 187
116 187
114 187
113 187
111 186
110 186
109 186
107 186
106 186
105 186
104 186
103 186
102 186
100 186
99 186
98 186
97 186
96 186
95 186
94 186
93 186
92 186
91 186
90 186
89 186
88 186
88 187
88 188
88 189
88 190
88 191
87 192
87 193
87 194
87 195
86 196
86 197
86 198
86 199
86 200
85 201
85 202
85 203
85 204
85 205
85 206
85 207
85 208
85 209
85 210
86 211
86 212
86 213
87 214
87 215
87 216
88 217
88 218
87 219
87 220
87 221
87 222
87 223
87 224
88 224
88 225
88 226
87 226
86 226
85 226
84 226
83 226
82 226
81 226
80 226
79 226
78 226
77 226
75 226
74 226
73 226
71 226
70 226
68 226
66 226
65 226
64 226
63 226
62 226
60 226
59 226
58 225
57 225
56 225
55 225
54 225
53 225
52 225
51 225
51 224
51 223
51 222
50 222
50 221
50 220
50 219
50 218
50 217
50 216
50 215
50 214
50 213
50 212
50 211
50 210
50 209
50 208
50 207
50 206
50 205
50 204
50 203
50 202
50 201
50 200
50 198
50 197
50 196
50 195
50 194
50 193
49 192
49 191
49 190
49 189
49 188
49 187
48 186
47 186
46 186
45 186
44 185
43 185
42 185
40 185
39 185
38 185
37 185
36 185
35 185
34 185
33 185
32 185
31 185
30 185
29 185
28 185
27 185
26 185
25 185
24 185
23 185
22 185
21 185
20 185
19 185
18 185
17 185
17 184
17 183
16 182
16 181
16 180
16 179
16 178
16 177
16 176
16 175
16 174
16 173
16 172
16 171
16 170
16 169
16 168
16 167
16 166
16 165
16 164
16 163
16 162
16 161
16 160
16 159
16 158
16 157
16 156
16 155
16 154
16 153
16 152
16 151
16 150
16 149
16 148
16 147
16 145
16 143
16 142
16 141
16 140
16 139
16 137
16 136
16 135
16 134
16 133
16 132
16 131
16 130
16 129
17 129
18 129
19 129
20 128
21 128
22 128
24 128
25 128
28 128
31 128
34 128
36 127
39 127
41 127
43 127
45 126
47 126
49 126
51 126
52 126
54 125
56 125
57 125
58 125
60 125
61 125
62 125
63 125
64 125
65 125
65 124
65 123
65 122
65 121
65 120
65 119
65 118
65 117
65 116
64 115
64 114
63 113
63 112
62 111
62 110
61 109
61 108
61 107
61 106
60 104
60 103
60 102
60 100
60 99
60 98
60 96
60 95
60 94
60 92
60 91
60 90
60 88
60 87
59 85
59 84
59 82
59 80
59 79
59 77
58 76
58 75
58 74
58 73
58 72
57 71
57 70
57 69
57 68
58 68
59 68
60 68
61 68
62 68
63 68
64 68
66 68
67 68
69 68
70 68
72 68
74 68
75 68
77 68
79 68
80 68
82 68
84 68
86 68
87 68
89 68
91 68
94 68
96 69
98 69
101 69
103 69
105 69
107 69
109 69
111 69
113 69
115 70
117 70
119 70
121 70
123 70
125 70
127 70
129 70
131 70
132 70
133 70
135 70
136 70
138 70
139 70
140 70
142 69
143 69
144 70
145 70
146 70
147 70
148 70
149 70
150 69
151 69
152 69
152 68
152 69
153 69
152 69
153 69
154 69
155 69
156 69
157 69
158 69
158 68
157 69
158 69
158 70
158 71
158 72
159 72
