1045
388 84
395 93
396 95
397 96
399 97
401 99
402 100
404 102
406 103
407 105
409 106
411 108
412 110
414 111
415 113
417 115
419 117
420 119
422 121
424 123
425 125
427 127
429 128
431 130
432 132
434 133
436 135
437 136
439 138
440 139
442 141
443 143
445 144
446 146
448 148
449 150
451 152
453 153
454 155
456 157
457 158
459 160
460 161
461 162
462 163
464 164
465 165
466 166
466 167
467 167
468 168
469 168
469 169
470 169
471 170
472 170
472 171
473 171
474 171
475 171
476 171
477 171
478 171
479 170
481 170
482 170
484 170
486 170
488 170
490 170
492 170
494 171
496 171
499 171
501 171
504 171
506 170
509 170
511 170
513 170
516 170
518 170
521 170
523 170
526 170
528 170
530 170
533 171
535 171
537 171
539 171
541 171
543 171
545 171
547 171
549 171
551 172
553 172
555 172
557 172
559 172
561 172
563 172
565 172
567 172
569 172
570 172
572 172
573 172
574 172
575 172
576 172
577 172
578 172
579 172
580 172
581 172
582 172
583 172
583 173
584 173
584 174
585 175
585 176
585 177
585 178
586 179
586 180
586 181
586 183
586 184
587 186
587 187
587 189
587 191
587 192
587 194
587 196
587 198
587 200
587 202
587 204
587 206
588 208
588 210
588 212
588 215
588 217
588 219
588 221
588 223
588 225
588 227
589 229
589 231
589 233
589 235
590 236
590 238
590 240
590 241
590 243
590 244
590 246
590 247
590 249
590 250
590 252
590 254
590 255
590 257
590 258
590 259
590 260
590 262
590 263
590 264
590 265
590 266
590 267
590 268
590 269
590 270
590 271
590 272
589 272
588 272
587 272
586 272
585 272
584 272
583 272
582 272
580 272
578 271
577 271
575 271
572 271
570 271
567 270
565 270
562 270
559 270
556 270
554 270
551 270
548 270
545 270
542 270
540 270
537 270
534 269
531 269
529 269
526 268
524 268
521 268
519 267
516 267
514 267
511 266
509 266
507 266
504 266
502 266
500 265
498 265
496 265
494 265
492 265
490 265
488 265
486 265
485 265
483 265
482 265
480 265
479 265
477 265
476 265
475 265
474 265
473 265
472 265
471 265
470 265
469 265
469 266
469 267
469 268
469 269
469 270
469 271
469 272
469 273
469 274
469 276
469 278
468 279
468 281
468 283
468 285
468 287
467 290
467 292
467 294
467 296
466 299
466 301
466 303
466 306
466 308
466 310
466 312
466 314
466 316
466 318
466 320
466 321
466 323
466 324
466 326
466 328
466 329
465 331
465 333
465 334
465 336
464 338
464 340
464 342
464 343
463 345
463 347
463 349
463 351
462 352
462 354
462 356
461 358
461 360
461 361
460 362
460 364
460 365
459 365
459 366
458 367
457 367
457 368
456 368
455 368
454 368
453 368
452 368
450 367
449 367
447 366
446 366
444 365
442 365
440 364
438 364
435 364
433 363
430 363
428 363
425 363
423 363
420 363
418 363
416 364
413 364
411 364
409 364
407 364
405 364
403 364
401 364
399 364
397 364
395 364
393 364
391 364
390 364
388 364
387 363
385 363
384 363
382 362
381 362
379 362
378 362
376 362
375 362
374 362
372 362
371 362
369 362
368 362
367 362
366 362
365 362
364 362
363 362
362 362
361 362
360 362
360 361
359 360
359 359
359 358
358 357
358 356
358 354
358 353
358 352
358 350
358 349
358 347
359 346
359 344
359 342
359 340
359 337
359 335
359 333
359 331
359 328
359 326
359 324
359 322
359 320
359 318
359 316
359 314
359 311
359 309
359 307
359 305
359 303
359 301
359 300
359 298
359 296
359 294
359 293
359 291
359 289
359 287
359 285
360 283
360 281
360 280
360 278
360 276
360 274
361 273
361 271
361 269
361 268
360 267
360 265
360 264
360 263
360 262
360 261
360 260
359 260
359 259
358 259
357 259
356 259
355 259
354 259
353 259
351 259
350 258
348 258
347 258
345 258
343 258
341 258
339 258
337 257
335 257
332 257
330 257
327 257
325 257
322 257
320 257
317 257
314 257
312 257
309 257
307 258
304 258
302 258
299 258
296 259
294 259
291 259
289 259
286 259
284 259
281 259
279 259
277 259
274 259
272 259
269 259
267 259
264 259
262 259
259 259
257 259
254 259
252 259
250 260
247 260
245 260
243 260
241 261
239 261
237 261
236 261
234 262
233 262
232 263
231 263
230 264
229 265
228 266
228 268
228 269
228 270
227 272
227 274
227 276
227 278
228 281
228 283
228 285
229 288
229 290
230 292
230 295
230 297
231 299
231 302
231 304
231 306
231 308
232 311
232 313
232 315
232 317
232 318
232 320
232 322
232 323
232 324
232 326
232 327
232 329
232 330
232 332
232 333
232 335
232 337
232 338
232 340
232 341
232 343
232 344
232 345
232 347
232 348
232 349
232 350
232 351
232 352
232 353
232 354
233 355
233 356
233 357
233 358
233 359
233 360
232 361
231 361
230 361
229 361
228 361
227 361
225 361
224 360
222 360
221 360
219 359
217 359
215 359
214 358
212 358
210 358
208 358
206 358
204 358
202 359
201 359
199 359
197 359
195 359
194 360
192 360
190 360
188 360
187 360
185 360
183 360
181 360
180 361
178 361
177 361
175 361
174 361
173 360
172 360
170 360
169 360
168 360
167 360
166 360
164 360
163 360
162 360
160 360
159 360
158 360
157 361
156 361
155 361
154 361
153 361
152 361
152 362
151 362
150 362
149 362
149 361
148 361
148 360
148 359
147 358
147 357
147 355
147 354
147 353
147 351
147 350
147 348
147 347
147 345
147 343
147 341
147 339
147 337
147 335
147 333
147 330
147 328
147 326
147 324
147 322
147 320
147 318
147 316
147 314
147 312
147 310
147 308
146 305
146 303
146 301
146 299
146 297
145 295
145 294
145 292
144 291
144 289
144 288
144 286
144 285
144 284
144 282
144 280
145 279
145 277
146 276
146 275
146 273
147 272
147 271
148 269
148 268
149 267
149 266
150 265
150 264
150 263
150 262
150 261
150 260
149 260
148 260
147 259
146 259
145 259
144 259
143 258
142 258
141 257
140 257
138 256
137 256
136 255
134 255
132 254
130 254
128 254
126 253
124 253
122 252
119 252
117 251
114 251
112 251
110 251
107 251
105 251
102 251
100 251
98 251
96 251
94 252
92 252
90 252
88 252
86 252
85 252
83 252
81 252
80 252
78 252
77 252
76 251
74 251
73 251
72 251
71 251
70 251
69 251
68 250
67 250
66 250
65 250
64 250
63 251
62 251
62 250
62 249
62 248
62 247
62 246
62 245
62 243
62 242
62 240
62 239
62 237
62 235
62 232
61 230
61 228
61 225
61 223
61 220
60 218
60 215
60 213
60 210
60 208
60 206
60 204
60 202
60 200
60 198
60 196
60 193
60 191
60 189
60 187
60 185
60 183
60 182
60 180
60 178
60 177
60 175
59 174
59 172
59 171
59 170
59 169
59 168
59 167
59 166
60 166
60 165
61 165
62 165
63 165
64 164
65 164
66 164
67 164
68 164
69 164
70 164
71 164
72 164
74 164
75 164
76 164
77 164
79 164
80 164
82 164
84 164
86 163
88 163
90 163
91 163
93 163
94 163
96 163
97 163
98 163
99 163
100 163
101 163
102 163
103 163
104 163
105 163
106 163
107 163
108 163
109 163
110 163
111 163
112 163
113 163
114 163
115 163
117 163
118 163
120 163
121 163
122 163
124 163
125 163
126 164
128 164
129 164
130 164
132 164
133 164
135 164
137 164
138 165
140 165
141 165
143 165
144 165
145 164
146 164
147 164
149 164
150 164
151 164
152 164
153 164
154 164
154 163
155 163
155 162
155 161
155 160
155 159
154 158
154 157
154 156
154 155
154 154
153 153
153 152
153 150
152 149
152 148
152 146
151 145
151 144
151 142
150 141
150 140
149 139
149 138
148 137
148 136
147 135
147 134
146 132
146 131
146 130
145 129
145 128
145 126
144 125
144 124
144 123
144 122
144 121
143 120
143 119
143 118
143 116
143 115
143 114
143 113
143 112
143 111
142 110
142 109
142 108
142 107
142 106
142 105
141 104
141 103
141 102
141 101
141 100
141 99
141 98
141 97
141 96
142 95
142 94
142 93
142 92
142 91
142 90
142 89
142 88
142 87
142 86
142 85
142 84
142 83
142 82
143 82
144 82
145 82
146 82
147 82
148 82
150 82
151 82
153 82
154 82
156 82
158 82
161 82
163 82
166 82
168 82
171 82
174 82
177 82
179 81
182 81
185 81
188 81
191 81
194 81
197 81
200 81
203 81
206 81
209 81
212 81
215 80
218 80
221 80
224 80
227 80
230 80
233 80
235 80
238 80
241 80
244 80
247 80
249 80
252 80
255 80
258 80
261 80
263 80
266 80
269 80
271 80
274 80
277 80
279 81
282 81
284 81
287 81
289 81
292 81
294 81
297 82
300 82
302 82
305 83
308 83
311 83
313 83
316 84
319 84
322 84
324 84
327 85
330 85
332 85
335 86
337 86
340 87
342 87
344 87
347 87
349 88
351 88
353 88
355 88
357 88
359 89
361 89
363 89
364 90
366 90
368 91
369 91
371 91
372 91
374 92
375 92
376 92
377 92
379 92
380 92
381 93
382 93
383 93
384 93
385 93
385 94
386 94
386 93
386 92
386 91
