394
414 112
418 117
420 118
421 121
423 123
425 125
426 127
428 130
430 133
432 136
434 139
435 141
437 144
438 146
439 148
440 150
441 152
442 154
443 156
444 158
445 160
446 162
447 164
448 166
449 169
450 171
451 173
452 175
453 177
454 181
455 183
456 185
457 188
458 190
459 192
462 192
465 192
469 193
472 193
475 193
478 193
482 193
486 194
490 194
494 195
497 195
501 195
503 196
507 196
511 196
515 197
518 197
522 197
526 198
530 198
533 199
537 199
540 199
543 199
545 200
546 202
546 205
545 207
545 210
545 213
544 216
544 219
544 222
544 226
543 229
543 233
543 237
543 240
543 244
543 247
543 251
542 253
542 257
542 260
541 264
541 267
541 270
541 273
541 276
540 278
540 281
537 281
534 281
531 281
528 282
525 282
521 282
519 283
515 283
511 284
508 284
504 284
500 284
498 285
494 285
490 285
486 285
483 285
480 285
476 285
473 285
470 285
467 285
464 286
461 286
458 286
455 286
453 287
453 290
453 293
453 296
453 299
453 303
453 307
453 310
453 314
452 316
452 319
452 322
452 325
452 328
451 330
451 334
451 337
451 340
450 342
448 343
446 344
443 344
441 345
438 345
435 345
432 346
429 346
425 347
422 347
418 347
415 348
412 348
410 349
406 349
403 350
400 350
397 350
394 350
391 350
389 351
388 349
387 347
387 344
386 342
386 339
386 336
385 333
385 330
385 327
385 324
385 321
385 318
385 315
385 312
385 308
386 305
386 302
386 299
386 296
386 293
385 291
385 288
385 285
383 284
380 284
377 284
373 284
369 284
366 284
363 284
360 284
356 284
353 283
349 283
346 283
342 283
340 282
337 282
334 282
330 282
326 282
322 282
319 282
316 282
313 282
310 282
308 281
305 281
304 283
304 286
303 290
303 293
303 297
303 301
303 304
303 308
303 312
303 316
303 320
303 324
303 327
303 331
303 334
303 337
301 338
298 338
296 339
293 339
290 339
287 339
284 339
281 339
278 339
276 340
272 340
268 340
264 340
261 340
257 340
253 340
249 341
245 341
242 341
239 341
237 342
234 342
233 340
233 337
234 335
234 332
235 330
236 327
236 324
237 321
237 318
237 315
238 313
238 310
238 307
239 305
239 302
239 299
239 296
240 294
240 290
241 288
241 285
241 282
242 280
241 278
239 277
237 276
234 276
231 276
228 276
225 276
221 276
217 276
213 276
209 276
206 276
202 276
198 276
195 276
191 276
188 276
185 276
183 275
182 273
182 270
182 267
183 265
183 262
183 259
183 256
183 253
183 250
183 247
183 244
183 241
183 238
184 235
184 232
184 229
185 226
185 223
185 220
185 217
185 214
185 211
185 208
185 205
186 203
189 203
192 203
195 202
198 202
201 202
204 201
207 201
211 201
216 200
220 200
225 200
229 200
231 199
236 199
240 199
242 200
247 200
251 200
255 200
259 200
263 200
266 200
269 200
272 200
275 200
278 200
279 197
279 194
279 191
280 189
280 186
280 183
280 180
280 177
280 174
279 172
279 169
279 166
279 163
279 160
278 156
278 152
278 149
278 146
278 143
277 140
277 137
277 133
276 131
276 128
276 125
275 123
276 121
279 121
282 121
286 121
289 121
293 121
297 121
302 121
306 121
311 121
315 121
320 121
324 121
327 121
330 121
335 121
340 121
343 121
348 121
351 122
354 122
357 122
362 122
365 122
368 122
371 122
376 122
379 122
384 122
389 122
393 122
397 122
400 122
403 122
405 123
407 124
410 123
