672
405 111
399 109
397 109
395 109
393 110
391 110
389 110
387 110
384 110
382 110
379 110
377 110
374 110
371 110
368 110
365 110
362 110
359 110
355 110
352 110
348 109
345 109
341 109
337 109
334 109
330 109
326 108
322 108
318 108
314 108
309 108
305 108
301 107
297 107
293 107
289 107
285 107
281 107
277 107
273 107
269 107
266 106
263 106
260 107
257 107
254 107
252 107
250 107
249 107
248 107
247 107
246 107
245 107
246 108
246 109
246 110
246 111
246 112
246 114
246 115
246 117
246 118
246 120
246 122
246 124
245 126
245 128
245 131
245 133
244 136
244 139
244 142
243 145
243 148
243 150
242 153
242 156
241 159
241 162
240 165
240 168
239 171
239 174
238 176
237 178
237 181
236 183
236 185
235 187
235 188
235 190
234 191
234 192
234 193
233 194
233 195
233 196
232 197
231 197
230 197
229 198
228 198
226 198
225 198
223 198
221 198
219 198
216 198
214 198
211 199
208 199
205 199
202 199
199 199
196 200
193 200
189 200
186 200
183 201
180 201
177 201
174 201
172 201
170 202
168 202
166 202
165 202
164 202
163 202
162 202
161 202
161 203
161 204
162 205
162 206
162 207
162 208
162 210
162 211
162 213
162 215
162 216
162 218
162 220
162 223
162 225
162 227
162 229
162 232
161 234
161 237
161 240
160 242
160 245
159 247
159 249
158 252
158 254
157 255
157 257
156 258
156 260
156 261
155 262
155 263
155 264
154 264
154 265
155 265
155 266
156 266
157 266
157 267
158 267
159 267
160 267
161 267
163 267
164 267
165 267
167 267
169 268
171 268
173 268
175 268
177 268
179 268
182 268
185 268
188 268
191 268
194 268
197 268
200 268
203 269
206 269
209 269
212 269
214 269
217 269
220 269
222 269
224 269
227 269
228 269
230 269
232 269
233 269
234 269
235 270
236 270
236 271
236 272
235 272
235 273
235 274
235 275
235 276
234 277
234 278
234 280
234 281
234 283
234 285
234 286
234 288
235 290
235 292
235 295
235 297
235 299
236 301
236 304
236 306
237 309
237 311
237 313
237 316
237 318
237 320
238 322
237 324
237 326
237 328
237 330
237 332
237 333
237 334
236 335
236 337
236 338
236 339
236 340
235 340
235 341
236 341
236 342
237 343
238 343
239 343
240 343
241 343
242 343
243 343
245 343
247 342
249 342
251 342
253 342
256 342
258 342
261 342
264 342
267 341
271 341
274 341
277 341
280 341
284 341
287 341
290 341
293 341
295 341
298 340
301 340
303 340
305 340
307 340
309 340
310 340
312 340
313 340
314 340
315 340
316 340
317 340
318 340
319 339
319 338
320 338
320 337
320 336
321 335
321 334
321 333
322 332
322 330
322 329
323 327
323 325
324 324
324 322
324 320
325 317
325 315
326 313
326 311
326 308
327 306
327 304
327 302
327 299
328 297
328 295
328 293
328 291
328 289
328 287
328 285
328 284
328 282
328 281
328 280
328 279
328 278
328 277
329 278
330 278
331 278
332 278
333 278
334 278
336 279
337 279
339 279
341 279
343 279
346 279
348 279
350 279
353 279
356 278
359 278
362 278
365 278
368 278
371 277
373 277
376 277
379 277
381 277
383 277
385 277
387 277
389 277
391 277
392 277
393 277
394 277
395 277
396 277
397 277
397 278
397 279
397 280
397 281
397 282
397 283
397 285
397 287
397 289
397 291
397 293
397 295
397 297
396 300
396 302
396 304
396 307
396 309
395 311
395 314
395 316
395 317
395 319
394 321
394 322
394 324
394 325
394 326
393 326
393 327
393 328
393 329
394 329
395 329
396 330
397 330
398 330
400 330
401 330
403 330
405 331
407 331
409 331
411 331
414 332
417 332
420 332
423 332
426 333
429 333
432 333
435 333
438 333
441 333
444 333
446 333
449 333
451 333
454 333
456 333
457 333
459 333
460 333
461 333
462 333
463 333
463 332
463 331
463 330
463 329
463 328
464 327
464 326
464 325
464 324
465 322
465 321
465 319
466 317
466 315
466 313
467 311
467 309
468 306
468 304
468 302
469 300
469 297
469 295
469 293
469 291
470 289
470 287
470 285
470 284
470 283
470 281
470 280
470 279
470 278
470 277
471 277
472 277
473 277
474 277
475 277
476 277
478 277
479 278
481 278
482 278
484 278
486 278
488 278
490 278
493 278
495 278
498 278
501 278
504 278
507 278
510 278
514 278
517 278
520 278
524 278
527 278
530 278
533 278
536 278
539 278
542 278
545 278
548 278
550 278
552 278
554 278
556 278
558 278
559 278
560 278
561 278
562 277
563 277
564 277
564 276
565 275
565 274
565 273
565 272
565 271
566 270
566 269
566 268
566 266
567 265
567 263
567 261
568 260
568 258
569 256
569 254
570 252
571 249
571 247
572 245
572 242
573 240
574 237
574 235
575 232
575 230
576 228
576 225
577 223
577 221
578 220
578 218
579 216
579 215
579 214
580 213
580 212
580 211
580 210
580 209
580 208
579 208
578 208
577 208
576 208
575 208
574 208
573 208
572 208
571 208
570 208
568 208
567 208
565 208
563 208
561 208
559 208
556 208
554 208
551 208
548 208
546 208
543 208
540 208
537 208
533 208
530 208
527 208
524 208
520 209
517 209
517 209
514 209
510 209
507 209
504 209
501 209
501 209
498 209
495 209
492 209
490 209
487 209
485 209
483 209
481 209
479 209
477 210
476 210
474 210
473 210
472 210
471 210
470 210
469 210
468 210
467 210
467 209
467 208
467 207
466 206
465 205
465 204
464 203
464 202
463 201
462 199
461 198
461 196
460 195
459 193
458 191
456 190
455 188
454 186
453 184
451 182
450 180
448 178
447 176
445 174
444 172
442 170
440 168
439 166
437 163
436 161
434 159
432 157
431 155
429 153
428 151
426 149
424 146
423 145
421 142
420 141
418 139
417 137
415 135
414 133
413 131
412 130
411 128
410 127
409 126
409 125
408 124
407 123
407 122
406 121
406 120
405 119
405 119
