408
416 124
420 129
422 130
423 132
424 134
427 136
429 139
431 140
432 142
434 143
435 145
436 147
438 149
439 151
441 152
442 154
443 156
445 159
446 161
447 163
449 165
450 167
452 169
453 171
455 173
456 175
458 178
460 180
461 182
463 184
464 186
466 188
467 190
469 191
471 193
472 195
474 197
475 199
477 201
478 203
480 205
481 207
483 208
484 210
487 212
488 214
490 215
491 217
493 218
496 218
500 218
503 218
506 217
510 217
514 217
518 217
522 217
526 217
530 217
534 217
537 217
541 217
544 217
547 217
550 217
553 217
556 217
558 218
558 221
558 224
558 227
558 230
558 233
558 237
558 240
557 244
557 248
557 252
556 256
556 260
556 264
556 267
556 271
556 275
556 278
556 282
555 284
555 287
555 290
555 293
555 296
555 299
555 302
555 305
554 307
551 307
549 308
546 308
543 308
539 308
535 308
531 308
527 308
524 308
520 308
517 308
513 308
510 308
506 308
503 308
500 308
497 308
493 308
490 308
487 308
485 309
485 312
485 315
486 318
486 321
486 325
486 328
486 331
486 334
486 337
485 340
485 344
485 347
485 350
485 353
485 356
485 359
485 362
484 364
482 365
479 365
477 366
474 366
471 367
468 367
465 367
462 368
459 368
456 368
454 369
450 369
447 369
443 370
439 370
435 370
433 371
429 371
425 371
421 372
418 372
415 372
412 372
409 372
408 370
407 368
406 366
406 363
405 361
405 357
404 355
404 352
404 349
404 345
404 342
403 339
403 335
403 332
403 329
403 326
403 323
402 321
402 317
402 314
402 311
402 308
400 307
397 307
394 307
392 308
389 308
386 308
383 308
380 308
376 308
373 307
369 307
365 307
361 307
356 307
352 307
348 307
346 306
342 306
338 307
335 307
332 307
329 307
326 307
323 307
322 309
322 312
322 316
322 319
322 322
322 326
322 329
322 332
322 336
322 339
322 343
322 346
322 349
322 352
322 355
322 358
322 361
322 364
321 366
319 367
316 367
313 367
310 367
308 368
304 368
301 368
297 368
293 368
289 369
286 369
282 369
278 369
276 370
271 370
267 370
263 370
260 370
257 370
254 370
252 371
249 371
249 368
249 365
249 362
249 359
249 356
249 353
250 350
250 347
250 344
251 341
251 337
251 334
252 330
252 327
252 324
253 322
253 318
253 315
254 312
254 309
254 306
253 304
251 303
247 303
245 304
242 304
238 304
235 304
231 304
228 304
224 304
220 304
218 303
214 303
211 303
208 303
205 303
202 303
199 303
195 303
192 303
189 303
187 302
187 299
187 296
187 293
188 291
188 288
189 285
189 282
189 279
189 275
189 272
190 270
190 267
190 263
190 259
191 257
191 254
191 250
191 247
192 244
192 241
192 238
192 235
192 232
192 229
193 227
195 226
198 226
201 226
204 226
208 225
212 225
217 225
221 225
224 225
228 225
231 225
236 226
240 226
243 226
248 226
252 226
255 226
259 226
263 226
267 226
270 226
273 226
274 224
275 222
275 219
276 217
277 214
277 211
277 208
277 204
277 200
278 197
278 193
277 191
277 188
277 184
277 180
277 177
277 174
277 171
277 167
277 164
277 161
277 158
277 154
277 151
277 147
277 144
277 141
277 138
277 135
277 132
278 130
280 129
282 130
286 130
290 130
295 130
300 129
305 129
308 129
311 129
314 129
317 129
320 129
323 129
326 129
329 129
332 129
335 129
338 129
342 129
345 129
348 129
351 129
354 129
358 129
361 129
365 128
368 128
372 128
376 128
379 128
383 128
386 128
389 128
392 128
395 128
398 129
401 129
406 129
409 130
412 130
414 129
415 128
