860
236 70
237 74
237 75
238 75
238 76
239 77
239 78
240 79
240 80
241 81
241 82
241 84
242 85
242 86
243 88
244 89
244 90
245 91
246 93
247 94
248 96
249 97
250 99
251 101
252 103
253 105
254 106
256 108
257 110
258 112
259 113
260 115
261 117
262 118
263 120
264 122
265 124
266 126
267 128
267 130
268 132
269 133
270 135
271 136
272 138
273 139
274 141
275 142
276 144
277 145
278 147
279 148
280 150
280 151
281 153
282 154
282 155
283 156
283 157
284 158
285 159
286 159
287 159
288 159
289 159
290 159
291 159
292 159
293 159
294 159
296 159
297 159
298 159
299 159
300 159
301 159
303 159
304 159
305 159
306 159
307 159
309 159
310 159
311 159
312 159
314 159
315 159
317 159
319 159
321 159
323 159
325 159
327 159
329 159
331 159
332 159
334 159
336 159
338 159
340 159
342 159
344 159
346 159
348 159
350 159
352 159
354 159
356 159
357 159
359 159
360 159
362 159
364 159
366 159
367 159
368 159
370 159
371 159
372 159
373 159
374 159
375 159
374 159
374 160
375 160
375 161
374 161
374 162
374 163
374 164
374 165
375 166
375 167
375 168
375 169
375 170
375 171
375 173
375 174
375 175
375 177
375 178
375 179
375 180
375 182
375 183
375 184
375 185
375 187
375 188
375 190
375 192
375 193
375 195
375 197
375 198
375 200
375 201
375 202
375 203
375 204
375 205
375 206
375 207
376 208
376 209
376 210
376 211
377 211
376 211
377 211
376 211
375 211
374 211
373 211
372 211
371 211
369 211
368 211
366 211
365 211
363 211
361 211
359 211
357 211
356 211
354 212
351 212
349 212
347 212
345 212
343 212
340 212
338 212
336 212
334 211
331 211
329 211
326 211
324 211
321 211
318 211
316 211
313 211
310 211
308 211
305 211
302 211
300 211
297 211
294 211
292 211
289 211
287 210
285 210
283 210
281 210
279 210
277 210
275 210
273 210
272 209
270 209
269 209
268 209
267 209
266 208
265 208
265 209
265 210
266 210
266 211
265 212
265 213
265 214
265 215
265 216
265 217
265 218
265 220
265 221
265 222
265 223
265 224
265 225
265 226
264 227
264 228
264 229
264 231
264 232
264 233
264 235
264 236
263 238
263 239
263 241
263 242
263 244
263 245
263 246
263 247
263 249
263 250
263 251
263 252
263 253
263 254
263 255
263 256
263 257
263 258
263 259
263 260
263 261
263 260
262 260
262 261
261 261
260 261
259 262
258 262
257 262
256 262
254 263
253 263
252 263
250 263
248 263
247 264
246 264
244 264
243 264
241 264
240 264
238 264
237 264
235 264
233 264
232 264
230 264
228 264
227 264
225 264
224 264
223 264
222 264
221 264
220 264
219 264
218 264
217 264
216 264
215 264
214 264
213 264
212 264
211 264
211 263
211 262
210 262
210 261
210 260
210 259
210 258
210 257
210 256
209 255
209 254
209 253
209 252
209 251
208 250
208 249
208 247
208 246
208 245
208 243
207 242
207 240
207 239
207 237
207 235
207 234
207 232
207 231
207 230
207 228
207 227
207 226
206 224
206 223
206 222
206 220
206 219
206 217
207 216
207 215
207 214
207 213
207 212
207 211
207 210
206 210
206 209
205 209
204 209
203 209
202 209
201 209
200 209
199 209
198 209
197 209
196 209
195 209
194 209
192 209
191 209
189 209
188 209
186 209
184 209
182 209
180 209
179 209
177 209
175 209
173 209
171 209
169 210
167 210
165 210
163 210
161 210
159 210
157 210
155 210
154 209
152 209
151 209
149 209
148 209
146 209
145 209
143 209
142 208
140 208
139 208
137 208
136 208
135 208
134 208
133 208
132 208
131 208
130 208
129 208
128 208
128 207
127 207
126 207
125 207
124 207
123 206
122 206
122 207
122 208
122 209
122 210
122 211
122 212
122 213
122 214
122 216
122 217
122 218
122 219
122 221
122 222
122 223
122 225
122 226
122 228
122 229
122 231
122 232
122 234
121 236
121 237
121 239
121 241
121 243
121 245
120 246
120 248
120 249
120 251
120 252
120 253
120 254
120 255
120 257
120 258
120 259
120 260
120 261
120 262
120 263
120 264
120 265
120 266
121 266
120 266
119 266
118 267
117 267
116 267
115 267
114 267
113 267
112 267
111 267
110 267
109 267
108 268
107 268
106 268
105 268
104 268
102 268
101 268
99 268
97 268
96 268
94 268
92 268
90 268
89 268
87 268
86 268
84 268
83 268
82 268
81 268
80 268
79 268
78 267
77 267
76 267
75 267
74 267
73 267
73 266
74 266
73 266
74 266
73 266
73 265
72 264
72 263
71 262
71 261
71 260
70 259
70 258
70 257
70 256
69 255
69 254
69 253
69 252
69 250
68 249
68 248
68 247
68 246
68 245
68 243
68 242
67 240
67 239
67 238
67 236
67 233
67 232
67 230
67 229
67 228
67 227
67 226
67 224
67 223
67 222
67 221
67 219
67 218
67 217
67 216
67 214
67 213
67 212
66 212
66 211
66 210
66 209
66 208
65 208
64 208
63 208
62 208
61 208
60 208
59 208
58 208
57 208
56 208
55 208
54 208
53 208
51 209
50 209
49 209
47 209
46 209
45 209
43 209
42 209
41 209
40 209
39 209
38 209
37 210
36 210
35 210
34 210
33 210
32 210
30 210
29 210
28 210
27 210
26 210
26 209
26 208
26 207
25 206
25 205
25 203
25 202
25 201
25 200
25 199
25 198
25 197
25 196
25 195
25 193
25 192
25 191
25 189
25 188
25 187
25 186
25 184
25 183
25 181
25 180
25 178
25 177
25 175
24 174
24 172
24 171
24 169
24 167
24 166
24 164
24 163
24 161
24 160
24 158
24 157
24 156
24 154
24 153
24 152
24 150
23 149
23 148
23 147
23 146
23 145
23 144
23 143
24 142
24 141
24 140
24 139
26 139
28 139
31 139
33 138
35 138
36 138
38 138
40 138
41 138
43 138
44 138
45 138
46 138
48 138
49 138
50 138
51 138
52 138
53 138
54 138
55 138
56 138
57 138
58 138
59 138
60 138
61 138
62 139
63 139
64 139
65 139
66 139
67 139
68 139
69 139
70 139
71 139
72 140
73 139
75 140
76 140
77 140
78 139
79 139
81 140
82 140
83 140
84 140
85 140
86 140
87 140
88 140
89 140
90 140
91 140
92 140
92 139
92 138
92 137
92 136
92 135
92 134
92 133
92 132
92 130
92 129
91 127
91 126
91 124
91 123
91 121
91 119
90 118
90 116
90 115
90 113
90 112
90 110
89 109
89 107
89 106
89 104
89 102
88 100
88 99
88 97
88 96
87 94
87 93
87 92
86 91
86 90
85 89
85 88
85 87
85 86
85 85
85 84
84 83
84 82
84 81
84 80
84 79
85 79
86 80
87 80
88 80
89 80
91 79
92 79
93 79
94 79
95 79
97 79
99 79
100 79
102 78
103 78
105 78
107 78
108 78
109 78
111 78
112 79
114 79
115 79
117 79
119 79
121 79
122 79
124 80
126 80
128 80
129 80
131 80
132 80
134 81
136 81
138 81
140 81
142 82
144 82
146 82
148 83
150 83
152 83
153 83
155 83
157 83
159 84
161 84
163 84
165 84
167 84
169 84
171 84
173 84
174 84
176 84
178 84
180 84
182 84
184 84
186 84
188 84
190 84
192 84
194 84
195 83
197 83
199 83
200 83
202 83
203 83
205 83
206 83
208 83
209 83
211 83
212 83
214 83
215 83
217 83
218 83
219 83
220 83
221 83
222 83
223 83
224 83
225 83
226 83
227 83
227 84
228 83
228 84
227 84
227 85
226 85
226 86
225 86
