868
418 80
423 88
424 90
426 91
427 93
428 95
430 96
432 98
433 100
435 102
437 104
439 106
441 108
443 110
445 112
447 114
448 116
450 118
452 120
454 122
455 124
457 126
459 128
461 130
463 132
464 134
466 136
468 138
469 141
471 143
472 145
474 147
475 149
476 150
478 152
479 154
480 155
481 157
482 158
483 159
484 161
485 162
486 163
486 164
487 164
487 165
488 166
489 167
489 168
489 169
490 169
490 170
490 171
491 172
491 173
492 173
493 173
494 173
497 173
498 173
500 173
501 173
502 173
504 172
505 172
507 172
509 172
511 172
513 172
515 171
517 171
519 171
521 171
523 171
525 170
528 170
530 170
532 170
534 170
536 169
538 169
540 169
542 169
544 169
546 169
548 169
550 169
553 169
555 169
557 168
559 168
561 168
563 168
565 168
567 168
569 168
571 167
573 167
574 167
576 167
578 167
580 167
582 167
583 167
585 167
586 167
588 167
589 167
590 167
591 167
592 167
593 167
594 167
594 168
595 168
596 168
597 169
598 170
598 171
598 172
598 173
598 174
598 175
598 177
599 178
599 180
599 182
600 184
600 186
600 188
601 190
601 192
601 194
601 197
602 199
602 202
602 204
602 207
602 209
602 212
603 214
603 217
603 219
604 222
604 224
604 227
604 230
604 232
604 235
604 237
604 239
604 242
604 244
605 246
605 248
605 250
605 252
605 254
605 255
606 257
606 259
606 260
606 262
606 263
606 264
606 265
606 266
606 267
606 268
606 269
606 270
605 270
605 271
604 271
603 271
602 271
600 272
599 272
598 272
596 272
594 272
592 272
590 272
587 272
585 272
582 273
579 273
576 273
573 273
570 273
567 273
563 273
560 273
556 273
553 273
549 273
546 273
542 274
539 274
535 274
531 274
528 274
524 275
520 275
516 275
513 276
509 276
506 277
503 277
500 277
497 277
494 278
491 278
489 278
486 279
484 279
482 279
480 279
479 279
477 279
476 279
475 279
474 279
473 279
473 280
473 281
473 282
473 283
473 284
473 286
473 287
473 288
473 290
473 292
473 293
473 295
472 297
472 299
472 301
472 303
471 305
471 307
471 310
471 312
470 314
470 316
470 318
470 320
470 322
470 325
469 327
469 329
469 331
469 333
469 335
468 337
468 339
468 341
468 343
468 344
468 346
467 348
467 349
467 351
467 352
466 354
466 355
466 357
466 358
465 359
465 361
465 362
465 363
465 364
465 365
465 366
464 367
464 368
463 368
462 369
461 369
460 369
459 370
458 370
456 370
455 370
453 370
451 370
449 370
447 371
445 371
442 371
440 371
437 371
434 371
431 371
428 371
425 371
422 371
419 371
416 371
413 371
410 372
407 372
404 372
402 372
399 372
396 373
394 373
392 373
389 374
387 374
385 374
384 375
382 375
380 375
379 375
378 375
376 375
375 375
374 375
373 375
372 375
371 375
371 374
370 374
370 373
369 372
369 371
369 370
369 369
368 368
368 366
368 365
368 363
368 361
368 359
368 357
368 355
367 353
367 350
367 348
367 346
367 343
367 341
367 338
366 336
366 333
366 330
366 327
366 324
365 321
365 318
365 315
365 312
365 309
364 306
364 303
364 300
364 297
364 294
364 292
364 289
364 286
364 284
363 282
363 280
363 278
363 276
363 275
363 274
362 273
362 272
362 271
362 270
361 270
360 270
359 270
358 269
357 269
356 269
355 269
354 269
352 269
350 269
349 269
347 269
345 269
342 268
340 268
338 268
335 268
332 268
330 267
327 267
324 266
321 266
318 266
314 266
311 266
308 266
305 266
301 266
298 266
295 266
291 265
287 265
284 265
280 265
277 265
273 265
270 265
266 265
263 264
260 264
257 264
254 264
252 264
249 264
247 264
245 264
243 264
242 264
240 265
239 265
238 265
237 265
236 266
235 266
235 267
235 268
235 269
235 270
235 271
235 272
236 273
236 275
236 277
237 279
237 281
238 284
238 287
238 290
239 293
239 296
239 299
240 302
240 305
240 309
240 312
241 316
241 319
241 323
241 326
241 330
242 333
242 336
242 339
242 342
243 345
243 348
243 351
243 353
243 355
243 357
243 359
243 361
243 362
243 364
243 365
244 365
244 366
244 367
243 368
242 368
241 369
240 369
239 369
238 369
237 369
236 369
234 369
232 369
230 370
228 370
226 370
224 370
221 370
219 370
216 370
213 370
210 369
207 369
204 369
202 368
199 368
196 368
193 368
191 367
188 367
186 367
183 368
181 368
179 368
177 368
175 368
174 368
172 368
170 369
169 369
168 369
166 369
165 369
164 369
163 370
162 370
161 370
160 370
159 370
158 370
157 370
156 370
155 369
155 368
154 368
154 367
154 366
153 365
153 364
153 363
152 362
152 360
151 359
151 357
151 355
150 353
149 351
149 349
148 347
148 345
148 343
147 341
147 339
147 337
146 334
146 332
146 330
146 327
146 325
146 323
146 320
146 318
146 315
146 312
146 310
146 307
146 304
147 301
147 298
147 296
147 293
147 291
146 289
146 286
146 284
146 282
146 281
147 279
147 277
147 276
147 275
148 273
148 272
148 271
149 270
149 269
149 268
150 268
150 267
150 266
150 265
150 264
151 263
151 262
150 261
149 261
148 261
147 261
146 260
145 260
143 260
142 260
140 260
138 260
136 260
134 260
131 260
129 260
126 261
123 261
121 261
118 261
115 261
113 262
110 262
108 262
105 262
103 262
100 262
98 262
96 262
93 263
91 263
89 263
86 264
84 264
82 264
80 264
78 264
77 264
75 265
73 265
72 265
71 265
70 265
68 265
67 265
66 265
65 265
64 264
63 264
62 264
62 263
61 263
61 262
60 261
59 260
59 258
59 257
58 256
58 254
58 252
58 251
58 249
57 247
57 244
57 242
57 240
56 238
56 235
56 232
56 229
55 227
55 224
55 221
55 218
55 215
55 213
55 210
55 208
55 205
55 203
55 201
55 199
55 197
55 195
55 193
54 191
54 189
55 188
55 186
54 185
54 184
54 183
55 183
55 182
55 181
56 180
56 179
57 179
57 178
58 178
58 177
59 177
60 177
60 176
61 176
63 176
64 175
65 175
67 175
68 175
70 174
72 174
74 174
77 174
79 174
82 174
85 174
88 174
91 174
95 174
98 174
101 174
104 174
108 174
111 174
114 174
118 174
121 174
124 174
128 174
131 175
134 174
137 174
140 174
142 174
145 174
148 174
150 174
153 174
155 174
158 174
160 174
162 174
164 174
166 174
167 174
169 174
170 174
171 174
172 174
173 174
174 174
175 174
176 174
177 174
177 173
177 172
176 172
176 171
176 170
175 169
175 168
175 167
174 166
174 165
173 164
173 163
172 161
172 160
172 158
171 156
171 154
170 152
170 150
170 148
169 146
169 144
169 142
168 140
168 138
167 136
167 134
166 132
166 130
165 128
165 126
164 124
164 122
163 120
163 118
162 117
162 115
162 113
161 112
161 110
161 109
161 107
160 106
160 105
160 104
160 103
160 102
160 101
160 100
160 99
160 98
160 97
161 96
161 95
161 94
162 93
163 93
164 93
165 92
166 92
167 92
169 92
171 92
172 91
174 91
177 91
179 91
182 91
185 91
188 91
191 91
194 91
198 91
201 91
205 91
209 91
213 90
218 90
222 90
227 90
231 89
236 89
241 89
246 88
251 88
256 87
261 87
266 86
271 86
277 86
282 86
287 85
292 85
297 85
302 85
308 85
313 85
318 85
323 85
328 85
333 85
338 85
343 85
348 86
354 86
359 86
364 86
369 86
373 86
378 87
382 87
387 87
391 87
395 87
398 88
402 88
405 88
408 88
411 88
413 88
415 89
416 89
418 89
419 89
420 89
421 89
421 90
422 90
421 90
419 89
418 89
