530
234 81
235 86
235 88
236 89
236 91
237 92
237 94
238 96
239 99
239 101
240 103
241 106
242 108
243 110
244 112
245 115
245 117
246 119
247 120
248 122
249 123
249 125
250 126
251 127
251 128
252 128
252 129
253 129
253 130
254 130
255 130
256 130
257 130
258 130
259 130
260 130
262 130
263 131
264 131
266 131
268 131
269 131
271 131
274 132
276 132
278 132
280 132
283 133
285 133
288 133
290 133
293 134
295 134
297 134
299 134
301 134
303 134
305 134
307 134
309 134
310 134
311 134
312 134
313 134
314 134
315 134
316 134
316 135
316 136
316 137
316 138
316 139
317 140
317 141
317 142
317 144
318 145
318 147
319 148
319 150
319 152
320 154
321 157
321 159
322 161
322 163
323 165
324 167
324 169
325 171
325 173
326 174
326 176
327 177
327 178
328 179
328 180
328 181
328 182
328 181
327 181
326 181
325 181
324 181
323 181
322 182
320 182
319 182
317 182
315 182
313 182
311 182
308 182
305 183
303 183
300 183
297 183
293 183
290 183
287 183
284 183
280 183
277 183
274 183
270 183
267 183
264 183
260 183
257 183
254 183
251 183
248 182
245 182
243 182
240 182
238 182
236 182
234 182
232 182
231 181
229 181
228 181
227 181
226 181
225 181
225 182
225 183
225 184
226 185
226 186
226 187
226 188
226 189
226 190
226 192
226 193
226 195
226 197
226 199
226 201
226 203
226 206
226 208
226 210
226 212
226 214
226 216
226 218
226 219
226 221
226 222
226 223
226 224
226 225
225 225
224 225
224 224
223 224
222 224
221 224
220 224
218 224
217 224
216 224
214 224
212 224
210 225
208 225
206 225
204 225
202 225
200 226
198 226
195 226
193 226
191 227
189 227
187 227
186 227
184 227
183 227
182 227
181 228
180 228
179 228
178 228
177 227
177 226
176 225
176 224
176 223
175 222
175 220
175 218
174 216
174 213
173 211
173 208
172 205
172 201
171 199
171 196
170 193
170 190
170 188
169 186
169 184
169 182
168 180
168 179
167 178
167 177
166 176
166 175
165 175
165 174
164 174
163 174
163 173
162 173
161 173
160 172
159 172
158 172
158 171
157 171
156 171
155 170
153 170
152 170
151 169
149 169
148 169
146 168
144 168
142 168
140 168
138 168
136 168
134 168
132 168
131 168
129 168
127 168
126 168
124 168
123 168
122 168
121 168
120 168
120 169
120 170
120 171
120 172
120 173
120 175
120 176
120 178
120 180
120 183
120 185
120 188
120 191
120 195
121 198
121 201
121 204
121 207
121 210
121 213
121 215
121 218
121 219
121 221
121 223
121 224
121 225
120 226
120 227
119 227
119 226
118 226
117 226
116 226
115 225
114 225
113 226
112 226
110 226
109 226
107 226
105 226
103 226
101 227
98 227
96 227
94 227
92 227
89 227
87 228
85 228
83 228
81 228
79 228
77 229
76 229
75 229
74 229
73 229
72 229
71 229
70 228
70 227
70 226
70 225
70 224
69 223
69 221
69 219
69 217
69 215
69 212
69 209
69 206
69 202
68 199
68 195
68 192
68 189
67 186
67 183
67 181
67 178
66 176
66 175
66 173
65 172
65 170
64 169
64 168
63 167
62 167
62 166
61 166
60 166
59 166
58 166
57 166
54 165
52 165
49 164
48 164
44 164
42 164
40 164
38 164
37 164
35 164
32 164
29 164
26 164
24 164
21 164
19 164
19 162
20 161
20 158
21 155
21 153
21 151
21 148
21 146
22 143
22 141
21 138
21 136
21 134
20 131
20 129
20 127
20 126
19 123
19 121
19 119
22 119
24 119
26 119
29 119
30 119
32 119
34 119
37 118
39 118
42 118
45 118
48 118
51 117
53 117
56 117
59 117
62 117
64 117
67 117
69 117
72 117
74 117
76 118
77 118
79 118
81 118
82 118
83 118
85 118
87 119
88 119
89 119
90 119
90 118
90 117
91 117
91 116
91 115
91 114
91 113
92 111
92 110
92 108
92 107
93 105
93 103
93 101
93 99
93 97
93 96
94 94
94 92
94 90
94 89
94 87
94 86
94 85
94 84
94 83
95 82
95 81
95 80
95 79
96 79
97 79
98 79
99 79
100 79
101 79
103 79
104 79
106 79
108 79
110 79
112 79
114 80
117 80
119 80
121 80
124 80
126 80
129 80
132 80
135 80
138 80
141 80
144 80
147 81
150 81
153 81
156 81
159 81
163 81
166 81
169 81
172 81
175 80
179 80
182 80
185 80
188 80
191 80
194 80
196 80
199 80
201 80
204 79
206 79
208 79
210 79
212 79
214 79
216 79
217 79
218 79
220 79
221 79
222 79
223 79
224 78
225 79
226 79
227 78
227 77
228 76
229 75
