403
390 94
395 97
396 99
398 101
399 103
401 105
402 107
403 109
405 112
406 114
407 116
409 118
410 121
411 123
412 125
413 127
414 130
415 132
417 135
418 137
419 139
420 142
421 144
422 146
423 149
425 151
426 154
427 156
428 158
429 160
430 162
431 164
432 166
433 168
435 171
436 173
437 175
438 177
439 179
442 179
445 179
448 179
452 179
456 179
461 179
463 180
466 180
471 180
476 180
481 180
484 181
489 181
492 181
497 181
501 181
504 182
508 182
511 182
515 182
519 182
521 183
524 183
527 183
529 184
530 186
530 189
530 192
529 195
529 198
529 202
529 205
529 209
528 211
528 215
528 218
527 222
527 226
527 230
526 234
526 238
526 241
526 244
526 247
526 250
526 253
526 256
527 258
526 260
522 260
520 261
516 261
513 261
511 260
508 260
504 260
501 260
496 260
493 260
491 259
488 259
485 259
482 259
477 258
474 258
471 258
468 258
463 258
460 258
457 258
454 257
449 257
445 257
441 256
438 256
435 256
433 257
431 258
431 261
431 264
430 267
430 270
430 273
430 276
430 280
430 284
431 288
431 292
431 296
431 300
431 304
431 308
431 312
432 314
432 317
433 320
434 323
435 325
436 328
437 331
436 334
433 334
431 335
428 335
424 335
421 335
418 335
416 336
412 336
407 337
403 337
400 337
398 338
394 338
390 338
386 338
382 338
378 339
375 339
372 339
369 339
366 338
366 335
366 332
366 328
366 324
366 321
366 317
366 313
367 311
367 307
367 304
367 300
368 296
368 291
369 287
369 284
370 280
370 276
371 273
371 270
371 267
372 265
371 263
368 263
365 263
362 263
358 263
356 264
354 263
350 263
345 263
340 263
337 262
332 262
329 262
326 262
321 262
317 262
315 261
311 261
307 261
304 261
301 261
299 260
297 261
298 263
297 266
297 269
297 273
297 277
296 279
296 283
296 287
296 291
296 295
296 298
296 302
296 307
296 311
296 316
296 319
296 322
296 325
296 328
296 331
294 332
291 332
288 332
285 333
282 333
278 334
273 334
268 335
265 335
262 335
260 336
257 336
254 336
251 337
246 337
243 337
241 338
237 338
233 338
230 338
227 338
224 338
225 336
225 333
226 331
227 327
227 323
228 321
229 317
229 312
230 310
230 307
231 304
232 299
232 296
233 294
233 291
233 288
234 285
234 280
235 278
235 275
236 273
236 269
237 266
238 264
238 261
237 259
234 258
231 258
229 257
225 257
222 257
219 257
214 257
211 257
207 257
204 257
201 257
198 257
195 257
192 257
189 257
184 256
180 256
177 256
174 256
172 255
171 253
170 251
170 248
169 246
169 242
169 238
168 236
168 233
168 228
168 225
169 223
169 220
169 217
169 212
170 209
170 204
170 201
170 196
171 194
171 189
172 185
172 181
172 178
173 175
173 172
174 170
177 170
179 169
182 169
185 169
189 169
194 168
198 168
201 168
206 168
209 168
214 168
217 168
220 168
223 168
226 168
229 168
232 168
235 168
238 168
242 168
245 168
248 167
251 167
253 166
253 163
254 161
254 158
255 156
255 153
255 149
255 146
255 142
255 138
254 134
254 131
254 127
254 123
253 121
253 118
252 114
252 111
251 109
251 105
250 102
249 98
249 95
248 93
251 93
254 93
257 93
261 93
264 93
267 93
270 93
273 93
276 93
279 93
283 93
286 93
290 93
294 93
298 93
301 93
305 94
310 94
314 94
318 95
323 95
328 95
332 96
337 96
342 96
347 97
351 97
356 97
360 98
364 98
368 98
371 99
375 99
380 99
384 99
387 99
388 100
