447
379 78
383 80
414 115
416 117
418 119
420 122
422 124
424 126
426 128
428 131
430 133
432 135
433 137
435 139
437 141
438 143
440 145
442 148
444 150
445 152
446 154
448 156
449 158
451 160
452 162
454 164
455 166
457 168
458 170
460 172
461 174
462 176
464 178
466 179
468 178
471 178
474 177
477 177
480 177
482 178
485 178
489 178
492 178
496 178
499 178
502 178
505 178
508 178
512 178
515 178
518 178
521 178
524 179
527 179
530 179
533 179
536 179
539 179
542 179
544 180
544 183
544 186
544 189
543 192
543 195
543 198
542 200
542 203
542 206
541 208
541 211
540 213
540 216
540 219
540 222
539 224
539 227
539 230
539 233
538 235
538 238
537 240
535 241
532 241
529 241
526 241
524 242
521 242
517 243
514 243
511 243
509 244
506 244
503 244
499 244
496 244
493 244
490 244
487 244
483 244
480 244
477 244
474 244
472 243
469 243
466 243
463 243
461 242
458 242
455 242
452 242
452 245
452 248
452 251
452 254
452 257
452 260
452 263
452 266
453 268
453 271
453 274
453 277
452 280
452 283
452 286
452 289
452 292
452 296
451 298
451 301
451 305
451 308
451 311
450 313
447 314
444 314
441 314
438 314
435 314
432 315
429 315
426 316
422 316
419 316
416 316
413 317
410 317
406 317
403 317
400 318
396 318
392 318
389 318
386 318
383 317
380 317
378 316
376 314
376 311
375 308
375 305
375 302
374 300
374 297
374 294
374 291
374 288
374 285
373 283
373 280
373 277
373 274
373 271
373 268
373 265
373 262
373 258
373 255
373 252
373 249
373 246
373 243
373 240
374 238
373 236
373 233
371 234
368 234
365 234
362 233
359 233
355 233
352 233
349 233
346 232
343 232
340 232
337 232
335 231
332 231
329 231
326 231
323 230
320 230
316 230
313 230
310 230
307 230
303 230
300 230
297 230
293 230
291 229
288 229
285 229
283 228
281 229
282 232
282 235
281 237
281 240
281 243
281 247
280 249
280 252
280 256
280 260
280 264
280 267
279 270
279 273
279 276
279 279
279 283
279 286
278 289
278 292
278 295
277 298
277 301
277 304
277 307
277 310
276 312
273 312
270 312
267 312
264 312
261 312
259 313
256 313
252 313
249 313
245 313
241 313
239 314
236 314
233 314
230 314
227 314
224 314
221 314
217 314
215 315
212 315
209 315
205 315
201 315
199 316
196 316
194 315
193 312
193 309
193 306
193 303
194 300
194 296
194 293
194 290
194 287
194 284
195 281
195 278
196 274
196 271
197 269
197 266
198 263
198 260
198 257
198 254
199 252
199 249
199 246
199 243
199 240
199 236
199 232
199 229
198 226
198 223
197 221
194 220
191 220
188 220
185 219
182 219
179 219
177 218
174 218
171 218
168 218
165 218
163 217
160 217
157 217
154 217
151 217
148 217
145 217
141 217
138 217
135 217
133 218
130 218
130 215
130 212
130 209
130 206
131 204
131 201
131 198
131 195
130 192
130 189
131 186
131 183
131 180
131 177
131 174
131 171
132 168
132 165
133 163
133 160
134 158
137 158
139 159
142 159
145 159
148 159
151 159
154 159
157 159
160 159
164 159
167 158
170 158
173 158
176 158
179 158
183 158
186 158
189 157
193 157
196 157
199 157
202 157
205 157
208 157
211 157
214 157
216 158
219 158
220 156
220 153
221 150
221 147
221 144
221 141
221 138
221 135
221 132
222 129
222 126
222 122
221 119
221 116
221 113
221 110
220 107
220 104
220 101
220 98
219 96
219 93
219 90
218 87
218 84
220 83
223 83
226 83
229 83
231 84
234 84
237 84
239 85
242 85
245 85
248 85
251 85
253 86
256 86
259 86
262 87
266 87
270 87
274 87
278 87
282 87
287 87
291 87
295 88
299 88
303 88
307 88
311 88
315 88
319 88
323 88
326 88
329 88
332 88
335 88
338 88
341 88
344 88
347 88
350 88
353 87
356 87
359 87
362 87
365 87
367 88
368 87
