607
393 111
398 113
399 114
399 115
400 115
401 116
402 116
403 117
404 118
405 119
406 119
408 120
409 121
410 122
411 123
413 124
414 125
415 126
416 127
417 128
419 129
420 131
421 132
422 133
423 134
424 135
425 137
426 138
428 139
429 140
430 142
431 143
432 144
433 145
434 146
435 147
436 148
437 149
438 151
439 152
440 153
441 153
441 154
442 155
443 156
444 156
444 157
445 157
446 158
447 158
447 159
448 159
449 159
450 160
451 160
452 160
452 159
453 159
454 159
455 159
456 159
457 159
458 159
459 159
460 159
461 159
462 159
464 158
465 158
467 158
468 158
470 158
471 158
473 158
475 158
476 158
478 158
480 158
482 158
483 158
485 158
486 158
488 158
489 158
491 158
492 159
493 159
494 159
495 159
496 159
497 159
498 159
499 159
500 158
501 158
502 158
503 158
504 158
505 158
505 159
505 160
505 161
506 162
506 163
506 164
506 165
506 167
506 168
506 170
506 171
505 173
505 175
505 176
505 178
505 180
505 182
505 183
505 185
505 187
505 189
505 190
505 192
505 194
505 195
505 196
505 198
505 199
505 200
505 201
505 202
505 203
505 204
506 205
506 206
506 207
505 207
504 207
503 207
502 207
501 207
500 207
498 207
497 207
496 207
495 207
493 207
492 207
490 207
488 207
486 207
484 207
482 207
480 208
478 208
476 207
473 207
471 207
469 207
467 207
465 207
463 207
460 207
458 207
456 207
454 207
452 207
450 207
448 207
447 207
445 207
443 207
441 207
440 207
438 207
437 207
436 207
435 207
434 207
433 206
432 206
431 206
430 206
429 206
428 206
427 206
426 206
426 207
426 208
427 209
427 210
427 211
427 212
427 213
427 214
427 215
427 216
427 217
427 219
427 220
428 221
428 223
428 224
428 226
428 227
429 229
429 230
429 232
429 233
429 234
430 235
430 236
430 237
430 238
430 239
430 240
430 241
430 242
430 243
430 244
430 245
429 245
429 246
429 247
428 247
428 248
427 248
426 248
425 248
424 249
423 249
422 249
421 249
420 250
418 250
417 250
415 251
414 251
412 252
411 252
409 252
408 253
407 253
406 254
404 254
403 255
402 255
401 255
400 256
399 256
398 256
397 256
396 255
396 254
396 253
396 252
396 250
395 249
395 247
395 245
394 243
394 241
393 239
393 236
392 234
392 231
391 229
391 226
391 224
390 222
390 219
390 217
389 216
389 214
389 212
389 211
388 210
388 208
388 207
388 206
388 205
388 204
387 204
386 204
385 204
384 204
383 204
382 204
381 204
380 204
378 204
377 204
376 204
374 204
372 204
371 205
369 205
368 205
366 205
365 205
363 205
362 205
361 205
359 206
358 206
357 206
356 206
355 206
354 206
353 207
352 207
351 207
350 207
349 208
348 208
348 209
349 210
349 211
349 212
350 212
350 213
350 214
351 215
351 216
351 217
352 218
352 220
352 222
353 223
353 225
353 227
353 229
354 231
354 233
354 235
354 237
355 239
355 241
355 242
355 244
355 245
355 246
355 247
355 248
355 249
355 250
355 251
354 251
353 250
352 250
351 250
350 251
349 251
348 251
347 251
346 251
344 251
343 252
341 252
339 252
337 253
335 253
333 253
331 254
329 254
326 254
324 255
321 255
319 256
317 256
314 256
312 256
310 257
308 257
306 257
304 257
302 257
301 257
300 257
299 257
298 257
297 257
296 257
295 257
295 256
294 256
294 255
294 254
294 253
295 252
295 251
295 250
295 249
295 247
295 245
295 243
295 241
295 238
295 236
295 233
294 230
294 227
294 224
294 221
293 219
293 217
293 215
293 213
293 211
293 210
293 208
292 207
292 206
292 205
292 204
291 203
290 203
289 203
288 203
287 203
286 202
285 202
284 202
283 202
282 202
280 202
279 202
277 202
276 201
274 201
273 201
271 201
269 201
267 201
266 201
264 201
262 201
261 202
259 202
258 202
256 202
255 202
254 202
253 202
252 202
251 202
250 202
249 202
248 202
247 201
247 200
247 199
246 199
246 198
246 197
246 195
245 194
245 193
245 191
244 189
244 187
243 185
243 182
242 180
241 177
241 175
240 172
240 170
240 168
239 166
239 164
239 163
239 162
239 161
239 160
239 159
239 158
239 157
240 158
241 158
242 158
243 158
244 158
245 158
246 158
247 158
249 158
250 158
252 158
254 158
255 158
257 158
260 158
262 158
264 158
267 158
270 158
272 158
275 158
278 158
281 158
284 158
287 158
289 158
292 158
295 158
298 158
301 158
303 158
306 158
309 158
311 158
313 158
316 158
318 159
320 159
322 159
324 159
325 159
327 159
328 159
329 159
330 159
331 158
332 158
332 157
331 157
331 156
331 155
331 154
331 153
331 152
330 151
330 149
330 148
330 147
330 145
329 144
329 142
329 140
329 139
328 137
328 136
328 134
328 133
328 131
327 130
327 129
327 127
327 126
327 125
327 124
326 124
326 123
326 122
326 121
326 120
327 120
328 120
328 121
329 121
330 121
331 121
332 121
333 121
334 121
335 121
337 121
338 121
340 121
341 121
343 122
345 122
346 122
348 122
350 122
352 122
353 121
355 121
357 121
359 121
360 121
362 121
364 121
365 121
367 121
369 121
370 121
372 121
374 121
375 121
377 121
379 120
380 120
382 120
383 120
385 120
386 119
387 119
388 119
389 119
390 118
391 118
392 118
393 118
392 118
392 117
391 117
