898
459 76
463 90
463 91
464 93
465 95
466 96
467 98
468 100
469 102
471 104
472 106
473 108
474 110
475 112
476 114
477 116
478 118
480 120
481 122
482 123
484 125
485 127
487 129
488 131
490 133
491 135
493 137
494 138
495 140
497 141
498 143
499 145
501 146
502 148
504 149
505 151
506 152
508 154
509 155
510 156
511 157
512 159
513 160
514 161
515 162
516 163
516 164
517 165
518 166
518 167
519 167
519 168
520 169
521 170
521 171
522 172
523 173
523 174
524 176
525 177
526 178
526 179
527 180
528 181
528 182
529 182
530 182
530 183
531 183
532 183
533 183
534 183
535 183
536 184
537 184
539 184
540 184
541 184
543 184
545 184
547 184
549 184
551 184
553 184
555 184
558 184
560 184
563 183
565 183
567 183
570 183
572 183
575 183
577 183
580 183
583 182
586 182
588 182
591 181
594 181
597 181
599 180
602 180
604 180
607 180
609 179
612 179
614 179
616 179
618 179
620 178
621 178
623 178
625 178
626 178
628 178
629 177
630 177
631 177
632 177
633 177
634 177
634 178
635 178
636 178
637 179
637 180
637 181
638 182
638 183
639 184
639 186
639 187
640 188
640 190
640 192
641 193
641 195
641 197
642 199
642 201
642 203
643 204
643 206
643 208
643 210
643 211
643 213
643 215
644 216
644 218
644 220
644 221
644 223
645 225
645 226
645 228
646 230
646 231
647 233
647 234
647 236
647 238
647 239
648 241
648 243
648 245
648 247
648 249
648 251
648 253
648 255
648 256
648 258
648 260
648 261
648 262
648 263
648 264
648 265
649 266
648 266
647 266
646 266
645 266
644 266
642 266
641 266
639 266
637 266
635 266
633 266
631 266
628 266
626 266
623 266
621 267
618 267
615 267
613 267
610 267
607 267
604 267
602 267
599 268
596 268
593 268
590 268
587 268
585 268
582 268
579 269
576 269
573 269
571 269
568 269
565 269
563 269
560 269
558 269
555 269
553 269
551 269
549 269
547 269
545 269
543 269
541 269
540 269
538 269
536 269
535 269
533 269
532 269
531 270
529 270
528 270
527 270
526 270
526 271
525 271
525 272
525 273
525 274
525 275
525 276
525 278
525 279
525 281
526 283
526 285
526 287
527 289
527 291
527 293
528 295
528 297
528 299
528 301
528 304
528 306
528 308
528 310
528 313
528 315
527 317
527 319
527 321
527 323
527 325
526 326
526 328
526 330
526 332
526 333
526 335
525 336
525 338
525 339
525 340
525 342
525 343
525 344
525 345
525 346
525 347
524 347
524 348
524 349
523 349
523 350
522 350
521 350
520 350
519 350
518 350
517 351
515 351
514 351
512 351
510 351
508 350
506 351
503 351
501 351
498 351
496 351
493 351
491 351
488 352
486 352
483 352
481 353
478 353
476 354
473 354
470 354
468 355
466 355
463 356
461 356
459 356
457 357
455 357
452 357
450 358
448 358
447 358
445 358
443 358
442 359
441 359
439 359
438 359
437 359
436 358
435 358
434 358
434 357
433 356
432 355
432 354
431 353
431 352
430 351
430 349
429 348
429 346
429 345
429 343
429 341
429 339
429 337
429 334
428 332
428 330
428 327
428 325
428 323
428 321
428 319
428 317
428 316
428 314
428 312
428 309
428 307
428 305
428 303
428 301
428 299
428 297
428 295
428 294
428 292
429 290
429 288
429 287
429 285
429 284
429 283
429 281
429 280
429 279
429 278
429 277
429 276
429 275
429 274
429 273
428 272
427 272
426 272
426 271
425 271
424 271
423 271
422 270
421 270
419 270
418 270
416 270
414 269
412 269
410 269
408 269
405 269
403 269
400 269
397 269
395 270
392 270
389 270
386 270
383 270
381 270
378 270
375 270
372 270
369 271
366 271
363 271
360 271
357 271
354 271
351 271
348 272
345 272
341 272
338 272
335 273
332 274
329 274
326 275
323 276
320 277
318 278
315 279
313 280
311 281
309 282
308 283
307 284
306 285
305 286
304 287
304 288
303 289
303 290
303 292
302 293
302 295
302 297
302 299
302 302
302 304
302 306
303 309
303 311
304 314
304 316
304 319
305 321
305 324
305 326
306 329
306 331
306 333
306 335
306 338
306 339
306 341
306 343
306 345
307 346
307 348
307 349
307 350
307 351
308 352
308 353
307 353
307 354
307 355
306 356
305 356
305 357
304 357
303 357
302 357
301 357
300 358
299 358
297 358
296 358
294 359
293 359
291 359
289 359
287 359
285 359
282 359
280 359
278 359
275 359
272 359
269 359
266 359
264 359
261 359
258 360
255 360
253 360
250 361
247 361
245 361
242 361
240 362
238 362
236 362
234 363
232 363
230 363
229 363
228 364
226 364
225 363
224 363
223 363
222 362
222 361
222 360
221 359
221 358
221 357
222 356
222 354
222 352
222 350
222 348
222 346
222 344
222 341
222 339
222 336
221 334
221 331
221 328
221 326
221 323
220 321
220 319
220 316
219 314
219 312
219 310
218 307
218 305
218 303
217 301
217 299
217 297
216 296
216 294
216 292
216 290
216 289
216 287
216 286
216 284
216 283
216 282
216 281
216 280
216 279
216 278
216 277
216 276
215 276
215 277
214 277
213 277
212 277
211 278
210 278
208 278
207 278
206 278
204 279
203 279
201 279
199 279
197 279
195 279
193 279
191 279
189 279
187 279
185 279
182 280
180 280
177 280
175 280
173 280
170 280
168 280
165 280
163 280
161 280
159 280
157 280
155 280
153 280
151 280
149 279
147 279
145 279
144 278
142 278
140 277
139 277
138 276
136 276
135 275
134 275
133 274
132 274
131 273
130 273
130 272
129 271
129 270
129 269
129 268
129 266
128 265
128 263
128 261
127 259
127 256
126 254
125 251
125 248
124 246
123 243
122 240
121 237
120 234
119 231
118 228
117 225
116 221
115 218
114 215
113 212
112 209
111 206
110 203
109 201
107 198
106 196
105 193
104 191
103 189
102 187
101 186
100 184
99 183
99 181
98 180
97 179
96 179
96 178
95 177
94 177
94 176
93 176
92 175
91 175
92 175
93 175
94 174
95 174
97 174
98 174
99 174
101 173
102 173
104 173
106 173
108 172
110 172
113 172
115 172
118 172
120 171
123 171
126 171
129 171
132 171
135 171
138 171
141 171
145 171
148 171
151 171
155 170
158 170
161 170
164 170
167 170
170 169
173 169
176 169
178 168
181 168
184 168
186 168
189 167
191 167
193 167
195 167
197 166
199 166
200 166
202 166
204 166
205 166
207 166
208 166
210 166
211 166
213 166
214 166
215 166
217 166
218 166
219 165
220 165
221 165
222 165
223 165
223 164
224 164
225 164
226 163
227 163
228 162
228 161
228 160
228 159
228 158
228 157
227 156
227 155
227 153
227 152
226 151
226 149
226 147
225 146
225 144
225 143
224 141
224 139
224 137
223 136
223 134
223 132
222 130
222 128
222 126
221 124
221 122
220 120
220 119
220 117
219 115
219 113
219 111
218 110
218 108
217 107
217 105
217 103
216 102
216 100
215 98
215 96
215 95
215 93
214 92
214 91
214 90
214 89
214 88
214 87
214 86
214 85
215 85
216 85
217 85
218 85
219 85
221 85
223 85
224 85
226 86
228 86
231 86
233 86
235 87
238 87
241 87
243 87
246 88
249 88
252 88
255 88
258 88
261 88
264 88
268 88
271 88
274 88
277 88
280 88
284 88
287 88
291 88
294 88
297 88
300 88
304 87
307 87
310 87
313 87
316 87
319 87
322 87
326 87
329 87
332 87
335 87
338 87
341 87
345 87
348 87
351 87
355 87
358 87
361 87
364 87
368 86
371 86
374 86
377 86
380 86
384 86
387 86
390 86
392 86
395 86
398 86
401 86
404 85
407 85
410 85
413 85
415 85
418 86
421 86
424 86
427 86
430 86
432 86
435 87
437 87
440 87
442 88
444 88
446 89
448 89
449 90
451 90
453 91
454 91
456 91
457 91
458 92
459 92
460 92
461 92
462 92
463 92
463 91
464 89
464 87
