775
388 87
392 90
393 91
394 92
395 93
396 94
397 95
399 97
400 98
402 100
403 102
404 104
406 106
407 108
409 110
410 112
411 114
413 116
414 118
415 121
416 123
417 125
418 127
420 129
421 131
422 133
423 134
423 136
424 137
425 139
426 140
427 141
427 142
428 142
428 143
429 143
429 144
430 144
430 145
431 145
432 145
432 146
433 146
434 146
435 146
436 146
436 147
437 147
438 147
439 147
441 147
442 147
443 147
445 147
446 147
448 147
450 147
452 147
453 147
455 147
457 147
459 147
460 146
462 146
464 146
465 146
466 146
468 146
469 146
470 146
471 146
472 146
473 146
474 146
474 145
475 145
476 145
477 145
477 146
478 146
479 146
479 147
479 148
480 149
480 150
480 151
481 152
481 153
482 154
482 155
483 156
483 158
483 160
484 161
484 163
485 165
485 167
486 169
486 171
486 173
487 175
487 177
487 180
488 182
488 184
489 186
489 188
489 190
490 192
490 194
490 196
490 197
490 199
491 200
491 201
491 202
491 203
491 204
491 205
491 206
490 206
489 206
488 206
487 206
486 206
485 206
483 206
482 207
480 207
478 207
477 207
475 207
473 207
471 207
469 208
466 208
464 208
462 208
459 208
457 208
454 209
452 209
449 209
446 209
443 209
441 209
438 210
435 210
432 210
429 210
426 210
423 210
420 210
417 210
414 210
411 211
409 211
406 211
403 211
400 211
398 211
395 211
393 211
390 211
388 211
386 211
384 210
382 210
380 210
378 210
377 210
375 210
374 210
372 210
371 210
370 210
369 210
368 210
367 210
366 210
365 210
364 210
364 211
364 212
365 213
365 214
365 215
365 216
365 217
365 218
365 219
365 221
365 222
365 224
365 225
366 227
366 229
366 231
366 233
366 235
366 237
366 239
366 241
366 243
366 244
366 246
366 248
366 249
366 251
366 252
366 253
366 254
366 255
366 256
366 257
366 258
365 259
364 259
363 259
362 258
361 258
360 258
359 258
358 258
356 258
355 258
353 259
351 259
349 259
347 259
344 260
342 260
340 261
337 261
335 261
333 262
330 262
328 262
326 263
324 263
322 263
320 264
318 264
316 264
315 264
314 264
312 264
311 264
311 263
310 263
309 262
308 261
308 260
308 258
308 257
307 256
308 255
308 253
308 251
308 250
308 248
308 246
308 244
309 242
309 240
309 237
309 235
309 233
309 231
309 229
309 226
309 224
309 222
309 221
309 219
308 218
308 216
308 215
308 214
308 213
308 212
308 211
308 210
308 209
307 210
306 210
306 209
305 209
304 209
303 209
302 209
301 209
300 209
298 208
297 208
295 208
293 208
292 208
290 209
288 209
286 209
284 209
282 209
280 209
278 209
276 209
274 209
271 209
269 209
267 209
265 209
264 209
262 209
260 209
259 208
257 208
256 208
255 208
253 208
252 208
251 208
250 208
249 208
248 208
247 208
246 208
245 209
245 210
245 211
245 212
246 213
246 214
246 215
246 216
246 217
246 218
246 220
246 221
246 223
246 224
246 226
247 228
247 230
247 232
247 233
247 235
247 237
247 239
248 241
248 243
248 245
248 246
248 248
248 250
249 251
249 252
249 254
249 255
248 256
248 257
248 258
247 259
246 259
245 259
244 259
243 259
242 259
241 258
240 259
239 259
238 259
237 259
235 259
234 259
232 260
231 260
229 261
227 261
226 262
224 262
222 263
220 263
218 264
216 264
214 265
212 266
210 266
208 266
206 267
204 267
203 267
202 268
200 268
199 268
198 268
197 268
196 268
195 268
194 268
193 267
193 266
192 265
192 264
192 263
192 262
192 260
192 259
192 257
191 255
191 253
191 251
191 248
191 246
191 243
191 240
191 238
191 235
191 232
191 229
191 226
191 224
191 221
191 219
191 216
191 214
191 212
191 210
191 209
191 207
191 206
191 204
191 203
191 202
190 202
189 202
188 202
187 201
186 201
185 201
184 201
183 201
182 201
181 201
180 201
178 201
177 201
175 201
174 201
172 200
171 200
169 200
167 200
165 200
163 200
161 200
160 200
158 199
156 199
154 199
152 199
150 199
148 198
147 198
145 198
143 198
142 198
140 198
139 198
137 197
136 197
135 197
133 197
132 197
131 197
130 197
129 197
128 197
128 196
127 196
127 195
127 194
126 193
126 192
126 191
126 190
126 189
126 187
126 185
126 184
126 182
126 179
126 177
126 175
125 172
125 169
125 167
125 165
125 162
125 160
124 158
124 157
124 155
123 154
123 153
123 152
122 151
122 150
123 150
124 150
125 150
127 150
128 151
129 151
131 151
133 151
135 151
137 151
139 152
144 152
146 152
149 152
152 153
154 153
157 153
160 153
163 153
166 153
170 153
173 153
176 153
179 153
182 153
185 153
188 153
191 153
196 153
196 153
196 153
196 153
199 153
208 153
217 153
219 153
220 153
221 153
221 153
221 153
221 153
221 153
222 153
222 153
222 153
223 153
223 153
223 153
223 153
223 153
223 153
223 153
223 153
224 153
224 153
224 153
224 153
224 153
224 153
224 153
224 153
224 153
224 153
224 153
224 153
224 153
224 153
224 153
224 153
224 153
224 153
224 153
224 153
224 153
224 153
224 153
224 153
224 153
224 153
224 153
224 153
224 153
224 153
224 153
224 153
224 153
224 153
224 153
224 153
224 153
224 153
224 153
224 153
224 153
224 152
223 152
223 151
223 150
222 150
222 149
222 148
221 147
221 146
221 145
220 144
220 143
220 142
220 141
219 139
219 138
219 136
219 135
218 133
218 131
218 130
217 128
217 126
217 124
217 123
216 121
216 119
216 118
215 116
215 115
215 113
214 112
214 110
214 109
213 108
213 107
213 105
213 104
213 103
212 102
212 101
212 100
212 99
212 98
212 97
212 96
212 95
211 94
211 93
212 93
213 93
214 94
215 94
216 94
217 94
218 94
219 94
221 94
222 94
223 95
224 95
226 95
227 95
229 95
230 95
232 95
234 95
235 95
237 95
239 95
241 95
243 94
243 94
243 94
243 94
245 94
248 94
250 94
254 94
257 93
259 93
259 93
259 93
259 93
261 93
261 93
261 93
261 93
264 93
266 92
266 92
269 92
269 92
271 92
274 92
274 92
274 92
274 92
274 92
274 92
274 92
274 92
274 92
274 92
274 92
274 92
274 92
279 91
279 91
279 91
279 91
282 91
282 91
282 91
282 91
282 91
282 91
282 91
284 91
284 91
284 91
284 91
284 91
287 90
287 90
287 90
287 90
287 90
287 90
290 90
290 90
290 90
290 90
290 90
290 90
292 90
295 90
298 90
301 89
303 89
306 89
309 89
311 88
314 88
317 88
320 88
322 88
325 87
328 87
330 87
333 87
335 87
338 87
340 86
342 86
344 86
346 86
348 86
350 86
352 86
354 86
355 86
357 86
358 86
359 86
361 86
362 86
363 86
364 86
365 86
366 86
367 86
368 86
368 85
