752
251 50
254 53
254 54
255 55
256 56
257 57
257 58
258 59
259 60
260 62
261 63
262 64
263 65
263 66
264 67
265 68
266 69
267 71
268 72
269 73
270 75
271 77
272 79
273 80
274 82
275 84
276 86
277 87
279 89
280 90
281 92
282 93
284 95
285 96
285 98
286 100
287 102
288 104
289 105
290 107
291 108
292 110
293 111
294 112
294 114
295 115
296 116
297 117
297 118
298 119
299 120
300 121
300 122
301 123
302 124
302 125
303 126
303 127
304 127
304 128
305 129
305 128
306 128
307 128
308 128
309 128
310 128
311 128
312 128
313 128
314 128
315 128
317 128
319 127
321 127
322 127
324 127
326 127
328 127
330 127
332 127
334 127
336 127
338 127
340 127
342 127
344 127
346 128
348 128
350 128
352 128
354 128
356 128
358 128
360 129
362 129
365 129
367 129
369 129
371 129
373 129
375 129
377 129
379 129
381 129
383 130
384 130
386 130
388 129
390 129
392 130
394 129
396 129
397 129
399 129
400 129
401 130
402 130
403 130
404 130
405 130
406 130
407 130
408 130
407 130
407 131
408 131
408 132
408 133
408 134
409 135
409 136
409 137
409 138
409 139
409 140
409 141
409 142
409 143
409 144
409 146
409 147
409 148
409 150
409 152
409 153
408 154
408 156
408 157
408 158
408 160
408 161
408 162
408 163
408 165
408 166
408 167
408 168
408 170
408 171
408 172
408 173
408 174
408 175
408 176
408 177
408 178
408 179
407 179
406 179
405 179
404 179
403 179
401 179
400 179
399 179
397 179
395 179
393 179
391 179
389 179
386 179
384 179
381 179
379 179
377 179
374 179
372 179
369 179
367 179
364 178
362 178
359 178
357 178
354 178
352 178
350 177
347 177
345 177
342 177
340 177
337 177
335 176
333 176
331 176
329 176
327 176
324 176
322 176
320 176
318 175
316 175
315 175
313 175
312 175
311 175
310 175
309 175
309 174
309 175
309 176
309 177
309 178
309 179
309 180
308 180
308 181
308 182
308 183
308 184
308 185
308 186
308 187
308 188
308 189
308 190
308 191
308 193
308 194
307 195
307 197
307 198
307 199
307 201
307 202
307 203
307 204
307 205
307 206
307 207
307 208
308 209
308 210
308 211
308 212
308 213
308 214
308 215
308 216
308 217
308 218
308 219
308 220
308 221
308 222
308 223
308 224
308 225
307 225
306 225
305 225
304 225
303 225
302 225
301 225
300 225
299 225
297 226
296 226
295 226
293 226
292 226
291 226
289 226
288 226
286 226
285 226
283 226
281 226
280 226
278 226
276 226
274 226
273 226
271 226
269 226
268 226
267 226
266 226
265 226
264 226
263 226
263 225
262 225
261 225
260 225
260 224
260 223
260 222
260 221
260 220
259 218
259 217
259 216
259 215
259 213
259 212
258 211
258 209
258 208
258 207
258 205
257 204
257 202
257 201
257 199
256 198
256 196
256 194
256 193
256 191
255 190
255 189
255 187
255 186
255 185
255 184
255 183
255 182
254 182
254 181
254 180
254 179
253 178
252 179
251 179
250 179
249 179
248 179
247 179
246 179
244 179
243 179
242 179
240 179
239 179
237 179
235 179
233 180
231 180
229 180
226 180
224 180
222 180
220 180
218 180
215 180
213 180
211 180
208 180
206 179
204 179
202 179
199 179
197 179
195 179
193 179
191 179
189 179
187 179
185 179
183 179
181 179
179 179
177 179
176 179
174 179
173 179
171 179
170 179
169 179
168 179
167 179
167 178
166 178
165 178
165 179
166 180
165 181
165 182
165 183
165 184
165 185
165 186
165 188
165 189
165 190
165 191
165 193
164 194
164 196
164 197
164 199
164 200
164 202
164 203
164 205
164 206
164 207
164 209
164 210
164 212
164 213
164 215
164 216
164 217
164 218
164 219
164 220
164 221
164 222
165 223
165 224
165 225
164 225
163 225
162 225
161 225
160 225
159 225
158 225
157 225
156 225
155 225
154 225
152 225
151 225
150 225
148 225
147 225
145 225
143 225
141 225
140 225
138 225
136 225
135 224
133 224
132 224
130 224
129 224
128 224
126 224
125 223
124 223
123 223
122 223
121 223
120 223
119 223
118 222
117 222
117 221
117 220
117 219
116 219
116 218
116 217
116 216
116 215
116 214
116 213
116 212
116 211
116 210
116 209
116 207
116 206
117 205
117 204
117 202
117 201
117 200
117 198
117 197
117 195
117 194
117 193
117 191
117 190
117 189
117 188
117 187
117 185
117 184
117 183
117 182
116 181
115 181
114 181
113 181
112 181
111 181
110 181
109 181
108 181
107 181
106 181
105 181
103 181
102 180
100 180
98 180
96 180
94 180
92 180
90 180
88 180
87 180
85 180
83 180
82 179
80 179
79 179
77 179
76 179
75 179
73 179
72 179
71 179
70 179
69 179
68 178
67 178
67 177
67 176
67 175
67 174
67 173
67 172
67 171
67 170
67 169
67 168
67 167
67 166
67 165
67 164
67 163
67 161
67 160
67 159
67 158
66 156
66 155
66 153
66 152
66 150
66 148
66 147
66 145
66 143
66 142
66 140
66 139
66 138
66 137
66 135
66 134
66 133
66 132
66 131
66 130
66 129
67 129
68 129
69 129
70 129
71 129
72 129
73 129
74 128
75 128
77 128
78 128
80 128
81 128
82 128
84 128
85 127
87 127
88 127
90 127
91 127
93 127
95 127
97 128
99 128
100 128
102 128
104 128
106 128
107 128
109 128
110 128
112 128
113 129
115 129
117 129
118 129
119 129
121 129
122 129
123 129
124 129
125 129
126 130
127 130
127 129
127 128
127 127
127 126
127 125
127 124
127 123
127 122
127 121
127 120
127 119
127 118
127 117
127 116
127 115
127 114
127 112
127 111
126 109
126 108
126 106
126 104
126 103
126 101
126 99
126 97
126 95
125 94
125 92
125 90
125 89
125 87
124 85
124 83
124 81
124 79
123 78
123 76
123 74
123 73
122 71
122 70
122 69
122 67
122 66
122 65
122 64
122 63
122 62
122 61
122 60
122 59
122 58
123 58
124 58
125 58
126 58
127 58
128 58
129 58
130 57
131 57
133 57
134 57
136 56
138 56
140 56
142 56
144 56
146 56
148 56
150 56
152 56
154 56
156 56
158 56
161 56
163 56
166 56
168 56
170 56
173 56
175 56
177 57
180 57
182 57
184 57
187 57
189 57
191 57
194 58
196 58
198 58
200 58
202 58
204 58
207 59
209 59
211 59
213 59
215 59
217 59
219 59
221 59
223 59
224 59
226 60
228 60
230 60
231 60
233 60
234 60
235 60
236 60
237 60
238 61
239 61
240 61
241 61
242 61
242 62
242 61
242 60
243 60
