779
400 107
393 105
392 105
391 105
389 105
388 105
386 105
384 105
383 105
381 105
379 105
377 105
376 105
374 105
372 105
370 105
368 105
366 105
364 105
362 105
360 105
358 105
355 105
353 105
351 105
349 105
346 104
344 104
342 104
339 104
337 104
334 104
331 104
329 104
326 104
324 104
321 104
318 105
316 105
313 105
310 105
307 105
304 105
302 105
299 105
295 105
292 105
289 105
286 105
282 105
279 105
276 106
273 106
270 106
267 106
263 106
260 106
258 107
255 107
252 107
249 107
247 107
245 107
242 107
240 108
239 108
237 108
235 108
234 108
232 108
231 108
230 108
229 108
228 108
227 108
226 108
226 109
225 110
225 111
225 112
224 112
224 113
224 114
224 115
224 116
224 117
224 118
224 119
224 120
224 121
224 123
224 124
224 125
224 127
224 128
224 130
224 132
224 133
224 135
224 137
224 139
224 140
224 142
224 144
224 146
224 147
225 149
225 151
225 153
225 155
225 157
226 159
226 161
226 163
226 165
226 167
226 168
226 170
226 171
226 172
226 173
225 174
225 175
225 176
224 176
223 176
222 176
221 176
220 176
219 176
218 176
217 176
216 177
215 177
213 177
212 177
210 178
208 178
207 178
205 178
203 179
201 179
198 179
196 179
193 180
191 180
188 181
185 181
182 182
179 182
177 182
174 183
171 183
168 184
165 184
163 184
160 184
158 184
156 185
154 185
153 185
151 185
150 185
149 186
148 186
147 186
146 186
146 187
146 188
147 189
147 190
147 191
147 192
147 193
147 195
147 196
147 198
147 199
147 201
147 203
147 205
147 207
147 209
147 212
147 214
148 216
148 219
148 221
148 223
148 225
148 227
148 229
148 231
148 233
147 235
147 237
147 238
147 240
147 241
146 242
146 243
146 244
145 245
145 246
146 246
147 247
148 247
149 247
151 247
152 247
154 247
155 247
157 247
159 247
161 247
163 247
166 247
168 247
171 247
173 247
176 246
179 246
181 246
184 246
187 246
189 246
192 246
194 245
196 245
199 245
201 245
203 245
205 245
207 245
209 245
211 245
212 244
214 244
215 244
217 244
218 244
219 244
220 244
222 244
223 244
224 244
225 244
225 245
225 246
226 247
226 248
226 249
226 250
226 251
226 252
226 253
226 254
226 256
226 257
226 259
226 260
226 262
226 264
226 267
226 269
226 271
227 273
227 276
227 278
227 281
227 283
227 286
227 288
227 291
227 293
227 296
226 298
226 301
226 303
226 305
225 307
225 309
224 310
224 312
223 314
222 315
222 317
221 318
221 319
220 320
220 321
220 322
221 322
222 322
223 322
224 322
225 322
226 322
227 323
229 323
230 323
232 323
234 323
236 323
237 324
239 324
241 324
243 325
245 325
248 325
250 326
252 326
255 327
257 327
259 328
262 328
264 328
266 329
268 329
270 329
271 330
273 330
274 330
275 330
277 330
278 331
279 331
280 331
281 331
282 331
283 331
284 331
285 331
286 330
287 330
287 329
288 329
288 328
289 328
289 327
289 326
290 326
290 325
290 324
291 323
291 322
291 321
292 319
292 318
292 317
292 315
292 314
293 312
293 311
293 309
293 307
293 306
293 304
293 302
294 300
294 299
294 297
294 295
294 293
294 290
293 288
293 286
293 284
293 282
293 280
293 278
293 276
293 274
293 273
293 271
293 269
293 268
293 266
293 265
293 263
293 262
293 261
293 260
292 260
292 259
292 258
292 257
292 256
293 257
294 257
295 257
296 257
297 257
298 257
299 257
301 257
302 257
303 257
305 257
307 256
308 256
310 256
313 256
315 256
317 255
320 255
322 255
325 255
328 255
331 254
334 254
337 254
340 254
343 254
346 254
349 253
352 253
355 253
358 253
361 252
364 252
366 252
368 252
371 251
373 251
375 251
376 251
378 251
379 251
380 251
381 251
382 251
383 251
384 251
384 250
384 251
384 252
385 253
385 254
385 255
385 257
385 258
385 259
385 261
385 263
385 265
385 266
385 269
385 271
385 273
384 275
384 277
384 280
384 282
384 285
384 287
384 290
383 292
383 295
383 297
383 300
382 302
382 305
382 307
381 309
381 312
380 314
380 317
379 319
379 321
378 323
378 324
377 326
377 327
376 328
376 329
376 330
376 331
377 331
377 330
378 330
379 330
380 330
381 329
383 329
384 329
385 329
387 329
389 329
390 329
392 329
394 329
397 329
399 330
401 330
404 330
406 330
409 330
412 331
414 331
417 331
420 331
423 331
427 332
430 332
433 332
436 332
439 332
442 332
445 332
448 332
451 333
454 333
456 333
459 333
461 333
463 333
464 333
465 333
467 333
468 333
469 333
469 332
469 331
470 331
470 330
470 329
470 328
470 327
471 326
471 324
471 323
471 321
471 320
472 318
472 316
472 314
472 312
472 310
472 308
472 306
472 303
473 301
473 299
473 297
473 294
473 292
474 290
474 287
474 285
474 283
474 280
474 278
474 276
475 274
475 271
475 269
475 267
475 265
475 263
475 262
475 260
474 259
474 257
474 256
474 255
474 254
473 253
473 252
473 251
473 250
472 250
472 249
472 248
472 248
473 248
473 248
474 248
475 248
476 249
477 249
478 248
480 248
481 248
483 248
484 248
486 248
488 248
490 248
492 248
494 248
497 248
499 248
502 247
505 247
507 247
510 247
512 247
515 247
518 247
521 247
523 247
526 247
529 247
532 247
535 247
537 247
540 247
542 247
545 247
547 247
549 247
550 246
552 246
553 246
554 246
555 246
556 246
557 246
558 246
558 245
558 244
558 243
559 242
559 241
559 240
559 238
559 237
559 236
559 234
559 233
559 231
559 230
559 228
559 227
559 225
559 223
559 221
559 219
559 217
559 215
559 213
559 211
559 209
559 207
558 205
558 203
558 201
558 199
558 197
558 195
558 194
558 192
558 190
558 189
558 187
558 186
558 184
558 183
558 182
558 181
558 180
559 180
559 179
558 179
557 179
556 179
555 179
554 179
553 179
552 179
550 179
548 179
547 179
545 179
543 178
541 178
539 178
537 178
535 178
532 178
530 178
527 177
524 177
522 177
519 177
516 177
513 177
510 176
506 176
503 176
500 176
496 176
492 176
489 176
485 176
481 176
477 176
474 176
470 176
467 176
464 176
461 176
458 176
455 176
453 176
450 176
448 176
446 176
445 176
443 176
442 176
441 176
440 176
439 176
438 176
437 176
437 175
436 175
436 174
435 173
434 172
434 171
433 170
433 169
432 169
432 168
431 167
430 166
429 165
429 163
428 162
427 161
426 160
425 158
424 157
423 156
422 154
421 153
420 151
419 150
418 149
417 147
416 146
415 144
413 143
412 141
411 140
410 138
409 137
408 135
407 134
406 132
405 130
404 129
403 127
402 126
401 125
400 123
399 122
398 121
397 120
396 119
395 118
394 117
393 116
393 115
392 114
391 114
390 113
390 112
389 112
388 111
388 110
387 109
387 108
387 107
387 106
387 106
