754
261 57
263 60
263 61
264 62
265 63
265 64
266 65
267 66
268 67
269 67
270 68
271 69
272 70
273 71
274 72
275 74
276 75
277 77
279 78
280 79
282 81
283 83
284 84
285 86
287 87
288 89
289 90
290 92
291 93
293 95
294 97
296 98
297 100
299 102
300 104
302 106
304 107
305 109
306 110
308 112
309 113
310 115
311 116
312 117
313 118
314 120
315 121
316 122
317 124
319 125
320 126
321 128
322 129
323 130
324 131
324 132
325 132
326 133
326 134
327 134
327 135
328 135
328 136
329 136
330 136
331 136
332 136
333 136
334 136
335 136
336 136
337 136
338 136
340 136
341 136
343 136
344 136
346 136
347 136
349 136
350 136
351 136
353 136
354 136
356 136
357 136
358 136
360 136
362 137
364 136
365 136
367 136
369 136
371 136
373 136
375 136
377 136
379 136
380 136
382 136
384 136
387 136
389 136
391 136
393 136
395 136
397 136
399 136
401 136
403 136
405 136
406 136
408 136
410 136
411 136
413 136
414 136
416 136
417 136
418 136
419 136
420 136
420 137
420 138
420 139
420 140
420 141
421 142
421 143
421 144
421 145
421 146
421 147
421 148
421 149
421 150
421 152
422 153
422 154
422 155
422 156
422 157
422 158
422 159
422 160
422 161
422 162
422 163
422 164
422 166
422 167
422 168
422 169
422 170
422 171
422 172
422 173
422 174
422 175
422 176
422 177
422 178
423 179
423 180
423 181
423 182
423 183
423 182
422 182
421 182
420 182
419 182
418 182
417 182
416 182
414 182
413 182
411 182
409 182
407 182
406 182
404 182
402 182
400 182
399 182
397 182
395 182
393 182
391 182
389 182
386 182
384 182
382 182
380 182
379 182
377 182
375 182
373 182
371 182
369 182
367 182
365 182
362 182
360 182
359 182
357 182
355 182
353 182
351 182
350 182
346 182
345 182
343 182
342 182
341 182
340 182
339 182
338 182
337 182
337 183
337 184
337 185
337 186
337 187
337 188
337 189
336 190
336 191
336 192
336 193
336 194
336 195
336 197
336 198
336 199
336 200
336 201
336 202
336 203
336 204
335 206
335 207
335 208
335 209
335 210
336 212
336 213
336 214
336 216
336 217
336 218
336 220
336 221
336 222
336 223
336 224
336 225
336 226
336 227
336 228
336 229
336 230
336 231
337 231
336 231
337 231
336 231
335 231
334 231
333 231
332 231
331 231
330 231
329 231
328 231
327 231
325 231
324 231
322 231
320 230
318 230
316 230
315 230
313 230
311 230
310 230
308 230
307 230
305 230
303 230
302 230
300 230
299 229
297 229
296 229
294 229
293 229
292 229
291 229
290 228
289 228
288 228
287 228
286 228
286 227
286 226
286 225
286 224
286 223
285 223
285 222
285 220
285 219
285 218
285 216
285 215
285 214
284 212
284 211
284 210
284 209
284 207
284 206
283 205
283 204
283 202
283 201
283 200
283 198
283 197
283 196
282 194
282 193
282 192
282 191
282 190
282 189
282 188
282 187
281 186
281 185
280 185
279 185
278 185
277 185
276 185
275 185
274 185
273 185
272 185
271 185
270 185
269 185
268 185
267 185
265 185
264 185
263 185
261 185
260 185
258 185
257 185
255 185
253 186
251 186
249 186
247 186
245 186
243 186
241 186
239 186
237 186
235 186
233 186
231 186
229 186
227 186
225 186
223 186
221 186
219 186
217 186
215 186
214 186
212 186
210 186
208 186
207 186
205 186
204 185
203 185
202 185
201 185
200 185
199 185
198 185
197 185
197 186
197 187
197 188
197 189
197 190
197 191
197 192
197 193
197 194
197 195
197 196
197 197
197 198
197 199
197 200
197 201
197 202
197 203
197 204
197 205
197 206
197 208
197 209
197 210
197 211
198 213
198 214
198 215
198 217
198 218
198 220
198 221
198 222
197 223
198 224
198 225
198 226
198 227
198 228
198 229
199 230
198 230
197 230
196 230
195 230
194 230
193 231
192 231
191 231
190 231
188 231
187 231
185 231
183 231
182 231
180 231
178 231
177 231
175 232
174 232
173 232
171 232
170 232
169 232
167 232
166 232
165 232
163 232
162 231
161 231
160 231
159 231
158 231
157 231
156 231
156 230
156 229
156 228
156 227
156 226
156 225
156 224
156 223
156 222
155 220
155 219
155 218
155 216
155 215
155 213
155 212
155 210
155 209
155 207
155 206
155 205
155 203
155 202
155 200
155 199
155 198
155 196
155 195
154 193
154 192
154 191
154 189
154 188
153 188
153 187
153 186
152 186
152 185
152 184
151 184
150 184
149 184
148 184
147 184
146 184
145 184
143 183
142 183
141 183
139 183
138 183
136 183
135 183
133 182
132 182
131 182
129 182
128 182
126 182
124 182
122 182
120 182
118 182
116 182
114 182
112 182
110 182
108 182
107 182
105 182
104 181
102 181
101 181
99 181
98 181
97 181
96 180
95 180
94 180
93 180
92 180
92 179
92 180
92 179
92 180
92 179
92 178
92 177
92 176
93 175
93 174
93 173
93 172
93 171
93 170
93 169
93 168
93 167
93 166
93 165
93 163
93 162
93 161
93 160
93 159
93 157
93 156
93 154
93 153
93 151
93 149
93 148
93 146
92 144
92 143
92 141
92 140
92 138
92 137
92 136
92 135
91 134
91 133
91 132
91 131
90 131
91 131
92 131
93 131
94 131
95 131
96 131
97 131
99 131
100 131
101 131
102 131
104 131
105 131
106 131
108 131
109 131
111 131
112 131
114 130
116 130
117 130
119 130
121 130
123 130
124 130
126 130
127 131
129 131
130 131
131 131
132 131
134 131
135 131
136 131
137 131
138 131
139 131
140 131
141 131
142 131
142 132
142 131
142 132
142 131
142 130
142 129
142 128
142 127
142 126
142 125
142 123
142 122
142 121
143 120
143 119
143 117
143 116
143 115
143 114
142 112
142 111
142 109
142 108
142 106
142 104
141 102
141 101
141 99
141 97
141 95
141 94
140 92
140 91
140 90
139 88
139 87
139 86
139 84
139 83
138 82
138 80
138 79
138 78
138 77
138 76
138 75
138 74
138 73
138 72
139 72
140 72
141 72
142 72
143 72
144 72
146 72
147 71
148 71
149 71
150 71
152 71
153 71
154 70
156 70
157 70
159 69
161 69
163 69
165 69
167 68
169 68
171 68
173 68
175 68
177 68
179 68
182 68
184 68
187 68
189 68
192 68
194 68
197 68
199 68
202 68
205 68
207 68
210 68
213 68
215 67
218 67
221 67
223 67
226 67
228 67
231 67
233 67
235 67
238 67
240 67
242 67
243 67
245 67
246 67
247 67
249 66
250 67
251 67
251 66
251 67
251 66
251 67
250 67
251 67
252 67
252 66
