957
241 56
244 59
244 60
245 60
245 61
246 61
246 62
247 62
247 63
248 64
249 64
249 65
250 66
251 67
252 67
253 68
254 69
255 69
255 70
256 71
257 71
258 72
258 73
259 74
260 75
261 76
261 77
262 78
262 79
263 81
263 82
264 83
265 84
265 85
266 86
267 87
267 88
268 89
269 90
270 91
271 92
272 93
273 94
274 95
275 97
276 98
277 99
278 100
279 102
280 103
281 104
282 106
283 107
284 109
285 110
286 111
287 112
288 114
289 115
289 116
290 117
291 119
292 120
293 122
294 123
295 124
296 126
297 127
298 129
299 130
300 131
301 132
301 133
302 134
303 134
304 135
304 136
305 136
306 136
307 136
308 136
309 136
310 136
311 136
312 136
313 136
314 136
315 136
316 136
317 136
318 136
319 136
321 136
322 136
323 136
325 136
326 136
327 136
329 136
330 136
331 136
332 136
333 136
335 137
336 137
337 137
339 138
341 138
342 138
344 139
346 139
348 139
349 139
351 139
353 140
354 140
356 140
358 140
359 140
361 140
363 140
365 140
367 140
369 140
371 140
372 140
374 140
376 140
377 140
379 141
381 141
382 141
384 141
386 141
387 141
389 141
390 141
392 141
394 141
395 141
396 141
397 141
398 141
399 141
400 141
400 142
400 143
401 144
402 145
402 146
403 147
403 148
403 149
403 150
404 151
404 152
404 153
404 154
404 155
404 156
404 157
404 158
405 158
405 159
405 160
405 161
405 162
405 163
405 164
405 165
405 166
405 167
405 168
405 169
405 170
405 171
405 172
405 173
405 174
405 175
405 176
405 177
405 178
405 179
405 180
405 181
405 182
405 183
405 184
405 185
406 186
406 187
406 188
406 189
406 190
406 191
406 192
406 193
406 194
406 195
406 196
406 197
406 198
406 199
406 200
407 200
407 201
407 202
407 203
406 203
406 202
405 202
404 202
403 202
402 202
401 202
400 202
399 202
398 202
397 202
396 202
395 202
393 202
392 202
390 202
389 202
388 201
386 201
385 201
383 201
382 201
381 201
379 201
378 201
377 200
376 200
374 200
373 200
372 200
370 200
368 200
366 200
365 200
363 200
361 200
359 200
358 200
356 200
354 200
353 200
351 200
349 200
348 200
346 200
344 200
342 200
340 200
338 200
336 200
334 200
333 200
331 200
330 200
328 200
326 200
325 200
323 200
321 200
319 200
318 200
316 200
314 200
313 200
312 200
311 200
310 200
309 200
308 200
307 200
306 200
305 199
304 200
303 199
302 199
301 199
300 199
299 199
298 199
297 199
296 199
295 199
295 200
295 201
295 202
295 203
295 204
295 205
295 206
295 207
296 208
296 209
296 210
296 211
296 212
296 213
296 214
296 215
296 216
296 217
296 219
296 220
297 221
297 222
297 223
297 224
297 225
297 226
297 227
297 228
297 229
297 230
297 231
297 232
297 233
297 234
297 235
297 236
297 237
297 238
297 239
297 240
297 241
297 242
297 243
297 244
297 245
296 245
295 245
294 245
293 245
292 245
291 245
290 245
289 245
288 246
287 246
286 246
285 246
284 246
283 246
282 246
281 246
279 246
278 246
277 246
275 246
274 246
272 246
271 245
270 245
268 245
267 245
266 245
265 245
264 245
263 245
262 245
261 245
260 244
259 244
258 244
257 244
256 244
255 244
254 245
253 245
252 245
251 245
250 245
250 244
250 243
250 242
250 241
250 240
249 240
249 239
249 238
249 237
249 236
249 235
249 234
249 233
249 232
249 231
250 230
250 229
250 228
250 227
250 226
250 225
250 224
250 223
250 222
250 221
250 219
250 218
250 217
250 216
251 214
251 213
251 212
251 211
251 210
251 209
251 208
251 207
251 206
251 205
251 204
251 203
251 202
251 203
251 202
250 202
249 202
248 202
247 202
246 202
245 202
244 202
243 202
242 202
241 202
240 202
239 202
237 202
236 201
234 201
233 201
231 201
229 201
228 201
226 201
224 201
222 201
221 201
219 201
217 201
215 201
213 201
212 201
210 200
208 200
205 200
203 200
201 200
200 200
198 200
196 199
194 199
192 199
191 199
189 199
187 199
185 198
183 198
181 198
179 198
177 198
176 198
174 198
173 198
171 198
170 198
168 198
167 198
165 198
164 197
163 197
161 197
160 197
159 197
158 197
157 197
156 197
157 197
157 198
157 199
157 200
157 201
157 202
157 203
157 204
157 205
157 206
157 207
157 208
157 209
157 210
158 211
158 212
158 213
158 214
158 215
158 216
158 217
158 218
158 219
158 220
158 221
158 222
158 223
158 224
158 225
158 226
158 227
157 228
157 229
157 230
157 231
157 232
157 233
157 234
157 235
157 236
157 237
157 238
157 239
157 240
157 241
157 242
157 243
157 244
156 244
155 244
154 244
153 244
152 244
151 244
150 244
149 244
148 244
147 244
146 244
145 244
143 244
142 244
140 244
139 244
137 244
136 244
134 244
133 244
132 244
131 244
130 244
129 244
128 244
127 244
126 244
125 244
124 244
123 244
122 243
121 243
120 243
119 243
118 243
117 243
116 243
115 243
115 242
115 241
115 240
115 239
115 238
114 237
114 236
114 235
114 234
114 233
114 232
114 231
114 230
114 229
114 228
114 227
114 226
114 225
114 224
114 223
114 222
113 221
114 220
113 219
114 218
114 217
114 216
114 215
114 213
114 212
114 211
114 210
114 209
115 208
115 207
115 206
115 205
115 204
115 203
115 202
116 201
116 200
116 199
116 198
116 197
116 196
116 195
115 195
115 196
114 196
113 196
112 196
111 196
110 196
109 196
108 196
107 196
106 195
105 195
104 195
102 195
101 195
99 195
98 196
96 196
95 196
93 196
92 196
90 196
89 196
87 196
86 196
85 196
83 196
82 196
81 196
79 196
78 196
76 196
75 196
74 196
72 196
71 196
70 196
69 196
68 196
67 196
66 196
65 196
64 196
64 195
63 195
62 195
61 195
61 194
61 193
61 192
61 191
61 190
61 189
61 188
61 187
61 186
60 186
60 185
60 184
60 183
60 182
60 181
60 180
60 179
60 178
60 177
60 175
60 174
60 173
60 172
60 170
60 169
60 168
60 167
60 165
60 164
60 163
60 162
59 161
59 160
59 159
59 158
59 157
59 156
59 155
58 153
58 152
58 151
58 149
58 148
58 147
58 146
58 145
57 144
57 143
57 142
57 141
57 140
57 139
57 138
57 137
57 136
57 135
57 136
58 136
58 135
59 135
60 135
61 135
62 135
63 135
64 135
65 135
66 135
68 135
69 135
70 135
71 135
73 135
74 135
75 135
76 135
77 134
79 134
80 134
81 134
82 134
83 134
84 134
85 135
86 135
87 135
88 135
89 135
90 135
91 135
92 135
93 135
94 135
95 135
96 135
97 135
99 135
100 135
101 135
102 134
103 134
104 134
105 134
106 134
107 135
108 135
109 135
110 135
111 135
112 135
112 134
112 133
112 132
112 131
112 130
112 129
112 128
112 127
112 126
112 125
112 124
112 123
112 122
112 121
112 120
112 119
112 118
111 117
111 116
111 115
111 114
111 113
111 112
111 111
111 110
111 109
110 108
110 107
110 106
110 105
110 103
109 102
109 101
109 100
109 99
108 98
108 96
108 95
108 94
107 93
107 92
107 91
107 90
107 89
107 88
107 87
107 86
107 85
107 84
107 82
106 81
106 80
106 79
106 77
106 76
105 75
105 74
105 73
105 72
105 70
104 70
104 69
104 68
104 67
104 66
103 65
103 64
103 63
103 62
103 61
102 60
102 59
102 58
102 57
102 56
102 55
102 54
101 54
101 53
101 52
101 51
101 50
101 51
102 51
103 51
104 51
105 51
106 51
107 51
108 51
109 51
109 52
110 52
111 52
112 52
113 52
114 52
115 52
117 52
118 52
119 52
121 52
122 52
123 52
125 53
126 53
127 53
128 53
130 53
131 53
132 53
134 53
135 53
137 53
138 53
140 53
141 53
143 53
145 53
146 53
148 53
149 53
151 53
152 53
153 53
155 53
156 53
158 53
160 53
161 53
163 53
165 53
166 53
168 53
169 53
171 53
173 53
174 53
176 53
177 53
179 53
180 53
182 53
183 53
185 53
187 53
188 53
190 53
192 53
193 53
195 53
196 53
198 53
199 53
201 53
202 53
204 53
206 53
208 53
209 53
211 53
212 53
214 53
215 53
216 53
217 53
219 53
220 53
221 53
222 54
223 54
224 54
225 54
226 54
227 54
228 54
229 54
230 54
231 54
232 54
233 54
233 53
234 53
