648
429 108
418 107
416 107
414 107
412 107
410 107
408 107
406 107
404 107
402 107
400 107
397 107
394 107
392 106
389 106
386 106
383 106
380 106
376 105
373 105
369 105
366 105
362 105
359 104
355 104
352 104
348 103
344 103
340 103
336 103
333 102
328 102
324 102
320 102
316 102
312 101
308 101
305 101
301 101
298 101
295 101
292 100
289 100
287 100
285 100
283 100
281 100
279 100
278 100
277 100
276 100
275 100
275 101
275 102
274 103
274 104
274 105
274 106
274 107
274 109
274 110
274 111
274 112
274 114
275 115
275 117
275 118
275 120
275 122
275 124
275 126
275 128
276 130
276 132
276 135
276 137
276 139
276 141
276 144
276 146
276 148
275 150
275 152
275 155
275 157
275 159
274 161
274 163
274 164
274 166
274 167
273 169
273 170
273 171
273 172
273 173
272 173
272 174
272 175
271 176
270 177
269 177
268 178
267 178
266 178
264 179
263 179
261 180
259 180
257 181
255 181
252 182
250 182
247 183
244 184
241 184
238 185
235 186
232 186
230 187
227 188
224 188
221 189
219 189
217 190
215 190
214 191
212 191
211 191
210 192
209 192
208 192
208 193
207 193
207 194
207 195
207 196
207 197
207 198
207 199
207 201
207 202
206 204
206 206
206 207
206 209
206 211
206 214
205 216
205 218
205 220
205 222
204 225
204 227
204 229
204 231
203 233
203 234
202 236
202 237
202 239
201 240
201 241
201 242
201 243
200 243
200 244
200 245
200 246
201 247
202 247
203 247
204 248
205 248
206 248
207 248
208 248
210 248
212 248
213 248
215 248
217 249
219 249
221 249
223 249
226 249
228 249
231 249
233 249
236 249
239 249
241 250
244 250
246 250
249 250
251 250
253 250
255 250
257 250
259 250
261 250
263 250
264 250
265 250
266 251
267 251
268 251
269 251
269 252
269 253
269 254
270 254
270 255
270 256
270 258
270 259
270 260
269 262
269 264
269 266
269 268
269 270
269 272
269 274
269 276
269 279
269 281
269 283
269 286
269 288
269 290
269 292
269 294
268 296
268 297
268 299
268 301
268 302
268 303
268 304
268 305
267 306
267 307
267 308
267 309
267 310
268 311
269 311
269 312
270 312
271 312
272 312
273 312
274 313
275 313
277 313
278 313
280 314
282 314
284 314
287 314
289 315
291 315
294 315
296 316
299 316
301 317
304 317
307 317
310 318
312 318
315 318
318 319
321 319
324 319
326 320
329 320
331 320
334 320
336 320
338 320
340 321
342 321
343 321
345 321
346 321
347 321
348 321
348 320
348 319
348 318
348 317
348 316
348 315
348 314
348 312
348 311
348 309
348 308
348 306
348 304
348 302
348 300
348 298
348 296
348 294
348 291
348 289
348 286
348 284
348 282
348 280
348 277
348 276
348 274
348 272
348 270
348 269
348 268
348 267
348 265
347 265
347 264
347 263
347 262
348 262
349 263
350 263
351 263
352 263
353 264
354 264
355 264
357 264
359 264
361 264
363 264
365 263
367 263
370 263
373 263
375 262
378 262
381 262
384 262
387 261
391 261
394 261
397 261
400 260
403 260
405 260
408 260
410 260
412 259
414 259
416 259
418 259
419 259
421 259
422 259
423 259
424 259
425 259
425 260
425 261
425 262
425 263
425 264
425 265
425 267
425 268
425 270
425 271
425 273
425 275
425 277
425 279
425 281
425 283
425 285
425 288
425 290
425 292
424 295
424 297
424 299
424 301
424 303
424 305
424 307
423 308
423 310
423 311
423 313
423 314
422 315
422 316
422 317
422 318
422 318
422 319
421 320
421 320
422 320
422 321
423 321
424 321
425 321
426 321
427 321
428 321
429 321
431 321
432 321
434 321
436 321
439 321
441 321
444 321
447 321
450 321
453 321
456 321
459 321
463 321
466 321
469 321
472 321
476 321
479 321
482 321
484 321
487 321
489 321
492 321
494 321
496 321
497 321
499 321
500 321
501 321
502 321
503 321
504 321
504 320
504 319
504 318
504 317
505 316
505 315
505 313
505 312
505 311
505 309
505 308
505 306
505 304
505 302
505 300
505 298
505 296
505 294
505 292
505 289
505 287
505 285
505 283
505 281
505 279
505 277
505 276
505 274
505 273
505 272
505 271
505 270
505 269
505 268
504 268
504 267
505 267
506 267
507 267
508 267
509 267
510 267
512 267
513 267
515 267
516 267
518 267
520 267
523 266
525 266
527 266
530 266
532 266
535 266
538 266
540 265
543 265
546 265
549 265
552 265
554 265
557 265
560 265
562 265
564 265
567 265
569 265
571 265
572 265
574 265
575 265
576 265
577 265
578 264
579 264
580 264
580 263
581 262
581 261
581 260
581 259
581 258
581 257
581 256
581 255
582 254
582 252
582 251
582 249
583 248
583 246
583 244
583 243
584 241
584 239
584 237
584 234
585 232
585 230
585 228
585 226
586 225
586 223
586 222
586 220
586 219
587 218
587 217
587 216
587 215
587 214
587 213
586 212
585 213
584 213
583 213
582 213
580 213
579 214
577 214
575 214
573 214
570 214
568 214
565 215
562 215
559 215
555 215
552 215
549 215
545 215
542 216
538 216
535 216
532 216
529 216
526 216
523 216
520 216
518 216
515 216
513 216
511 216
509 216
508 216
506 216
505 216
504 216
503 216
503 215
502 215
501 215
501 214
500 214
500 213
499 212
499 211
498 211
498 209
497 208
496 207
495 205
494 204
493 202
492 201
491 199
489 197
488 195
487 193
485 191
483 188
482 186
480 184
478 181
476 178
473 176
471 173
469 171
467 168
464 165
462 162
460 159
457 156
455 154
453 151
451 148
449 146
447 143
445 141
444 139
442 137
440 135
439 133
438 132
437 130
436 129
435 128
434 127
434 126
433 126
433 125
433 124
433 124
