638
381 109
385 113
385 114
386 115
387 116
387 117
388 119
389 120
390 122
391 124
392 125
393 127
394 129
395 131
397 133
398 136
399 138
401 140
402 142
403 144
405 146
406 148
407 150
408 152
409 153
410 155
411 157
411 158
412 160
413 161
413 162
414 163
415 164
415 165
415 166
416 166
416 167
417 168
418 168
418 169
419 169
420 169
421 169
422 169
423 169
424 169
425 169
426 169
428 169
429 169
430 169
432 169
434 169
435 169
437 169
438 168
440 168
442 168
443 168
445 168
447 168
448 167
450 167
452 167
453 167
454 167
456 166
457 166
458 166
459 166
460 166
461 166
462 166
462 167
463 167
463 168
463 169
464 170
464 171
464 172
465 174
465 175
465 177
466 178
466 180
467 182
467 184
467 186
468 188
468 190
469 193
469 195
469 197
470 199
470 201
470 203
470 206
471 208
471 210
471 212
471 214
471 215
471 217
471 219
471 220
471 221
471 222
471 224
471 225
471 226
471 227
471 228
470 228
469 228
468 228
467 227
466 227
465 227
463 227
461 227
460 227
458 227
455 227
453 227
451 227
448 227
446 227
443 227
440 227
437 227
434 227
431 227
428 227
425 227
422 227
418 227
415 227
412 227
409 227
405 227
402 226
399 226
396 226
392 226
389 226
386 226
383 226
380 226
377 226
374 226
371 226
368 226
366 226
363 226
361 226
359 226
357 226
355 226
353 226
351 226
350 226
348 226
347 226
346 226
345 226
344 226
343 226
343 225
342 225
341 226
341 227
342 227
342 228
342 229
342 231
342 232
342 233
342 235
342 236
342 238
342 240
342 242
342 244
342 245
342 248
342 250
341 252
341 254
341 256
341 259
341 261
341 263
341 265
341 266
341 268
340 269
340 271
340 272
340 273
339 274
339 275
339 276
338 276
338 277
337 277
337 278
336 278
335 278
334 278
333 278
332 278
331 278
330 278
329 278
328 278
326 278
324 278
322 278
321 278
319 278
316 278
314 278
312 278
310 279
308 279
307 279
305 280
303 280
302 280
300 280
299 280
298 281
297 281
296 281
295 281
294 280
294 279
294 278
294 277
294 276
293 274
293 273
293 272
293 270
293 268
292 266
292 264
292 261
291 259
291 256
291 254
290 251
290 248
290 245
290 243
289 240
289 238
289 235
289 233
289 231
289 229
289 227
289 226
289 225
289 224
289 223
289 222
289 221
288 221
287 221
286 221
285 221
284 221
283 221
282 220
281 220
280 220
278 220
277 219
275 219
273 219
271 219
268 219
266 219
264 219
261 219
258 219
256 219
253 219
251 219
248 219
246 219
244 219
242 219
240 219
239 219
237 219
236 219
234 219
233 219
232 219
231 219
230 219
229 219
228 220
228 221
228 222
228 223
228 224
228 225
228 226
228 227
228 228
228 230
228 232
228 234
228 236
229 238
229 240
229 242
229 244
230 246
230 249
230 251
230 253
230 255
231 258
231 260
231 261
231 263
230 264
230 266
230 267
230 268
230 269
230 270
229 270
229 271
229 272
228 272
228 273
227 273
226 273
225 273
224 273
223 273
222 273
221 273
220 273
219 273
217 273
216 274
214 274
212 274
210 275
208 275
206 275
204 276
202 276
200 277
197 277
195 278
193 278
191 279
189 279
187 279
185 280
183 280
181 281
180 281
178 281
177 281
176 282
174 282
173 282
172 282
171 282
170 282
169 282
168 282
168 281
168 280
168 279
167 279
167 278
167 277
167 276
167 274
167 273
167 271
167 269
167 266
167 264
167 261
167 258
167 255
166 252
166 249
166 246
166 243
165 240
165 237
165 235
164 232
164 230
164 228
164 226
164 224
164 223
163 221
163 220
163 219
163 218
163 217
162 216
161 216
160 216
159 216
159 215
158 215
157 215
156 215
155 215
154 215
152 215
151 215
149 215
147 214
146 214
144 214
142 214
140 214
137 214
135 214
133 214
131 214
129 214
127 214
125 214
123 214
121 214
120 214
118 214
117 213
115 213
114 213
113 213
112 213
111 213
110 212
109 212
108 212
107 212
107 211
106 211
105 210
104 210
104 209
103 208
103 207
102 206
102 205
102 203
102 201
102 200
101 198
101 195
101 193
101 190
100 188
100 185
100 182
99 178
99 176
98 173
98 170
98 167
97 165
97 163
97 161
97 160
96 159
96 158
96 157
96 156
96 155
97 156
98 157
99 157
100 157
101 158
102 158
103 158
105 159
106 159
108 159
110 159
112 159
115 159
117 159
120 159
122 159
125 159
128 160
131 160
134 160
138 160
141 160
145 160
148 160
152 160
156 160
159 160
163 160
167 160
171 160
174 160
178 160
182 160
185 160
189 160
192 160
195 160
199 160
202 160
204 160
207 160
209 160
212 160
214 159
216 159
218 159
219 159
221 159
222 159
223 159
224 159
225 159
225 158
225 157
225 156
225 155
225 154
225 153
225 152
225 150
225 149
225 147
224 146
224 144
224 142
224 140
223 138
223 136
223 134
222 132
222 130
222 128
221 126
221 124
221 123
220 121
220 119
220 118
219 117
219 116
219 115
219 114
218 113
218 112
218 111
219 111
220 111
221 111
222 112
223 112
224 112
226 112
227 112
229 112
230 112
232 112
234 111
237 111
239 111
242 111
244 110
247 110
250 110
253 109
256 109
259 109
262 108
265 108
268 108
272 107
275 107
279 107
282 107
286 106
290 106
293 106
297 105
300 105
304 105
307 105
311 104
314 104
318 104
321 103
325 103
328 103
331 102
334 102
338 102
341 101
344 101
347 101
349 100
352 100
355 99
357 99
359 99
361 98
363 98
365 98
367 97
368 97
369 97
370 97
371 97
372 97
373 97
374 98
374 97
375 97
375 96
375 95
