592
453 108
444 106
443 106
441 106
441 106
439 106
437 106
434 106
432 106
429 106
426 105
423 105
420 105
417 105
414 105
410 105
406 105
402 105
398 105
394 105
390 105
386 105
382 105
378 105
374 104
370 104
366 104
362 104
358 104
353 103
349 103
345 102
341 102
337 102
333 101
329 101
325 101
321 100
318 100
315 100
312 99
309 99
307 99
305 99
303 99
301 99
300 98
299 98
298 98
297 98
297 99
297 100
297 101
297 102
297 103
297 104
297 106
297 107
297 109
297 111
297 113
297 115
298 117
298 119
298 122
298 124
299 126
299 129
299 132
299 134
300 137
300 139
300 141
301 143
301 145
301 147
302 149
302 150
302 152
303 153
303 154
303 155
303 156
303 157
304 157
304 158
303 158
302 158
301 159
300 159
299 159
298 159
297 159
296 160
294 160
293 160
291 161
289 161
287 161
284 162
282 162
279 163
277 163
274 164
271 164
268 164
265 165
262 165
259 166
256 166
253 166
250 166
248 167
245 167
243 167
241 168
239 168
238 168
236 168
235 169
234 169
233 169
232 169
231 169
231 170
231 171
231 172
231 173
231 174
231 175
232 177
232 178
232 180
232 182
232 184
233 187
233 189
233 192
233 194
233 197
233 200
233 202
232 205
232 208
232 210
232 213
231 215
231 217
231 219
230 221
230 222
230 224
229 225
229 226
229 227
228 227
228 228
229 229
230 229
231 229
232 229
234 229
235 229
237 229
238 229
240 229
243 228
245 228
247 228
250 228
253 227
256 227
259 227
262 226
265 226
268 226
271 226
274 226
276 225
279 225
281 225
284 225
286 225
288 225
290 225
292 225
293 225
294 225
295 225
296 225
297 225
297 226
298 226
298 227
298 228
299 229
299 230
299 231
300 232
300 233
300 235
300 236
301 238
301 240
301 242
301 244
302 246
302 248
302 250
302 252
302 254
302 255
302 257
302 259
302 261
302 263
302 264
302 266
301 267
301 269
301 270
301 271
301 272
301 273
300 273
300 274
300 275
300 276
300 277
301 277
301 278
302 278
303 278
304 278
305 279
306 279
308 279
309 279
311 279
313 279
315 279
318 279
320 279
322 279
325 279
328 279
330 279
333 279
336 279
339 279
341 279
344 279
347 279
349 279
352 279
354 279
356 279
357 279
359 279
360 279
362 279
363 279
364 279
365 279
366 279
367 279
368 279
369 278
369 277
370 276
370 275
371 274
371 273
372 271
372 270
373 268
373 266
374 264
374 262
375 260
375 258
375 255
376 253
376 251
376 248
376 246
376 244
376 242
376 240
376 238
376 237
376 235
376 234
376 233
376 232
375 231
375 230
375 229
375 228
376 228
377 228
378 228
379 228
380 228
381 228
382 228
384 228
385 228
387 228
389 228
391 228
394 228
396 228
398 228
401 228
403 227
406 227
408 227
411 227
414 227
417 227
419 226
422 226
425 226
427 226
429 225
432 225
434 225
436 224
437 224
439 224
440 224
441 224
443 224
444 224
445 224
446 224
446 225
446 226
446 227
447 228
447 229
447 230
447 231
447 232
447 234
447 236
447 237
448 239
448 241
448 243
448 245
447 247
447 249
447 251
447 253
446 255
446 257
446 259
445 260
445 262
445 263
444 265
444 266
444 267
443 268
443 269
443 270
443 271
442 271
442 272
443 272
444 273
445 273
447 273
448 273
449 273
451 274
453 274
455 274
457 274
459 274
462 274
465 274
467 274
470 275
473 275
477 275
480 275
483 275
486 274
488 274
491 274
493 274
496 274
498 274
500 274
501 274
502 274
503 274
504 274
505 275
506 275
506 274
506 273
507 272
507 271
507 270
507 269
508 268
508 267
508 265
508 264
509 262
509 261
509 259
509 257
510 255
510 253
510 251
510 249
510 247
511 245
511 243
510 241
510 240
510 238
510 236
510 234
510 233
510 231
510 230
510 229
510 228
509 227
509 226
509 225
509 224
510 224
511 224
512 224
513 224
514 225
515 225
516 225
518 225
519 225
521 224
523 224
525 224
527 224
530 224
532 224
535 224
537 224
540 224
543 223
545 223
548 223
551 223
553 223
556 223
558 222
561 222
563 222
565 222
567 222
568 222
570 222
571 222
572 222
572 221
573 221
574 221
575 220
575 219
576 218
577 217
577 216
578 216
578 215
579 213
579 212
580 211
580 209
581 208
581 206
582 205
582 203
582 201
583 199
583 197
584 196
584 194
584 192
585 190
585 188
585 187
586 185
586 184
586 183
586 182
586 181
586 180
585 180
584 180
583 180
582 180
581 181
579 181
578 181
576 181
574 181
573 181
571 181
569 181
566 181
564 181
562 181
559 181
557 181
554 181
551 181
548 181
545 181
542 181
539 182
536 182
533 182
530 182
528 182
525 182
523 182
520 182
518 183
516 183
514 183
512 183
511 183
509 183
508 184
507 184
505 184
504 184
503 184
502 184
501 183
501 182
500 182
499 181
499 180
498 179
497 178
496 177
495 176
494 175
493 173
492 172
490 170
488 168
487 166
485 164
483 162
481 160
479 158
478 156
476 153
474 151
472 149
470 146
468 144
466 141
464 139
463 136
461 134
459 131
457 129
456 126
454 124
453 122
452 120
450 119
449 117
449 116
448 115
447 114
446 113
445 112
445 111
444 111
445 111
445 111
