791
287 51
289 54
290 55
291 55
292 56
292 57
293 58
293 59
294 60
295 61
295 62
296 63
297 64
298 65
299 66
300 66
301 67
302 68
303 69
304 70
306 71
307 72
307 73
308 75
309 76
310 78
311 80
312 81
313 83
314 84
316 86
317 87
318 89
319 90
320 91
321 93
323 94
324 96
325 97
326 99
328 100
329 102
330 104
330 105
331 107
332 109
333 110
334 111
335 113
336 114
338 115
339 117
340 118
341 119
343 121
344 122
345 123
346 125
347 126
348 128
349 129
350 130
351 131
352 132
353 133
354 134
354 135
355 136
355 137
356 136
357 136
358 136
359 136
360 136
361 136
362 136
363 136
365 136
366 136
367 136
369 136
370 136
371 136
373 136
374 136
376 136
377 136
379 136
381 136
382 136
384 136
386 136
389 136
391 136
393 136
395 136
397 136
399 136
401 136
403 136
404 136
406 136
408 136
410 136
412 136
414 136
416 136
418 136
419 136
420 136
422 136
423 136
424 136
425 136
426 136
427 136
428 136
429 136
429 137
430 137
430 138
430 139
430 140
431 141
431 142
431 143
431 144
432 144
432 145
432 146
432 147
432 148
433 149
433 150
433 152
433 153
433 154
433 155
434 156
434 157
434 158
434 160
434 161
434 162
434 163
435 164
435 166
435 167
435 169
435 170
435 172
436 173
436 175
436 176
436 177
437 179
437 180
437 181
437 182
438 182
438 183
438 184
438 185
439 185
439 186
439 187
439 188
440 188
440 189
439 189
439 188
438 188
437 188
436 188
435 188
434 188
433 188
431 188
430 187
429 187
427 187
426 188
424 188
423 188
421 188
419 188
417 188
415 188
413 188
411 188
409 188
407 188
405 188
403 188
401 188
399 188
397 188
394 188
392 188
390 188
388 188
385 188
383 188
381 188
379 188
377 188
375 188
373 188
371 188
369 188
368 188
366 188
364 188
363 188
362 188
360 188
359 188
358 188
357 188
356 188
355 188
355 189
355 190
355 191
355 192
355 193
355 194
355 195
355 196
355 197
355 198
355 199
355 200
355 201
355 202
355 203
355 204
355 205
355 206
355 207
355 208
355 209
355 210
355 212
355 213
355 214
355 215
355 217
355 218
355 219
355 221
355 222
356 223
356 224
356 225
356 226
356 227
357 228
357 229
357 230
357 231
357 232
357 233
358 234
358 235
358 236
358 237
359 238
358 238
357 238
356 237
355 237
354 237
353 237
352 237
351 237
350 237
349 237
347 237
346 237
344 237
342 237
341 238
339 238
337 238
336 238
334 238
332 238
331 238
329 238
328 238
326 238
325 238
323 238
322 238
320 238
319 238
318 238
317 238
316 238
315 238
314 238
313 238
312 237
312 236
312 235
311 234
311 233
311 232
311 231
310 230
310 229
310 228
310 227
310 226
310 225
310 224
310 223
310 222
310 220
310 219
310 217
310 216
310 214
310 213
309 211
309 210
309 209
309 207
309 206
309 205
309 204
309 203
309 202
309 201
309 200
309 199
308 198
308 197
308 196
308 195
308 194
308 193
308 192
307 192
306 192
305 192
305 193
304 193
303 192
302 192
301 192
300 192
299 192
297 192
296 192
294 192
293 192
291 192
289 192
288 192
286 192
285 192
283 192
281 192
279 191
277 191
275 191
273 191
271 191
269 191
267 191
265 191
264 191
262 191
260 191
258 191
256 191
255 190
253 190
251 190
249 190
247 190
245 190
244 190
242 190
241 190
240 190
239 190
237 190
236 190
235 190
234 190
234 189
233 189
232 189
231 189
230 189
230 190
230 191
230 192
230 193
230 194
230 195
230 196
230 198
230 199
230 200
229 201
229 202
229 203
229 204
229 205
229 206
229 207
229 208
229 210
229 211
229 212
229 214
229 215
229 216
229 218
229 219
229 221
229 222
229 223
229 225
229 226
229 227
229 228
229 229
229 230
229 231
229 232
229 233
230 234
230 235
230 236
230 237
230 238
229 238
228 238
227 238
226 238
226 237
225 237
224 237
223 237
222 237
221 237
220 237
219 237
217 237
216 236
214 236
213 236
211 236
210 236
208 236
207 236
205 236
203 235
202 235
200 235
199 235
198 235
196 235
195 235
193 235
192 235
190 235
189 235
187 234
186 234
184 234
183 234
182 234
181 234
180 234
179 234
178 234
177 234
176 234
175 234
174 234
174 233
174 232
174 231
174 230
174 229
174 228
174 227
174 226
173 225
173 224
173 223
173 222
173 221
173 219
172 218
172 216
172 215
172 214
172 212
171 211
171 209
171 208
171 207
171 206
171 204
171 203
171 202
171 201
171 199
171 198
171 197
171 195
171 194
171 193
171 192
171 191
171 190
171 189
171 188
171 187
171 186
170 186
169 187
168 187
167 187
166 187
165 187
164 187
163 187
162 187
161 187
159 187
158 187
157 187
156 186
155 186
154 186
153 186
152 186
151 186
149 186
148 186
147 186
145 186
144 186
142 186
140 185
138 185
137 185
135 185
133 185
132 185
130 185
129 185
128 185
126 185
124 185
123 185
121 185
120 185
118 185
117 185
115 185
114 185
113 185
112 185
111 185
110 185
109 185
108 185
107 185
107 184
107 183
106 183
106 182
106 181
106 180
106 179
106 178
106 177
106 176
106 175
106 174
106 172
106 171
106 170
106 168
106 167
106 165
106 164
106 162
105 161
105 159
105 158
106 156
106 155
106 153
106 152
106 150
106 148
106 146
106 144
106 143
106 141
105 140
105 138
105 137
105 136
105 135
105 133
105 131
105 130
104 129
104 128
104 127
105 127
106 128
107 128
108 128
109 128
110 128
111 128
112 128
113 128
114 128
116 129
117 129
119 129
120 129
122 129
124 129
126 129
127 129
129 129
131 129
132 129
134 129
136 129
138 129
140 129
142 129
144 129
146 129
148 130
150 130
152 130
153 130
155 130
156 130
157 130
159 130
160 131
161 131
162 131
163 131
164 131
165 131
165 132
166 132
167 132
167 131
167 130
167 129
167 128
167 127
167 126
167 125
167 124
167 123
167 122
167 121
167 120
167 119
167 118
167 117
167 116
166 114
166 113
166 112
166 111
166 110
165 108
165 107
165 105
164 104
164 102
164 100
164 99
163 97
163 95
163 94
163 92
163 91
162 89
162 88
162 86
161 84
161 82
161 80
161 79
160 77
160 75
160 74
160 72
160 71
160 70
160 68
159 67
159 66
159 65
159 64
159 63
159 62
159 61
160 61
161 61
162 61
163 61
164 61
165 61
166 61
167 61
168 61
170 61
171 61
172 61
174 61
175 61
176 61
178 61
179 61
181 61
183 61
184 61
186 61
188 61
190 61
192 61
194 61
195 61
197 61
199 61
201 61
203 61
205 61
207 61
209 61
211 61
213 61
215 61
217 61
219 61
221 61
223 62
225 62
227 62
230 62
232 62
234 62
236 62
238 62
240 62
242 62
243 62
245 62
247 62
248 62
250 62
252 62
254 62
255 62
257 62
259 62
260 62
261 62
262 62
263 62
264 62
265 62
266 62
267 62
268 62
269 63
268 63
268 64
