620
243 75
246 79
247 80
247 81
248 81
249 82
249 83
250 84
252 85
253 86
254 87
255 88
256 89
257 91
258 92
260 93
261 95
262 96
263 98
265 99
266 100
267 102
269 103
270 104
271 106
272 107
274 108
275 109
276 111
277 112
278 113
280 114
281 116
282 117
283 118
284 119
285 121
285 122
286 123
287 124
288 125
288 126
289 127
290 128
290 129
291 129
291 130
292 130
292 131
292 132
293 132
293 133
294 133
295 133
296 133
297 133
298 134
299 134
300 134
301 133
302 133
304 133
305 133
307 133
308 133
310 133
312 133
313 133
315 133
317 133
319 133
321 133
322 133
324 133
326 133
327 133
329 133
330 133
332 133
333 132
334 132
335 132
337 132
338 132
339 132
340 132
341 132
342 132
343 132
344 132
345 133
345 134
345 135
346 136
346 137
346 138
346 139
346 140
347 142
347 143
347 145
347 146
348 148
348 150
348 151
348 153
349 155
349 156
349 158
350 160
350 161
350 163
351 164
351 165
351 167
351 168
351 170
352 171
352 172
352 173
352 174
352 175
352 176
351 177
351 178
351 179
351 180
350 180
350 181
349 181
348 181
348 180
347 180
346 180
345 180
344 180
343 179
341 179
340 179
338 179
337 179
335 178
333 178
331 178
329 178
327 178
324 178
322 178
320 178
317 178
315 178
313 179
310 178
308 178
306 178
304 178
302 178
300 178
298 178
296 178
295 178
293 178
291 177
290 177
288 177
287 177
286 177
285 177
283 177
282 177
281 177
280 177
279 177
278 177
277 177
277 178
277 179
277 180
277 181
277 182
277 183
277 184
277 185
277 186
277 187
277 188
277 190
277 191
277 193
277 194
277 196
277 197
277 199
277 200
278 202
278 204
278 205
278 207
278 208
278 210
278 211
279 213
279 214
279 215
279 216
279 217
279 218
279 219
279 220
279 221
279 222
278 222
278 223
278 224
278 225
277 225
276 224
275 224
274 224
273 224
271 224
270 224
268 224
267 224
265 224
263 224
261 225
259 225
257 225
255 225
253 226
251 226
249 226
248 226
246 227
244 227
243 227
242 227
241 227
239 227
238 227
237 227
236 227
235 227
234 227
234 226
233 226
232 225
231 224
231 223
230 222
230 221
230 219
229 218
229 216
229 214
228 212
228 210
227 207
227 205
226 202
226 200
225 197
224 195
224 192
224 190
223 188
222 187
222 185
221 184
221 182
220 181
220 180
220 179
219 178
219 177
219 176
218 175
217 174
216 174
216 173
215 173
214 173
213 173
212 173
211 173
210 173
209 172
208 172
207 172
206 172
204 172
202 172
201 172
199 171
197 171
196 171
194 171
192 171
191 171
189 171
188 171
187 171
185 171
184 171
183 171
182 171
182 172
182 173
182 174
182 175
183 176
183 177
183 179
183 180
183 181
183 183
183 185
183 187
183 189
184 191
184 193
184 195
184 197
184 200
184 202
185 204
185 207
185 209
185 211
185 213
185 215
185 217
185 218
185 220
185 221
185 222
185 223
185 224
185 225
184 225
183 225
182 225
181 225
180 225
179 225
178 225
177 225
175 225
174 225
173 225
171 225
170 226
168 226
166 226
164 226
163 227
161 227
159 227
157 227
156 228
154 228
153 228
152 228
151 228
150 229
149 229
148 229
147 229
146 229
145 229
144 228
144 227
144 226
144 225
144 224
143 223
143 221
143 220
143 218
143 216
143 214
143 212
143 209
142 207
142 204
142 201
142 198
141 195
141 192
141 190
140 188
140 186
140 184
140 182
139 180
139 178
139 177
139 176
139 174
139 173
139 172
138 171
138 170
138 169
138 168
138 167
137 167
137 166
136 166
135 166
134 166
133 166
132 165
131 165
130 165
129 165
128 165
127 164
126 164
125 164
123 164
122 164
121 163
120 163
118 163
117 163
115 163
114 163
112 164
110 164
109 164
107 164
105 165
104 165
102 165
101 165
100 165
99 166
98 166
97 166
96 166
95 166
94 166
93 166
92 166
92 165
92 164
91 164
91 163
91 162
91 161
90 160
90 159
90 158
89 156
89 155
89 153
88 151
88 149
88 147
87 145
87 143
86 141
86 139
85 137
85 136
84 134
84 133
83 131
83 130
82 129
82 128
82 127
81 126
81 125
82 124
83 124
84 124
85 124
86 124
87 123
89 123
90 123
92 123
94 123
96 123
98 122
101 122
104 122
106 122
109 121
111 121
114 121
117 121
119 121
122 120
124 120
126 120
129 120
131 120
133 119
135 119
138 119
140 119
142 118
143 118
145 118
147 118
148 118
150 117
151 117
153 117
154 117
155 117
156 116
157 116
158 116
159 116
160 116
160 115
160 114
160 113
160 112
159 111
159 110
159 109
159 107
159 106
159 104
159 103
159 101
158 100
158 98
158 97
158 96
158 94
157 93
157 92
157 91
157 90
157 89
156 89
156 88
156 87
157 87
158 87
159 87
159 86
160 86
161 86
162 86
163 86
165 86
166 86
167 86
168 86
169 86
171 86
172 86
173 86
175 86
176 86
178 86
179 86
181 86
182 86
184 86
185 86
187 86
189 86
190 86
192 86
193 86
195 86
196 86
198 86
199 86
201 86
202 86
204 86
205 86
207 86
209 86
210 86
212 86
213 86
215 86
216 86
218 86
219 86
220 85
222 85
223 85
224 85
225 85
226 85
227 85
228 85
229 85
230 85
231 85
232 85
233 85
234 85
235 85
236 85
237 85
238 85
239 85
240 85
241 85
240 85
240 84
239 84
238 83
237 83
236 82
235 82
234 81
