896
437 95
443 103
443 104
444 105
445 106
446 107
447 108
448 109
449 110
450 110
451 111
452 112
453 113
454 114
455 115
456 116
458 116
459 117
459 118
460 119
461 120
462 121
463 122
464 122
464 123
465 124
466 125
467 125
468 126
469 127
470 128
471 128
471 129
472 130
473 131
474 131
475 132
476 133
477 134
478 134
479 135
480 136
481 136
482 137
483 138
484 138
485 139
486 140
487 141
488 142
489 143
490 144
491 145
492 146
493 146
493 147
494 149
495 149
496 151
497 151
498 152
499 153
499 154
500 155
501 155
501 156
502 156
502 157
503 157
504 158
505 158
505 159
506 159
507 159
508 159
508 158
509 158
510 158
512 158
513 158
515 158
516 158
518 157
520 157
522 157
524 157
526 157
528 157
531 157
533 157
536 156
538 156
541 156
544 156
546 155
549 155
552 155
554 154
557 154
560 154
562 153
565 153
567 153
569 153
572 152
574 152
576 152
579 152
581 152
583 151
585 151
587 151
589 150
591 150
593 150
594 149
596 149
598 149
599 149
601 149
602 149
603 149
604 149
605 149
606 149
607 149
608 149
608 150
609 150
610 151
610 152
611 152
611 153
612 154
612 155
613 156
613 157
614 158
615 159
615 161
616 162
617 163
617 165
618 167
618 168
619 170
619 172
620 174
620 176
620 178
620 180
621 181
621 183
621 185
621 187
622 188
622 190
622 192
623 194
623 196
623 197
624 199
624 201
624 203
624 205
625 207
625 209
625 210
626 212
626 214
626 216
626 218
626 219
626 221
626 223
626 224
626 226
626 228
626 229
626 231
626 233
626 234
626 236
626 237
626 239
626 240
626 242
626 243
626 244
626 245
626 246
626 247
626 248
626 249
625 249
624 249
623 249
622 249
620 249
619 249
617 249
616 249
614 248
612 248
610 248
608 248
606 248
604 247
602 247
599 247
597 247
595 248
593 248
590 248
588 248
586 249
583 249
581 249
579 250
576 250
574 250
571 250
569 250
567 250
565 250
563 251
560 251
558 251
556 251
554 251
553 251
551 251
549 251
547 251
545 251
543 251
542 250
540 250
538 250
536 250
535 250
533 250
532 250
530 250
528 250
527 250
525 250
524 250
523 250
521 250
520 250
519 250
518 250
517 250
516 250
515 250
514 250
513 250
513 251
512 251
512 252
511 252
511 253
511 254
510 255
510 256
510 258
510 259
510 260
510 262
510 264
510 265
510 267
510 269
510 271
509 272
509 274
509 276
509 278
509 280
508 282
508 284
508 285
508 287
508 289
508 290
507 292
507 294
507 295
507 297
507 299
507 300
507 302
507 304
507 305
507 307
507 309
507 310
507 312
507 314
507 315
507 317
506 319
506 321
506 322
506 324
505 326
505 328
505 330
505 332
505 333
505 335
505 336
505 338
505 339
504 340
504 341
504 342
503 342
503 343
501 344
500 344
499 344
498 344
497 344
495 343
494 343
492 343
490 343
488 343
486 343
484 342
482 342
480 342
478 342
476 342
474 342
472 342
470 342
468 343
466 343
464 343
462 343
460 343
459 343
457 343
455 343
453 343
451 343
449 344
448 344
446 343
445 343
443 343
442 343
440 343
439 343
438 343
437 343
436 343
435 343
434 343
433 342
432 342
431 341
430 340
429 339
429 338
428 337
428 336
428 335
428 334
427 332
427 330
428 329
428 327
428 325
428 323
428 321
427 319
427 317
427 315
427 313
427 311
427 308
427 306
427 303
427 301
427 298
427 296
427 293
427 291
427 289
427 287
427 285
427 283
426 281
426 279
426 277
426 275
426 273
425 271
425 269
425 267
425 266
425 264
425 263
425 261
425 260
425 258
425 257
425 256
425 255
425 254
424 253
424 252
423 252
422 252
422 251
421 251
420 251
419 251
418 251
417 250
416 250
415 250
413 250
412 250
410 249
408 249
406 249
404 249
402 248
400 248
397 248
395 248
393 247
390 247
388 247
385 247
383 247
380 247
377 247
375 247
372 247
370 247
367 248
365 248
363 248
360 249
358 249
356 249
354 250
352 250
350 250
348 250
346 250
344 250
343 250
342 250
340 250
339 250
338 251
337 251
336 252
335 252
335 253
334 254
333 254
333 255
333 256
333 257
333 259
333 260
333 262
333 263
334 265
334 268
335 270
335 273
336 275
336 278
337 281
337 283
337 286
337 289
337 291
337 293
337 295
336 297
336 299
336 301
336 303
336 304
336 306
336 308
336 309
336 311
335 313
335 314
335 316
335 318
335 319
334 320
334 321
334 322
334 323
334 324
334 325
334 326
334 327
333 328
333 329
333 330
333 331
332 332
332 333
331 333
330 334
329 334
328 335
327 335
326 335
325 335
324 335
322 335
321 335
319 335
318 334
316 334
314 333
312 333
310 333
308 332
306 332
304 331
302 331
300 331
298 331
295 331
293 331
291 332
289 332
287 332
285 333
284 333
282 333
280 333
279 333
277 334
276 334
274 333
273 333
272 333
271 333
270 333
269 333
268 333
267 333
266 333
265 332
264 332
263 331
262 331
262 330
261 330
260 329
259 328
258 327
258 326
258 325
257 323
257 322
257 320
256 318
256 315
256 313
256 310
256 307
255 304
255 301
255 298
255 295
255 292
255 289
254 286
254 283
254 281
254 278
253 276
253 274
252 272
252 270
252 268
251 266
251 264
251 263
251 261
250 260
250 258
250 257
250 256
249 255
249 254
249 253
249 252
248 251
248 250
248 249
248 248
247 248
246 248
245 248
244 247
243 247
242 247
241 247
240 247
239 246
238 246
236 246
235 245
233 245
232 245
230 245
228 245
226 245
224 245
222 244
220 244
218 244
215 244
213 244
211 244
209 244
206 244
204 244
202 244
200 244
197 244
195 244
193 244
191 244
189 244
187 243
185 243
183 243
181 243
179 243
177 243
175 243
173 243
172 243
170 243
169 242
167 242
166 243
164 243
163 243
161 243
160 243
159 243
158 243
157 243
156 243
155 243
154 243
153 243
152 243
152 242
151 241
151 240
151 239
150 238
150 237
150 236
150 234
149 233
149 231
149 229
148 227
148 225
148 222
148 220
148 218
147 215
147 213
147 210
147 208
146 206
146 203
146 201
146 199
145 197
145 195
145 193
145 192
145 190
144 188
144 186
144 185
144 183
144 182
144 180
143 179
143 177
143 176
143 175
143 173
143 172
143 171
143 170
143 169
144 168
145 168
145 167
146 167
147 167
149 167
150 166
152 166
153 166
155 166
157 166
159 166
162 166
164 166
167 166
169 166
172 166
175 166
178 166
180 166
183 165
186 165
189 165
192 165
195 165
199 165
202 165
205 165
208 164
211 164
214 164
217 164
219 164
222 164
225 164
227 164
230 164
232 163
234 163
237 163
239 163
240 163
242 163
244 163
246 163
247 163
249 162
250 162
251 162
252 162
253 161
254 161
255 160
255 159
255 158
255 156
255 155
255 154
255 153
255 152
254 150
254 149
254 147
253 145
253 143
252 142
252 140
251 138
251 136
250 134
250 132
249 130
249 129
249 127
248 125
248 124
247 122
246 120
246 119
245 117
245 115
244 114
243 112
243 110
242 109
242 108
241 107
241 106
241 105
241 104
240 103
240 102
241 101
242 101
243 101
244 101
245 101
246 101
248 101
249 101
251 101
253 101
255 102
257 102
259 102
262 102
264 103
267 103
269 103
272 103
275 103
278 103
281 103
284 103
288 102
291 102
294 101
298 101
301 101
304 100
308 100
311 100
315 99
318 99
322 99
325 99
329 99
332 98
335 98
339 98
342 97
346 97
349 97
353 96
356 96
359 95
363 95
366 94
369 94
373 94
376 93
379 93
382 93
385 92
388 92
391 92
394 91
396 91
399 91
402 91
405 90
407 90
410 90
412 90
415 90
417 90
419 90
421 90
424 89
426 89
428 89
429 89
431 89
433 89
434 89
436 89
437 88
438 88
439 88
440 88
441 88
442 88
443 88
444 88
445 88
446 89
446 90
445 91
445 92
445 93
446 93
446 91
446 90
