809
261 56
263 59
263 60
264 60
264 61
265 62
266 63
266 64
267 64
268 65
269 66
270 66
271 67
271 68
272 68
273 69
274 70
275 71
276 72
277 73
279 74
280 75
281 76
282 78
283 79
284 80
285 82
285 83
286 85
287 86
288 87
289 89
290 90
291 91
293 92
294 94
295 95
296 96
298 98
299 100
300 101
302 103
303 105
305 106
306 108
307 109
308 111
309 112
310 113
311 115
312 116
313 118
314 119
316 121
317 122
318 124
319 125
320 127
321 128
323 130
324 131
325 132
326 133
326 134
327 135
328 135
328 136
329 136
330 136
331 136
332 136
333 136
334 136
335 136
336 136
338 136
339 136
340 136
341 136
343 136
344 136
346 136
347 136
349 136
350 136
351 136
353 136
354 137
356 137
357 137
359 137
361 137
363 137
365 136
367 136
369 136
371 136
372 136
374 136
376 136
378 136
380 136
382 136
384 136
387 136
389 136
391 136
393 136
396 136
398 136
400 137
402 137
404 137
406 137
408 137
410 137
412 137
414 137
415 136
417 136
419 136
420 136
421 136
422 136
423 136
423 137
424 137
425 137
424 137
425 137
424 137
424 138
425 139
425 140
425 141
425 142
425 143
425 144
425 145
425 146
425 147
425 148
425 149
425 150
426 151
426 152
426 153
426 154
426 155
426 156
426 157
426 158
426 159
426 160
426 161
426 162
426 163
426 164
426 165
426 166
426 168
426 169
426 171
426 172
426 174
426 175
426 176
426 178
426 179
426 180
427 180
427 181
427 182
427 183
427 184
427 185
427 186
426 186
425 186
424 186
423 186
422 186
421 185
420 185
419 185
417 185
416 185
415 185
413 185
412 185
410 185
409 185
408 185
406 185
405 184
403 184
402 184
400 184
399 184
397 184
395 184
393 183
391 183
389 183
387 183
385 183
383 183
381 182
379 182
377 182
375 182
372 182
370 182
368 183
366 183
363 183
361 183
359 182
357 182
355 182
353 182
351 182
349 182
347 182
345 182
343 183
342 183
340 183
339 183
338 183
337 183
336 183
335 183
335 182
334 182
334 183
334 182
334 183
334 184
335 184
335 185
335 186
335 187
335 188
335 189
335 190
335 191
335 192
335 193
335 194
335 195
335 196
335 197
335 198
335 199
335 200
336 201
336 202
336 203
336 204
337 205
337 206
337 207
337 208
337 209
337 211
338 212
338 213
338 214
338 215
338 216
338 218
338 219
338 220
339 222
339 223
339 224
339 225
339 226
339 227
339 228
339 229
340 229
340 230
340 231
340 232
339 232
338 232
337 232
336 232
335 232
334 232
333 232
332 232
330 232
329 232
328 232
327 232
325 232
323 232
321 232
319 232
318 232
316 232
314 232
313 232
311 232
310 232
308 232
307 232
305 232
303 232
302 232
300 232
298 232
297 232
295 232
294 232
292 232
291 232
290 232
289 232
288 232
287 232
286 232
285 232
284 232
283 232
283 231
283 230
283 229
283 228
283 227
283 226
284 225
284 224
284 223
284 221
284 220
284 218
284 217
284 215
284 214
285 212
285 211
285 210
285 208
285 207
285 206
285 205
285 203
285 202
285 201
285 199
285 198
285 196
285 195
285 194
285 192
285 191
285 190
285 189
285 188
285 187
284 186
284 185
283 185
282 185
281 185
280 185
279 185
278 185
277 185
276 185
274 185
273 185
272 185
270 185
269 185
268 185
266 185
265 185
264 185
262 185
260 185
259 185
257 184
255 184
254 184
252 184
251 184
249 183
247 183
246 183
244 183
243 182
242 182
241 182
239 182
238 182
237 182
235 182
234 182
232 182
231 182
229 182
228 182
227 182
225 182
224 182
223 182
222 182
221 182
220 182
219 182
217 182
216 182
215 182
214 182
213 182
212 182
210 182
209 182
208 182
206 182
205 182
204 182
203 182
202 182
201 182
200 182
199 182
198 182
197 182
197 183
197 184
197 185
197 186
197 187
197 188
197 189
197 190
197 191
197 192
197 193
197 194
197 195
197 196
197 197
197 198
197 199
197 200
197 201
197 202
197 203
197 204
198 205
198 206
197 207
197 208
197 209
197 211
198 212
198 214
198 215
198 217
198 218
198 220
198 221
198 223
198 224
198 225
198 226
199 226
199 227
199 228
199 229
200 229
200 230
199 230
198 230
197 230
196 230
195 230
194 230
193 231
192 231
190 231
189 231
187 231
185 231
183 231
181 231
180 231
178 232
176 232
175 232
173 232
171 232
170 232
168 231
166 231
165 231
163 231
161 231
160 231
159 231
157 231
156 231
155 231
154 231
153 231
153 230
152 230
151 230
150 230
149 230
148 230
149 229
149 228
149 227
148 226
148 225
148 224
148 223
148 222
148 221
148 220
147 219
147 218
147 217
147 216
147 214
147 213
147 212
147 211
147 209
147 208
147 207
147 206
147 205
147 203
147 202
147 201
148 200
148 199
148 198
148 196
149 195
149 193
149 192
149 191
150 190
150 189
150 188
150 187
150 186
150 185
150 184
150 183
150 184
149 184
148 184
148 183
147 183
146 183
145 183
144 183
143 183
142 183
141 183
140 183
139 182
137 182
136 182
135 182
133 183
132 183
131 183
129 183
128 183
126 183
125 183
123 183
121 183
120 183
118 183
116 183
115 183
113 183
112 183
111 183
110 183
109 183
108 183
107 183
106 182
105 182
104 182
103 182
102 182
102 181
102 180
101 179
101 178
101 177
100 176
100 175
100 174
100 173
100 172
99 171
99 169
99 168
99 167
99 165
99 164
98 163
98 161
98 160
98 159
98 158
97 156
97 155
97 154
97 153
97 151
97 150
97 149
97 147
97 146
96 145
96 144
97 143
97 142
97 141
97 140
97 139
97 138
97 137
96 136
97 136
98 136
99 136
100 136
101 136
102 136
103 136
104 136
105 136
106 135
107 135
108 135
109 135
111 135
112 135
114 134
115 134
117 134
119 134
121 134
123 134
124 134
126 134
128 134
129 134
131 134
132 134
134 134
135 134
137 134
139 134
140 134
142 134
143 134
144 134
146 134
147 134
148 134
149 134
150 134
151 134
152 134
152 135
153 135
154 135
155 135
155 134
155 133
155 132
155 131
154 130
154 129
154 128
154 127
154 125
154 124
154 123
154 122
154 121
154 119
154 118
153 117
153 116
153 115
152 113
152 112
152 111
152 109
152 107
152 106
152 104
151 102
151 100
151 98
151 96
151 95
151 93
151 92
150 90
150 89
150 87
150 86
149 84
149 83
149 81
149 79
148 78
148 77
148 76
148 74
147 73
147 72
147 71
147 70
147 69
147 68
148 68
149 68
150 68
151 68
152 68
153 68
154 68
155 68
156 68
158 68
159 68
161 68
162 68
164 67
166 67
167 67
169 67
171 67
172 67
174 67
175 67
176 68
178 68
180 68
181 68
183 68
185 68
187 68
189 68
191 68
193 68
194 68
196 68
198 68
199 68
201 68
203 68
205 68
207 68
209 68
211 68
213 68
215 68
216 68
218 68
220 68
221 68
223 67
225 67
227 67
229 67
230 67
232 67
234 67
236 67
237 67
238 67
239 67
240 67
241 67
242 67
243 67
244 67
245 67
246 67
247 67
248 67
247 67
247 68
248 67
249 67
251 66
