791
238 63
241 66
241 67
242 67
242 68
243 68
243 69
244 70
245 70
245 71
246 72
247 73
247 74
248 75
249 76
249 78
250 79
251 80
252 82
253 83
254 84
255 86
256 87
258 88
259 89
260 90
261 91
262 92
262 93
263 95
264 96
265 97
266 99
266 100
267 102
268 103
269 105
271 106
272 108
273 109
274 110
275 111
276 112
278 114
279 115
280 116
282 117
283 118
284 120
285 121
286 123
287 124
288 125
289 127
290 128
291 130
292 131
293 132
294 133
295 134
296 135
297 136
298 137
299 138
300 138
300 139
301 140
302 141
303 141
303 142
304 142
304 141
305 141
306 141
307 141
308 141
309 141
310 141
311 141
312 141
313 141
314 141
315 141
316 141
317 141
318 141
319 141
321 141
322 141
323 142
325 142
326 141
328 141
329 142
330 142
332 142
333 142
335 142
336 142
338 141
340 141
342 141
343 141
345 141
347 141
349 141
351 141
353 141
354 141
356 141
358 141
360 141
362 141
364 140
366 140
368 140
369 140
371 140
372 140
374 140
375 140
376 140
377 140
377 141
378 141
378 142
378 143
379 144
379 145
379 146
380 146
380 147
380 148
381 149
381 151
381 152
381 153
381 154
381 155
381 156
381 157
381 158
382 159
382 161
382 162
382 163
382 164
382 166
382 167
382 169
382 171
382 172
382 174
382 176
382 177
382 178
382 180
382 181
382 183
382 184
382 185
382 186
382 188
382 189
382 190
382 191
382 192
382 193
382 194
382 195
382 196
383 197
383 198
382 198
381 198
380 198
379 198
378 198
377 198
376 198
375 198
374 197
373 197
371 197
369 197
367 197
366 197
363 197
361 197
360 197
358 197
356 197
354 197
352 197
350 197
348 197
346 197
344 196
342 196
339 196
337 196
335 196
333 196
330 196
328 196
325 196
323 196
320 196
318 196
315 196
313 195
311 195
308 195
306 195
303 195
301 195
298 195
296 195
294 195
291 195
289 195
288 195
286 195
284 195
283 195
281 195
280 195
279 195
278 195
277 195
276 195
276 194
276 195
276 196
277 196
277 197
277 198
277 199
277 200
277 201
277 202
277 203
277 204
276 205
277 205
276 206
277 207
276 208
276 209
276 210
276 211
276 213
276 214
276 215
276 217
276 218
276 219
276 221
276 222
276 223
276 225
276 226
276 227
276 228
276 229
276 230
275 231
275 233
275 234
275 235
275 236
275 238
275 239
275 240
275 241
275 242
275 243
275 244
275 245
275 246
275 245
274 245
273 245
272 245
271 245
270 245
269 245
268 246
267 246
266 246
265 246
263 246
261 246
260 247
258 247
256 247
254 247
252 247
251 247
249 247
247 247
246 247
244 247
243 248
241 248
240 248
238 248
237 248
236 248
235 248
233 248
232 248
231 247
230 247
229 247
228 247
227 247
226 247
225 247
224 247
224 246
224 245
224 244
224 243
223 243
223 242
223 241
223 240
222 238
222 237
221 236
221 235
220 233
220 232
220 230
219 229
219 228
219 226
219 225
219 223
219 221
219 219
219 218
219 216
219 214
219 212
219 210
219 209
219 207
218 206
218 205
218 203
218 202
218 201
218 200
218 199
217 198
217 197
217 196
217 195
217 194
216 194
215 194
214 194
213 194
212 194
211 194
210 194
208 194
207 194
206 194
204 194
203 194
201 194
199 194
198 194
196 194
194 194
192 194
190 194
188 194
185 194
183 194
181 194
178 194
176 193
174 193
172 193
170 193
167 192
165 192
163 192
161 192
159 192
157 191
155 191
154 191
152 191
151 191
150 190
148 190
147 190
146 190
145 190
144 190
143 189
142 189
141 189
141 190
141 191
141 192
141 193
141 194
141 195
141 196
141 197
141 198
141 199
141 200
140 201
140 202
140 203
140 204
140 205
140 206
140 207
140 208
140 209
140 211
140 212
139 214
139 216
139 217
139 219
139 220
139 222
139 223
139 225
139 226
139 227
139 228
139 229
139 230
139 231
139 232
139 234
139 235
139 236
139 237
139 238
139 239
139 240
139 241
139 242
139 243
138 243
137 243
136 243
135 243
134 243
133 243
132 243
131 243
130 243
128 243
127 243
126 243
124 243
123 243
121 243
119 242
118 242
116 242
114 242
113 241
111 241
110 241
108 241
107 240
106 240
105 240
103 240
102 239
101 239
100 239
99 239
98 238
97 238
96 238
95 238
95 237
94 237
93 237
93 236
93 235
93 234
93 233
93 232
93 231
92 230
92 229
92 228
92 227
92 226
92 224
92 223
92 222
92 220
92 219
92 217
91 216
91 214
91 213
91 211
91 209
92 208
92 206
92 205
92 204
92 202
92 201
92 200
92 198
92 197
92 196
92 195
92 194
92 193
92 192
92 191
91 190
91 189
90 189
89 189
88 188
87 188
86 188
85 188
84 188
83 188
82 188
81 188
80 187
79 187
78 187
76 187
74 187
73 187
71 187
70 187
68 187
66 187
65 187
63 187
62 187
60 187
59 187
58 187
57 186
55 186
54 186
53 186
52 186
51 186
50 186
49 186
48 185
47 185
46 185
45 185
44 185
44 184
44 183
45 183
45 182
45 181
45 180
45 179
45 178
46 177
46 176
46 175
46 174
46 173
46 172
46 171
46 169
46 168
46 167
46 166
46 164
46 163
45 162
45 161
45 159
45 158
45 157
45 155
45 154
45 153
44 151
44 150
44 148
44 147
44 145
44 144
44 143
43 141
43 140
43 139
43 138
43 137
43 136
43 135
43 134
43 133
43 132
43 131
43 130
42 130
43 130
42 130
43 130
44 130
44 129
45 129
46 129
47 129
48 129
49 129
50 129
51 129
53 128
54 128
56 128
57 128
58 128
60 128
62 128
63 127
65 127
66 127
68 127
70 127
72 127
74 127
76 127
78 127
80 127
82 127
84 127
85 127
87 127
89 127
91 127
94 127
96 127
98 127
100 127
102 127
104 127
106 127
107 127
108 127
109 127
110 127
111 127
112 128
113 128
114 128
114 127
114 126
114 125
114 124
114 123
114 122
114 121
114 120
114 119
114 118
114 117
114 116
114 115
114 114
114 112
114 111
114 110
114 108
114 107
114 105
114 104
114 102
114 100
113 99
113 97
113 96
113 94
113 93
112 91
112 90
112 88
112 87
112 85
111 84
111 82
111 81
111 79
111 78
110 76
110 75
110 74
110 72
110 71
110 70
110 69
110 68
111 68
112 68
113 68
114 68
115 68
116 68
117 68
119 68
120 68
122 68
123 68
125 68
126 68
128 68
130 68
131 68
133 68
134 68
136 68
138 68
140 68
142 68
144 68
145 68
147 68
149 68
150 68
152 68
153 69
155 69
157 69
159 69
161 69
163 69
165 69
167 70
168 70
170 70
172 70
174 71
176 71
178 71
179 71
181 71
184 71
186 71
188 71
190 71
192 71
194 71
196 71
198 71
201 71
203 71
205 71
207 71
209 71
212 71
214 71
216 71
218 71
220 71
221 71
223 71
224 71
226 71
227 71
229 71
230 71
231 71
232 71
233 71
233 72
233 73
234 73
