418
398 140
401 145
403 147
404 150
406 152
407 154
408 157
410 160
411 162
413 165
414 167
415 169
416 171
417 173
418 176
419 178
421 180
422 182
423 184
424 186
425 188
426 190
427 193
428 195
430 197
431 201
432 203
433 205
434 207
435 210
436 212
437 214
438 216
440 215
443 216
446 216
450 216
453 216
457 216
461 217
464 217
468 217
471 217
476 217
479 218
484 218
487 218
490 218
493 218
496 218
499 219
502 219
505 219
508 219
511 219
514 219
519 219
521 220
525 220
528 220
530 221
529 223
528 226
528 230
528 233
528 236
527 239
527 243
526 246
526 250
525 252
525 257
525 260
525 264
525 268
525 272
524 275
524 279
524 282
523 284
523 288
522 290
522 294
522 297
521 299
521 302
521 305
520 308
517 308
514 308
511 309
507 309
504 309
500 309
497 310
493 310
489 310
484 310
480 310
476 310
471 310
467 310
462 310
458 310
455 309
450 309
445 309
441 309
438 309
434 309
430 309
427 308
424 308
421 308
421 311
420 313
420 316
420 319
420 323
420 327
420 330
420 333
420 337
421 340
421 344
422 347
422 350
422 354
423 356
423 359
423 363
423 366
423 369
423 373
423 377
423 380
423 383
423 386
421 387
419 388
416 388
413 388
410 389
407 389
405 390
401 390
397 391
393 391
389 392
384 392
380 393
376 393
373 393
371 394
367 394
363 394
359 395
355 395
351 395
348 396
345 396
342 396
339 396
338 393
337 391
336 388
335 385
335 382
335 379
334 377
334 373
334 369
334 365
333 363
333 358
333 354
333 350
333 346
333 342
333 338
333 334
333 330
333 327
333 324
333 321
334 318
334 315
334 312
333 310
330 310
327 310
324 310
321 310
318 309
314 309
311 309
307 309
303 308
299 308
295 308
291 308
287 307
283 307
280 307
276 307
272 307
268 306
264 306
261 306
258 306
255 306
254 308
254 312
253 315
253 319
253 323
253 326
253 331
253 336
253 341
253 345
253 348
253 352
253 355
252 357
252 362
252 366
252 369
252 373
251 375
251 378
251 381
250 383
247 383
244 383
241 383
237 383
234 383
230 383
227 383
223 383
219 383
215 383
211 383
207 383
204 383
201 383
197 383
194 383
191 383
188 383
184 383
182 384
179 384
177 385
176 383
176 380
175 378
175 375
175 372
176 369
176 365
176 361
176 358
177 356
177 351
177 347
178 344
178 339
178 335
178 332
178 327
178 323
179 319
179 316
180 313
180 310
181 307
178 307
176 306
173 306
170 306
167 305
163 305
159 304
155 304
151 303
147 303
142 303
140 302
136 302
132 302
129 302
126 302
123 302
120 302
117 302
115 300
115 297
115 294
114 292
114 288
114 285
114 281
114 277
114 273
114 268
114 264
114 261
114 256
115 253
115 248
116 244
116 241
116 237
117 233
117 230
117 227
118 225
118 222
118 219
119 217
122 217
126 217
129 216
133 216
137 215
140 215
145 215
147 214
150 214
153 214
158 214
161 214
166 214
171 214
176 214
180 214
184 214
189 214
193 214
197 214
200 214
203 214
204 212
205 210
206 207
206 204
207 202
208 198
208 195
209 192
209 188
209 185
210 183
210 180
209 176
209 173
209 169
209 166
209 163
208 160
208 157
207 154
207 151
206 148
205 144
204 141
204 138
206 137
209 137
213 137
215 138
219 138
222 138
227 138
230 137
233 137
236 137
240 137
243 137
247 137
250 137
254 138
258 138
261 138
265 138
269 138
273 138
277 138
282 138
286 138
290 138
295 139
299 139
304 139
308 139
313 139
318 139
322 139
327 139
332 139
336 139
341 139
345 139
349 139
353 140
357 140
361 140
365 140
368 140
371 140
374 140
377 140
380 141
384 141
387 141
389 140
