690
405 108
398 106
396 107
394 107
392 107
390 107
388 107
385 107
383 107
380 107
378 107
375 107
372 107
369 107
366 107
362 107
359 106
355 106
352 106
348 106
344 106
340 106
336 106
333 106
329 106
325 106
321 106
317 105
314 105
310 105
306 105
302 105
298 104
294 104
290 104
286 104
282 104
279 104
275 103
272 103
269 103
266 103
263 102
260 102
257 102
255 102
253 101
251 101
249 101
247 101
246 101
245 101
244 100
243 100
242 100
241 100
240 100
239 100
239 101
239 102
239 103
239 104
239 105
238 106
238 107
238 109
238 110
238 112
238 114
238 115
237 117
237 119
237 121
237 123
237 126
237 128
236 130
236 132
236 135
236 137
236 139
236 141
236 144
236 146
236 148
236 150
236 152
237 154
237 156
237 157
237 159
237 160
236 162
236 163
236 164
236 165
236 166
236 167
236 168
235 168
235 169
234 169
233 169
232 169
231 170
230 170
228 170
227 170
226 171
224 171
222 171
221 172
219 172
217 173
215 173
212 173
210 174
207 174
205 174
202 175
199 175
197 175
194 176
191 176
189 176
186 176
184 177
181 177
179 177
177 177
175 177
174 178
173 178
171 178
170 178
169 178
169 179
169 180
169 181
169 182
169 183
169 184
169 186
169 187
169 189
169 190
169 192
169 194
169 196
169 198
169 200
168 202
168 205
168 207
168 210
168 212
167 214
167 216
167 219
166 221
166 222
165 224
165 225
164 226
164 227
164 228
163 229
163 230
163 231
164 231
164 232
165 232
166 232
167 232
168 232
169 232
171 232
172 232
174 232
175 232
177 232
179 232
181 232
183 232
185 232
188 232
190 232
192 232
195 232
197 232
200 232
202 232
205 232
207 232
210 232
212 232
215 232
217 232
219 232
221 232
222 232
224 232
226 232
227 232
229 232
230 232
231 232
232 232
233 232
234 232
235 232
236 232
236 233
236 234
236 235
236 236
236 237
236 239
235 240
235 241
235 243
235 245
235 247
235 249
235 251
234 254
234 256
234 259
234 262
233 264
233 267
232 270
232 272
232 275
231 277
231 280
230 282
230 284
229 286
229 288
229 290
228 291
228 293
227 294
227 296
226 297
226 298
226 299
225 300
225 301
226 301
227 301
227 302
228 302
229 302
230 302
231 302
233 302
234 303
236 303
237 303
239 303
241 303
243 304
245 304
248 304
250 304
253 305
255 305
258 305
260 305
263 306
265 306
268 306
270 306
273 306
275 307
278 307
280 307
283 307
285 307
287 307
289 307
292 307
294 307
295 307
297 307
298 307
300 307
301 307
302 307
303 307
304 307
305 307
305 306
305 305
305 304
305 303
305 302
305 300
305 299
305 298
305 296
306 294
306 293
306 291
306 289
306 287
307 284
307 282
307 280
307 277
307 275
307 272
307 270
308 267
308 264
308 261
308 259
308 256
308 254
308 254
308 251
308 249
307 246
307 244
307 242
307 242
307 240
307 238
307 236
307 235
307 233
307 232
307 231
307 230
307 229
307 228
307 227
307 226
308 226
309 227
310 227
311 227
313 227
314 227
315 227
316 227
317 227
319 227
320 227
322 227
323 227
325 227
327 227
329 227
330 227
333 227
335 227
337 227
340 227
342 227
345 227
347 227
350 227
353 227
355 227
358 227
361 227
364 227
367 226
370 226
373 226
377 226
380 226
383 226
386 225
389 225
391 225
394 225
397 225
399 225
401 225
403 225
405 225
406 225
407 225
408 225
409 225
409 226
409 227
409 228
409 229
409 231
409 232
409 233
409 235
409 237
409 239
409 241
408 243
408 245
408 247
408 250
408 252
407 254
407 257
407 259
407 261
407 264
406 266
406 269
406 271
406 273
406 276
405 278
405 280
405 282
405 284
404 286
404 288
404 289
403 291
403 292
403 293
402 294
402 295
402 296
402 297
401 298
402 299
403 299
404 299
405 299
406 299
407 299
409 299
410 299
412 299
414 299
416 299
418 299
420 299
423 299
426 299
428 299
431 299
434 299
437 299
440 299
443 299
445 299
448 300
451 300
454 300
456 300
459 300
461 300
464 300
466 300
468 300
470 300
472 300
473 300
474 300
475 300
476 300
477 300
478 301
478 300
479 301
479 300
479 299
479 298
479 297
479 296
480 295
480 293
480 292
480 291
480 289
480 288
481 286
481 284
481 282
481 281
481 279
481 277
481 275
481 273
481 271
481 268
481 266
481 264
481 262
481 259
481 257
481 255
481 253
481 251
481 249
481 248
481 246
481 244
481 243
481 241
481 239
481 238
481 236
481 235
481 233
481 232
481 231
481 230
481 229
480 229
480 228
481 229
482 229
483 229
484 229
485 229
486 230
487 230
488 230
489 230
491 230
493 230
494 230
496 230
498 230
500 230
503 230
505 230
507 229
510 229
512 229
515 229
517 229
520 229
522 229
525 229
527 229
530 229
532 229
534 229
536 229
538 229
540 229
541 229
542 228
543 228
544 228
545 228
546 228
547 228
548 227
548 226
548 225
549 224
549 223
549 222
550 221
550 220
550 219
550 217
551 216
551 214
551 213
552 211
552 210
552 208
552 206
553 205
553 203
553 201
554 199
554 197
554 196
554 194
554 193
555 191
555 190
555 188
555 187
555 186
556 185
556 184
556 183
556 182
556 181
556 180
556 179
555 179
554 179
553 179
551 179
550 179
549 180
547 180
545 180
544 180
542 180
540 180
538 180
535 180
533 180
531 180
528 180
525 180
523 180
520 180
517 180
514 180
511 180
509 180
506 180
503 180
500 180
498 180
495 180
493 180
491 180
489 180
487 180
485 180
484 180
482 180
481 180
480 180
479 180
478 180
477 179
476 178
475 178
474 177
473 176
472 176
471 175
470 174
469 173
468 172
466 170
465 169
464 168
462 167
461 165
459 164
458 162
457 161
455 159
454 157
452 156
451 154
449 152
448 150
446 149
444 147
443 145
441 143
439 142
438 140
436 138
435 136
433 135
432 133
430 131
429 129
427 128
425 126
424 124
422 123
421 121
419 120
418 119
417 118
415 117
414 116
413 115
412 114
411 113
410 113
409 112
408 112
408 111
407 110
407 109
406 108
406 107
406 107
