756
387 105
388 104
389 105
390 106
390 107
391 108
392 109
393 110
393 112
394 113
395 114
396 116
397 117
398 118
399 120
400 121
401 123
402 124
403 126
404 128
405 129
406 131
407 132
408 134
409 135
410 137
411 138
412 140
413 141
413 143
414 144
415 145
416 147
416 148
417 149
418 151
419 152
419 153
420 154
421 155
421 156
422 157
422 158
423 159
424 159
424 160
425 161
426 162
426 163
427 163
427 164
428 165
429 165
430 165
431 165
432 165
433 165
434 165
435 165
437 164
438 164
439 164
441 164
442 164
444 163
446 163
448 163
449 163
451 163
453 163
455 162
457 162
459 162
461 162
463 162
465 162
467 162
468 162
470 162
472 162
473 162
475 162
476 162
478 162
479 162
481 162
482 162
483 162
485 161
486 161
487 161
488 161
489 161
490 161
491 161
492 161
492 162
492 163
492 164
493 165
493 166
493 167
493 168
494 169
494 170
494 171
494 173
494 174
494 175
495 176
495 178
495 179
495 181
495 182
495 184
495 185
495 187
495 189
495 190
495 192
495 193
495 195
495 196
495 198
495 199
496 201
496 202
496 203
496 205
496 206
497 208
497 209
497 211
497 212
498 213
498 214
498 215
499 216
499 217
499 218
499 219
499 220
499 221
499 222
500 222
500 223
499 224
498 224
497 224
496 224
495 224
494 224
493 224
492 225
490 225
489 225
488 225
486 225
485 225
483 225
481 225
479 225
477 224
475 224
473 224
471 224
469 224
467 224
465 224
462 224
460 223
458 223
455 223
453 223
450 223
448 223
446 223
443 223
441 223
439 223
437 223
435 223
433 223
431 223
429 223
427 223
425 223
424 223
422 223
421 223
420 223
418 223
417 223
416 223
415 223
414 223
413 223
412 223
411 223
410 223
409 223
408 223
407 223
407 224
407 225
407 226
407 227
407 228
407 229
407 230
407 231
407 233
407 234
407 235
407 236
407 238
407 239
407 240
408 242
408 243
408 244
408 245
408 246
408 248
408 249
409 250
409 251
409 252
409 254
409 255
410 256
410 257
410 258
410 260
410 261
410 262
410 263
410 264
410 265
410 266
410 267
410 268
410 269
409 269
409 270
409 271
409 272
409 273
408 274
407 274
406 274
405 274
404 275
403 275
402 275
401 275
400 275
398 275
397 275
396 276
395 276
393 276
392 276
391 276
389 277
388 277
387 277
385 277
384 277
383 277
382 277
381 278
380 278
379 278
378 278
377 278
376 277
375 277
374 277
373 277
372 277
371 277
370 277
369 277
369 276
369 275
368 274
368 273
368 271
368 270
367 269
367 267
367 265
367 263
367 261
366 259
366 256
366 254
366 251
365 249
365 246
365 244
365 241
364 239
364 236
364 234
364 232
363 230
363 228
363 226
363 224
362 223
362 222
362 221
362 220
361 219
361 218
360 217
359 217
358 217
357 217
356 216
355 216
354 216
353 217
352 217
351 217
349 217
348 217
347 218
345 218
343 218
342 218
340 219
338 219
337 219
335 220
333 220
331 220
330 220
328 220
326 221
325 221
323 221
321 221
320 221
318 221
317 221
315 222
314 222
313 222
312 222
311 222
310 222
309 222
308 222
307 222
307 223
306 223
305 223
304 224
304 225
304 226
304 227
304 228
304 229
305 230
305 231
305 232
305 233
305 234
306 235
306 236
306 238
306 239
307 241
307 242
307 244
308 245
308 247
308 248
308 250
309 252
309 253
309 255
309 257
309 258
310 260
310 261
310 263
310 264
310 266
310 267
310 268
310 269
311 270
311 271
311 272
311 273
311 274
310 274
310 275
310 276
310 277
309 278
309 277
308 277
307 277
306 277
305 277
305 278
302 278
301 278
300 278
299 278
297 278
296 278
294 278
292 278
291 278
289 278
287 278
286 279
284 279
282 279
281 279
279 279
278 279
276 279
275 279
273 280
272 280
270 280
269 280
268 280
267 280
265 280
264 280
263 280
262 280
261 280
260 281
259 281
258 281
257 281
257 280
256 279
256 278
256 277
256 276
256 274
256 273
256 272
256 270
256 269
256 267
256 265
255 263
255 261
255 259
255 257
255 254
254 252
254 250
254 248
254 246
254 244
253 241
253 239
253 237
253 235
253 233
253 232
252 230
252 229
252 227
252 226
252 225
252 224
252 223
252 222
251 222
251 221
250 221
249 221
248 221
247 221
246 221
245 221
244 221
243 221
241 221
240 221
238 221
237 221
235 221
233 221
231 220
229 220
227 220
225 220
223 220
221 220
219 220
217 220
215 219
213 219
211 219
209 219
207 219
205 219
203 218
201 218
200 218
198 218
196 217
195 217
193 217
192 217
190 216
189 216
188 216
187 216
185 216
184 216
183 216
182 215
181 215
180 215
179 215
178 214
177 213
176 212
176 211
175 210
175 209
175 207
174 206
174 205
173 203
173 201
172 199
172 197
172 195
171 193
171 191
170 189
170 187
169 185
169 183
169 181
169 180
168 179
168 178
168 177
168 176
167 176
167 175
168 175
169 176
170 176
171 176
172 176
173 176
174 176
175 176
176 176
177 176
179 176
180 175
182 175
184 175
185 175
187 176
189 176
191 176
193 176
195 176
198 176
200 176
202 176
204 176
206 176
209 176
211 175
213 175
215 175
217 175
220 175
222 175
224 175
226 175
228 175
230 175
232 175
234 175
235 175
237 174
239 174
240 174
242 174
243 174
244 174
246 174
247 174
248 174
249 174
250 174
251 174
252 174
253 174
254 174
255 174
256 174
256 173
256 172
255 172
255 171
255 170
255 169
255 168
255 167
255 166
254 165
254 164
254 162
254 161
254 160
253 158
253 157
253 155
252 154
252 152
252 151
251 149
251 148
251 146
250 145
250 144
250 142
249 141
249 139
249 138
248 137
248 136
248 135
248 134
247 133
247 132
247 131
247 130
247 129
247 128
246 127
246 126
246 125
246 124
246 123
246 122
246 121
245 120
245 119
245 118
245 117
245 116
245 115
245 114
244 114
245 113
246 114
247 114
248 114
249 114
250 114
251 114
252 114
253 114
254 114
255 114
256 114
258 114
259 114
260 114
262 114
264 114
265 115
267 115
269 115
271 115
273 115
275 115
277 115
279 115
281 115
282 115
284 115
286 115
288 115
290 115
292 115
294 115
296 115
298 115
300 115
303 115
305 115
307 115
309 114
311 114
313 114
315 114
317 114
319 114
321 113
323 113
325 113
327 113
329 113
331 112
333 112
335 112
337 112
339 111
341 111
343 111
345 111
347 111
349 110
351 110
353 110
355 110
356 110
358 110
359 110
361 110
362 110
363 110
364 110
366 110
367 110
368 109
369 109
370 109
371 109
371 110
372 110
373 110
374 110
375 110
376 110
377 110
378 110
379 110
378 109
377 109
376 108
