384
402 129
407 132
409 133
411 135
413 137
415 139
417 141
418 143
420 145
421 147
422 149
424 151
425 153
426 156
428 158
429 161
430 163
432 166
433 168
435 171
436 173
437 175
439 178
440 180
441 183
443 185
444 188
445 190
446 192
447 195
448 197
449 199
450 201
451 203
452 207
454 209
455 211
457 213
458 215
460 216
462 217
465 217
467 218
471 218
475 218
480 218
485 218
490 219
493 219
496 219
501 219
504 220
507 220
512 220
515 220
517 221
520 221
524 221
527 221
529 222
531 223
531 226
531 229
530 232
530 235
530 238
530 241
529 243
529 247
529 250
529 255
528 257
528 261
528 265
527 267
527 271
527 275
526 277
526 280
526 283
525 285
525 288
524 291
522 292
520 293
516 293
512 293
508 293
504 293
499 293
494 293
489 293
486 293
481 293
477 293
474 292
470 292
468 293
465 293
461 293
457 293
454 292
451 292
448 292
448 295
448 298
449 301
448 303
448 306
448 309
448 312
448 316
448 319
447 321
447 324
447 328
447 331
447 335
447 338
447 341
447 344
448 346
448 349
448 352
447 354
445 355
442 355
440 356
436 356
433 357
430 357
428 358
425 358
421 359
417 359
415 360
412 360
408 361
404 361
400 361
398 362
395 362
392 363
389 363
386 363
383 363
381 364
378 364
377 362
376 360
376 357
376 354
376 350
376 347
376 344
376 340
376 336
376 333
376 329
377 326
377 322
377 318
378 316
378 312
378 309
378 306
379 303
379 300
379 297
379 294
376 294
373 294
370 294
367 294
364 295
361 295
356 295
352 294
347 294
342 294
337 294
332 293
329 293
324 293
321 293
317 293
314 293
311 293
308 292
305 292
302 292
301 294
300 296
300 299
300 302
300 306
300 310
300 315
300 319
300 323
300 327
300 330
300 334
300 338
300 341
300 345
300 348
300 351
300 354
297 354
293 354
290 354
288 355
284 355
280 355
275 355
270 355
265 355
262 355
257 355
253 356
250 356
246 356
243 357
240 357
237 357
235 355
235 352
235 348
235 345
235 341
235 337
235 334
235 330
236 327
236 322
237 318
237 314
238 311
238 307
239 304
239 300
240 298
240 295
241 293
240 291
237 291
234 291
231 291
227 291
223 291
221 292
218 292
213 292
208 292
205 292
200 292
197 292
194 292
189 292
184 292
180 292
176 292
173 292
170 292
167 292
164 291
161 290
161 287
161 284
161 280
161 277
161 273
161 269
161 265
162 262
162 258
162 255
162 250
162 245
162 240
162 235
162 232
163 230
163 227
163 222
163 218
163 215
163 211
163 208
163 204
164 202
164 199
164 196
167 196
171 196
174 196
177 196
181 196
184 196
189 196
192 196
195 196
198 196
201 196
204 196
207 196
210 196
213 196
216 196
219 196
222 197
225 197
229 197
232 197
235 197
239 196
242 196
243 194
243 191
244 189
244 185
244 182
243 179
243 175
242 171
242 167
241 163
241 159
240 157
240 153
239 149
239 146
238 143
238 139
237 137
237 134
236 132
235 129
235 126
234 124
234 121
236 120
239 120
242 120
246 120
249 120
254 120
257 120
260 119
263 119
266 119
270 119
273 119
277 119
281 119
285 119
289 119
293 119
297 119
302 119
306 120
311 120
316 120
320 120
325 121
330 121
335 121
340 122
345 122
350 122
355 123
360 123
364 123
368 124
372 124
376 124
380 124
383 124
386 124
390 125
393 125
396 125
395 124
