653
398 110
392 109
390 109
389 109
387 109
385 109
384 109
382 109
380 110
377 109
375 110
373 109
370 110
367 110
364 110
361 110
358 110
355 110
352 110
349 110
345 110
342 110
338 111
335 111
331 111
328 111
324 111
321 111
317 111
314 111
310 111
307 111
303 111
299 112
296 112
292 112
292 112
288 112
285 112
281 112
277 113
273 113
273 113
270 113
266 113
263 113
259 113
256 113
253 113
249 113
247 113
244 113
242 113
239 113
238 113
236 113
235 113
234 113
233 113
232 113
231 113
231 114
231 115
231 116
231 118
231 119
231 120
231 121
231 123
230 124
230 126
230 128
230 130
230 132
229 134
229 136
229 138
229 140
228 142
228 144
228 147
228 149
228 151
227 153
227 155
227 157
227 159
227 161
227 163
227 165
227 166
227 168
227 169
227 170
227 172
228 173
228 174
228 175
228 176
227 176
227 177
226 177
225 177
224 177
223 177
222 178
221 178
220 178
218 178
217 178
215 179
213 179
211 179
209 180
207 180
205 180
202 181
200 181
197 182
195 182
192 183
190 183
188 183
185 184
183 184
181 184
180 184
178 184
177 184
175 184
174 184
173 185
172 185
171 185
170 185
170 186
170 187
170 188
170 189
170 190
170 192
170 193
170 195
169 197
169 198
169 200
169 202
169 205
169 207
169 209
169 212
169 214
169 217
168 219
168 222
168 224
168 226
168 228
168 230
167 232
167 233
167 234
167 236
167 237
167 238
166 238
166 239
167 239
167 240
168 240
169 240
170 240
171 240
172 240
173 241
175 241
177 241
179 240
181 240
184 240
186 240
189 240
192 240
195 239
198 239
201 239
204 239
207 239
210 238
212 238
215 238
217 238
219 238
221 238
223 238
224 238
226 238
227 238
228 238
228 239
228 240
228 241
228 242
228 243
228 244
228 245
228 247
228 249
229 251
229 252
229 255
229 257
230 259
230 262
230 264
231 267
231 269
231 272
231 274
231 277
231 279
231 282
231 284
231 286
231 288
231 290
231 292
231 293
231 295
231 296
231 297
231 298
231 299
230 300
230 301
231 301
232 302
233 302
234 303
235 303
236 304
238 304
239 304
241 305
243 305
245 306
247 306
249 306
252 307
254 307
257 307
260 307
263 308
265 308
268 308
271 309
273 309
275 309
277 309
279 310
281 310
283 310
285 310
286 310
288 311
289 311
290 311
291 311
292 311
293 311
294 311
295 311
296 311
296 310
296 309
297 308
297 307
297 306
298 305
298 303
299 302
299 301
299 299
300 298
300 296
301 294
301 292
302 290
302 288
303 285
303 283
303 281
304 279
304 276
304 274
304 272
304 270
304 267
304 265
304 263
304 261
304 258
304 256
304 254
303 253
303 251
303 249
303 248
303 246
303 245
302 244
302 243
302 242
302 241
302 240
303 240
304 240
305 240
306 240
307 240
308 240
310 240
311 240
313 240
314 240
316 240
318 240
320 240
322 239
324 239
326 239
328 239
331 238
334 238
336 238
339 238
342 238
345 237
349 237
352 237
355 236
358 236
362 236
365 235
368 235
371 235
374 234
377 234
380 234
383 233
386 233
388 233
391 233
393 233
395 233
397 233
398 232
400 232
401 232
402 232
403 232
403 233
403 234
403 235
403 236
403 237
402 239
402 240
402 241
402 243
402 245
402 247
402 249
402 251
402 253
402 256
402 258
402 261
402 263
402 266
402 268
402 270
402 273
403 275
403 277
403 279
402 282
402 283
402 285
402 287
401 289
401 291
401 292
400 293
400 295
399 296
399 297
399 298
398 299
398 300
397 300
397 301
398 301
399 301
400 301
401 301
402 302
403 302
404 302
406 302
407 302
409 302
411 303
413 303
415 303
417 303
420 303
422 304
425 304
428 304
431 304
433 305
436 305
439 305
442 305
445 306
448 306
450 306
453 306
455 306
457 306
459 306
461 306
463 306
464 306
465 306
466 306
467 307
468 307
468 306
468 305
468 304
468 303
469 302
469 301
469 300
469 299
469 298
469 296
469 295
470 294
470 292
470 290
470 288
470 286
470 284
470 282
470 280
470 278
470 276
470 273
470 271
470 269
470 267
470 264
470 262
470 260
470 258
470 256
470 255
470 253
470 252
470 251
470 250
470 249
470 248
470 247
469 246
469 245
470 245
471 245
472 245
473 245
474 245
475 245
477 245
479 245
480 245
482 245
484 245
486 245
488 245
491 245
493 244
496 244
499 244
502 244
505 244
508 244
511 243
514 243
517 243
520 243
522 243
525 243
528 243
530 243
533 243
535 243
537 243
539 243
541 243
542 243
544 243
545 244
546 244
547 244
548 244
549 244
550 244
550 243
550 242
550 241
551 240
551 239
551 238
552 237
552 236
552 235
553 233
553 232
554 231
554 229
555 227
555 226
556 224
556 222
557 220
557 218
558 216
558 214
559 212
559 210
560 208
560 207
561 205
561 204
562 202
562 201
562 200
563 199
563 198
563 197
563 196
564 196
564 195
564 194
563 194
562 194
561 194
560 194
559 194
558 194
557 194
556 194
554 194
553 194
551 194
549 194
547 194
545 194
543 194
541 194
538 194
536 194
533 194
530 194
527 194
524 194
521 194
518 194
514 194
511 194
507 193
503 193
499 193
496 193
492 193
488 193
485 193
482 193
478 193
476 193
473 193
471 193
469 193
467 193
466 193
465 193
464 193
463 193
462 193
461 192
460 191
459 190
459 189
458 189
457 188
456 187
455 185
454 184
453 183
452 181
451 180
449 179
448 177
447 176
445 174
443 172
442 171
440 169
438 167
437 165
435 163
433 161
431 159
430 157
428 155
426 153
424 151
423 149
421 146
419 144
418 142
416 140
414 138
413 136
412 134
410 132
409 130
408 129
406 127
405 126
404 124
403 123
403 122
402 121
401 120
401 119
400 118
399 117
399 116
399 116
