390
387 112
391 115
393 117
395 118
396 120
398 121
399 123
401 125
403 128
405 129
407 132
409 135
411 138
413 141
414 144
415 146
416 148
418 151
419 153
420 155
421 157
422 159
423 161
424 164
425 166
426 168
427 170
428 172
429 174
431 177
432 179
433 182
435 185
436 187
437 189
438 191
439 193
440 195
442 196
445 196
449 196
452 197
455 197
459 197
464 197
468 197
472 197
475 197
479 197
483 197
487 198
490 198
493 198
497 198
500 199
503 199
506 199
509 200
512 200
514 201
513 203
513 206
512 209
511 211
511 214
510 216
509 219
509 222
508 225
507 228
506 232
506 235
505 238
505 241
505 244
505 247
505 251
505 255
505 258
505 261
505 264
505 267
504 269
502 270
498 270
495 271
491 271
488 271
484 271
480 271
475 271
472 271
470 272
466 272
462 272
459 272
455 272
451 272
447 272
444 272
440 272
437 272
435 271
432 271
429 271
426 271
426 274
426 277
426 281
426 285
426 289
426 293
426 296
426 299
426 302
426 305
426 308
426 311
426 314
426 317
426 320
427 322
427 325
427 328
426 331
424 332
422 333
419 333
417 334
413 334
410 334
408 335
404 335
401 335
399 336
396 336
393 337
390 337
388 338
385 338
382 338
379 339
376 339
373 339
370 339
367 339
365 340
362 340
359 340
356 340
355 338
355 335
356 333
356 330
356 326
356 322
356 319
356 316
357 312
357 309
357 306
357 303
357 300
358 298
358 295
358 291
359 288
360 285
360 282
361 280
361 277
361 274
362 272
360 271
357 271
353 271
349 271
346 271
342 271
339 271
335 271
332 271
330 270
326 270
321 270
317 270
312 270
308 270
305 270
300 270
296 270
293 270
290 270
287 270
285 269
282 269
282 272
282 275
282 279
282 282
282 286
282 290
283 292
283 296
283 299
283 303
283 307
283 311
283 315
282 319
282 322
282 325
282 328
282 331
282 334
280 335
278 334
275 334
272 334
269 334
266 334
263 334
259 334
256 334
252 334
248 334
244 334
240 334
236 334
232 335
228 335
224 335
221 335
218 335
215 335
212 335
211 333
212 330
212 326
213 322
213 319
213 316
214 312
214 308
215 306
215 302
216 298
216 295
217 292
218 289
219 285
220 281
221 277
222 275
223 273
224 270
222 269
219 269
216 269
213 269
210 268
207 268
204 269
201 268
197 268
193 268
189 268
187 267
183 267
180 266
177 266
173 265
170 265
166 265
163 265
160 265
157 265
155 264
155 261
155 257
155 253
155 250
155 247
155 244
155 240
155 237
155 233
155 229
155 225
155 222
155 219
155 216
155 212
155 208
155 204
156 201
156 197
156 193
156 190
156 187
156 184
157 182
160 182
163 182
166 182
169 182
173 182
175 181
178 181
182 181
185 181
189 181
192 181
197 181
201 181
204 181
209 181
212 181
214 182
217 182
221 182
224 182
228 182
231 182
234 182
237 182
240 182
243 181
243 178
243 175
244 171
244 167
244 163
244 159
244 156
244 153
244 150
243 147
243 143
243 140
242 138
242 135
241 132
241 129
240 126
240 123
240 120
240 117
240 114
243 114
247 114
250 115
254 115
258 115
261 115
264 115
267 115
270 115
273 115
277 115
280 115
284 116
287 116
291 116
295 116
298 117
302 117
306 117
309 117
313 118
317 118
321 118
325 119
328 119
332 119
336 120
340 120
344 120
348 120
352 120
356 121
359 121
362 121
366 121
371 121
376 121
380 121
384 121
387 121
386 122
