666
352 105
355 110
356 111
357 111
357 112
358 113
359 114
360 114
361 115
361 116
362 117
363 118
364 119
365 120
366 121
368 122
369 123
370 124
371 125
372 126
374 128
375 129
376 130
377 132
379 133
380 134
381 136
382 137
384 139
385 140
386 142
387 143
389 145
390 147
391 148
392 150
394 151
395 153
396 154
397 155
398 157
399 158
400 159
401 160
401 161
402 162
403 162
403 163
404 163
404 164
405 165
405 166
406 166
407 166
408 166
409 166
410 166
411 166
412 166
413 166
414 166
415 166
417 166
419 166
421 166
422 166
425 166
427 165
429 165
431 165
433 165
435 165
438 165
440 165
442 165
444 165
446 165
449 165
451 164
453 164
455 164
457 164
459 163
461 163
462 163
464 163
465 163
467 163
468 163
469 163
470 163
471 163
472 163
473 163
474 163
474 164
474 165
474 166
474 167
474 168
474 169
474 170
474 171
474 173
474 174
474 176
474 177
474 179
475 181
475 183
475 184
475 186
475 188
475 190
475 192
475 194
475 196
475 198
475 200
475 202
475 204
475 206
475 207
475 209
475 211
475 212
475 213
475 215
475 216
475 217
475 218
475 219
476 219
476 220
475 219
474 219
473 219
472 219
471 219
470 219
469 219
468 220
466 220
465 220
463 220
461 220
460 220
458 220
456 220
454 220
452 220
450 220
448 219
446 219
444 219
442 219
440 219
439 219
437 219
435 218
434 218
432 218
431 218
430 218
429 218
427 218
426 218
425 218
424 218
423 218
422 218
421 218
420 219
419 219
418 219
417 219
416 219
415 219
414 219
413 219
412 219
412 220
413 221
413 222
413 223
413 224
413 225
413 226
413 227
413 228
413 230
413 231
413 232
412 234
412 235
412 237
412 239
412 240
412 242
412 244
412 245
412 247
412 248
413 250
413 251
413 253
413 255
413 256
414 258
414 260
414 261
414 263
414 264
414 265
415 267
415 268
415 269
415 270
415 271
415 272
415 273
415 274
414 275
413 276
412 276
411 276
410 276
409 276
408 276
407 276
406 276
405 276
403 276
401 277
400 277
398 277
396 277
394 278
392 278
390 278
388 278
385 279
383 279
381 279
379 280
377 280
375 280
373 280
371 280
369 281
368 281
366 281
365 281
363 281
362 282
361 282
360 282
359 282
358 282
357 282
356 282
356 281
356 280
356 279
357 278
357 277
357 276
357 275
357 274
358 273
358 271
358 270
358 268
358 266
358 264
357 262
357 259
357 257
357 255
356 252
356 250
356 248
355 245
355 243
355 241
355 238
354 236
354 234
354 232
354 230
354 228
353 226
353 225
353 224
353 223
353 222
352 221
352 220
351 219
350 219
349 219
348 219
347 219
346 219
345 219
344 219
342 219
341 219
340 219
338 219
336 219
334 219
332 219
330 219
328 219
325 219
323 220
321 220
318 220
316 220
314 220
312 220
310 221
308 221
306 221
305 221
303 221
302 221
301 221
300 221
299 221
298 221
297 221
296 221
295 221
295 222
295 223
295 224
295 225
295 226
295 227
295 228
295 229
295 230
296 232
296 233
296 235
296 237
296 239
296 240
296 242
296 244
296 246
296 248
296 250
297 252
297 254
297 256
297 258
297 260
297 262
297 264
297 266
297 268
298 269
298 271
298 272
298 274
298 275
298 277
298 278
298 279
298 280
298 281
298 282
297 282
296 282
295 282
294 282
293 283
292 283
291 283
290 283
288 284
287 284
285 284
284 285
282 285
280 285
279 286
277 286
275 287
273 287
271 287
269 287
267 287
265 288
263 288
262 288
260 288
259 288
257 288
256 288
255 288
254 288
253 288
252 288
251 288
251 287
251 286
251 285
251 284
250 282
250 281
250 279
249 277
249 275
249 272
248 270
248 267
247 264
247 261
246 258
246 255
245 252
245 248
245 245
244 243
244 240
244 237
244 235
243 233
243 231
243 229
243 227
243 226
243 225
243 224
243 223
243 222
242 221
241 220
240 220
239 220
238 220
237 220
236 220
235 220
234 220
233 220
231 220
230 220
228 220
226 220
225 220
223 220
220 220
218 220
216 220
213 220
211 220
209 221
206 221
204 221
201 221
199 221
197 221
195 221
193 221
191 221
189 221
187 221
186 221
185 221
184 221
183 221
182 221
181 221
180 220
179 220
178 220
177 219
177 218
176 218
176 217
176 216
175 216
175 215
175 213
174 212
174 210
173 208
173 206
172 203
172 200
172 198
171 195
171 192
170 189
170 186
170 184
169 181
169 179
169 177
168 175
168 174
168 173
167 172
167 171
167 170
167 169
166 168
166 167
167 167
167 168
168 168
169 168
170 168
171 169
172 169
174 169
175 169
177 170
177 170
179 170
181 170
183 171
185 171
187 171
189 171
191 172
194 172
196 173
198 173
201 173
203 174
206 174
208 175
211 175
213 175
216 176
219 176
221 177
223 177
225 177
228 177
230 178
232 178
234 178
236 178
237 178
239 178
241 178
242 178
244 178
245 179
246 179
247 179
248 179
249 179
249 178
249 177
249 176
248 175
248 174
248 173
248 172
248 172
247 171
247 169
246 168
246 166
245 164
245 162
244 161
243 159
242 157
242 155
241 153
240 151
239 149
239 148
238 146
238 144
237 143
237 142
236 140
236 139
235 138
235 137
235 136
235 135
234 135
234 134
234 133
235 132
236 132
237 132
238 132
239 132
240 132
241 132
242 131
244 131
245 131
247 131
248 131
250 130
252 130
253 130
255 129
257 129
257 129
259 129
260 128
262 128
264 128
266 127
268 127
270 127
272 126
274 126
276 126
278 125
280 125
281 125
283 124
285 124
288 124
290 123
292 123
294 123
296 122
298 122
299 122
301 121
303 121
305 121
307 120
309 120
311 120
313 119
315 119
317 119
319 118
321 118
323 118
325 117
327 117
329 117
331 116
332 116
334 116
335 116
336 116
337 115
338 115
339 115
340 115
341 115
342 115
343 115
343 114
342 114
341 114
340 113
