400
168 209
172 208
175 208
178 208
182 208
185 208
190 208
193 208
196 208
200 208
203 207
207 207
210 207
214 207
218 207
221 207
225 208
229 208
232 208
236 208
239 208
242 208
245 208
248 208
251 208
254 208
257 208
261 208
265 207
268 207
271 207
273 205
274 202
275 199
276 196
276 193
277 191
278 188
278 185
279 183
279 178
279 174
280 172
280 169
280 164
280 160
280 157
280 152
280 149
280 144
280 141
280 136
281 131
281 126
281 122
281 118
281 115
281 112
282 110
284 109
286 110
289 112
291 114
293 115
296 118
298 120
301 123
303 126
305 128
306 130
308 132
310 135
312 137
314 139
316 142
319 144
321 147
323 149
325 152
328 155
330 157
332 160
335 163
337 165
339 168
341 170
343 173
346 175
348 177
350 180
352 182
354 185
356 187
358 189
360 191
361 193
363 195
364 197
366 199
368 202
371 204
372 206
374 207
376 208
376 205
376 202
377 199
377 196
378 194
378 189
379 187
379 182
380 179
380 176
381 174
381 171
382 167
383 164
383 161
384 158
384 155
385 152
385 148
386 145
386 142
386 139
387 136
387 133
388 130
388 125
389 122
389 117
389 113
390 109
390 105
391 102
393 103
395 105
397 108
399 111
400 113
402 114
403 117
405 119
406 121
408 123
410 126
411 128
413 131
415 134
417 136
418 139
420 142
422 145
424 148
426 151
428 154
430 157
432 159
434 162
435 165
437 168
439 170
441 173
443 176
445 178
447 181
449 183
451 186
452 188
454 190
456 192
457 194
459 196
462 199
463 201
466 203
468 205
470 206
472 205
472 202
473 200
474 197
475 193
476 189
477 187
478 182
479 179
480 176
481 174
481 171
482 168
483 165
484 162
485 159
486 154
487 151
487 148
488 145
489 143
489 140
490 137
490 134
490 131
491 129
491 126
491 121
491 117
492 115
492 112
492 109
492 106
493 104
495 105
496 107
497 109
498 112
499 114
500 116
501 118
502 121
503 126
504 129
505 131
506 134
507 137
508 140
509 142
511 145
512 148
513 151
514 154
515 157
517 160
518 163
519 166
520 169
521 172
522 175
523 178
524 180
525 183
526 186
527 188
528 190
529 192
531 195
532 198
533 200
535 202
538 202
541 203
544 203
547 203
551 203
553 204
558 204
561 204
564 204
567 204
570 204
573 204
576 204
579 204
582 204
585 204
588 205
591 205
596 205
601 205
603 206
606 206
609 206
612 206
613 209
613 212
613 215
612 218
612 222
612 225
611 227
611 230
610 235
610 238
610 241
609 243
609 246
609 249
608 251
608 254
607 256
607 259
607 263
607 266
606 268
606 271
606 274
606 277
606 280
605 282
603 284
600 284
597 284
594 284
590 284
587 284
585 285
582 285
579 285
576 285
573 285
570 285
566 285
563 285
559 285
555 285
551 285
546 285
542 284
537 284
533 284
528 284
523 284
518 284
513 284
508 284
502 284
497 284
491 284
486 284
480 283
474 283
468 283
462 283
456 283
449 283
442 283
436 283
429 283
422 282
415 282
408 282
401 283
393 283
386 283
379 283
371 283
363 283
356 283
348 283
339 283
331 283
323 283
315 283
307 284
299 284
291 284
283 284
275 284
267 284
260 284
253 284
246 284
239 284
233 284
227 284
221 283
216 283
211 283
206 282
202 282
198 282
194 281
191 281
188 280
185 280
181 279
178 278
175 277
173 276
172 274
171 272
170 269
169 265
169 261
169 257
169 252
169 247
170 242
170 239
170 236
171 234
171 231
172 228
172 225
173 221
173 217
174 215
174 212
175 211
