562
146 199
152 199
153 199
155 199
157 199
159 199
161 198
163 198
166 198
169 197
171 197
175 197
178 196
181 196
184 196
188 196
191 196
195 196
198 196
201 196
205 195
208 195
211 195
215 196
218 196
221 196
224 196
227 195
229 195
232 195
234 195
236 195
237 195
239 195
240 195
241 195
242 195
242 194
242 193
242 192
242 191
243 190
243 189
243 188
243 186
244 185
244 183
244 182
245 180
245 178
245 176
246 174
246 172
246 170
246 167
246 165
246 162
246 160
246 157
246 154
246 152
246 149
246 146
246 143
246 140
246 138
246 135
247 132
247 129
247 126
247 124
247 121
247 119
247 116
247 114
247 112
247 110
247 108
247 107
247 105
247 104
247 103
247 102
247 101
247 100
248 100
248 101
249 101
250 102
251 103
252 104
254 105
255 106
256 108
258 109
259 110
261 112
262 114
264 115
265 117
267 119
269 121
270 122
272 124
274 126
275 128
277 130
279 133
281 135
282 137
284 140
286 142
288 144
289 147
291 149
293 151
295 153
297 156
298 158
300 160
302 163
304 165
306 167
308 169
310 171
311 173
313 175
315 176
316 178
318 180
319 181
320 182
321 183
322 185
323 186
324 186
325 187
325 188
326 188
326 189
327 189
327 190
327 189
327 188
327 187
327 186
327 185
327 184
327 183
327 181
327 180
327 178
327 176
327 174
327 173
327 171
327 169
327 167
327 164
327 162
327 160
327 157
327 155
327 152
327 150
327 147
327 145
327 143
327 140
327 138
328 135
328 133
328 130
328 128
328 126
328 123
328 121
328 119
328 117
328 115
328 113
327 111
327 110
327 108
327 107
327 105
327 104
327 103
327 102
327 101
327 100
327 99
327 98
328 98
329 99
330 100
331 101
332 102
333 103
334 104
335 105
336 107
337 108
338 109
340 111
341 112
342 114
343 115
345 117
346 119
347 120
349 122
350 124
351 126
352 128
354 130
355 132
356 134
358 137
359 139
361 141
362 143
364 145
365 147
367 149
368 151
369 153
371 154
372 156
374 158
375 160
377 162
378 163
379 165
380 167
382 168
383 170
384 171
385 172
386 173
387 175
388 176
389 177
390 177
391 178
392 179
392 180
393 181
394 182
395 183
396 184
396 185
397 184
397 183
397 182
397 181
397 180
397 179
397 178
397 176
397 175
397 173
397 172
398 170
398 168
398 166
398 164
399 162
399 160
399 157
399 155
400 153
400 150
400 148
400 145
400 143
401 140
401 138
401 135
401 133
401 130
402 127
402 125
402 123
402 120
402 118
402 116
402 114
402 112
402 110
402 108
402 106
402 105
401 104
401 102
401 101
401 100
401 99
402 100
403 101
404 102
405 103
406 105
407 106
408 107
410 108
411 110
412 112
413 113
415 115
416 116
418 118
419 120
421 122
422 124
424 126
425 128
427 130
428 133
430 135
431 137
433 140
434 142
435 144
437 146
438 149
439 151
441 153
442 156
444 158
445 160
446 163
448 165
449 167
450 169
451 171
453 172
454 174
454 175
455 177
456 178
457 179
458 180
459 181
459 182
460 182
460 183
461 183
462 183
463 183
464 183
465 183
467 183
468 183
470 183
472 183
474 183
476 183
479 183
481 183
484 184
487 184
490 184
492 184
495 184
498 184
501 184
504 184
507 184
510 184
513 183
516 183
519 183
522 183
525 183
527 183
530 183
532 183
534 182
536 182
538 182
540 182
541 182
542 182
543 182
544 182
545 182
545 183
545 184
545 185
545 186
545 187
545 188
545 189
545 191
545 192
545 194
544 196
544 197
544 199
544 201
544 203
543 205
543 207
543 209
543 211
543 213
543 216
542 218
542 220
542 222
542 224
542 225
542 227
542 229
542 230
542 231
542 233
542 234
542 235
542 236
543 237
543 238
543 239
543 240
543 241
543 242
542 242
541 241
540 241
539 241
538 241
537 241
535 241
534 241
532 241
531 241
529 241
527 241
524 241
522 241
519 241
517 241
514 241
511 241
507 241
504 241
500 241
497 241
493 241
489 241
485 241
481 241
477 241
472 241
468 241
464 241
459 241
455 242
450 242
445 242
441 242
436 242
431 242
426 243
421 243
416 243
410 243
405 244
400 244
394 245
389 245
383 246
377 246
371 247
366 247
360 248
354 249
348 249
342 250
336 250
330 251
325 251
319 252
313 252
308 253
302 253
297 254
291 254
285 255
280 255
274 256
269 256
263 256
258 257
252 257
247 257
242 257
237 258
232 258
227 258
222 258
217 258
212 258
207 258
203 258
198 258
194 258
190 258
186 258
182 258
179 257
176 257
172 257
169 257
167 257
164 257
162 257
160 257
158 256
156 256
155 256
154 256
153 256
152 256
151 256
151 255
151 254
152 253
152 252
152 251
153 250
153 248
153 247
154 245
154 243
154 241
155 238
155 236
155 234
155 231
156 229
156 227
156 224
156 222
156 220
156 217
156 215
156 213
156 211
156 210
156 208
156 207
155 206
155 205
155 204
155 203
155 202
156 201
157 200
158 199
158 199
