636
136 165
140 166
141 166
142 166
143 165
144 165
145 165
146 165
147 165
149 165
150 165
151 165
152 165
153 165
154 165
156 165
157 166
158 166
159 166
160 166
162 166
163 166
164 166
165 166
167 166
168 166
169 166
170 166
171 166
172 166
173 166
174 166
175 166
176 166
178 166
179 166
180 166
181 166
182 166
183 166
184 166
185 166
186 166
187 166
188 166
189 166
190 166
191 167
192 167
193 167
194 167
195 167
196 167
197 167
198 167
199 167
200 167
200 166
200 165
201 164
201 163
201 162
201 161
201 160
201 159
201 158
201 156
201 155
201 154
201 152
201 151
201 150
201 148
201 147
201 146
201 144
201 143
201 142
201 140
201 139
201 138
201 137
201 135
201 134
201 133
201 132
201 131
201 129
201 128
201 127
202 126
202 125
202 124
202 123
202 122
202 121
202 120
202 119
203 118
203 117
203 116
203 115
203 114
203 113
203 112
203 111
203 110
203 109
204 108
205 109
206 110
207 111
208 112
208 113
209 113
210 114
210 115
211 116
211 118
212 119
213 120
213 121
214 122
214 123
215 125
216 126
217 127
217 128
218 129
219 130
220 131
220 132
221 133
222 134
222 135
223 137
224 138
224 139
225 140
226 141
226 142
227 144
227 145
228 146
229 147
229 148
230 148
230 149
231 150
231 151
232 152
233 153
233 154
234 155
235 156
235 157
236 158
237 159
237 160
238 161
238 162
239 163
240 164
240 165
241 166
241 167
242 167
243 168
244 168
244 167
244 166
244 165
244 164
245 163
245 161
245 160
245 159
245 157
245 156
246 155
246 153
246 152
246 151
246 149
246 148
246 147
246 145
246 144
246 142
247 141
247 140
247 138
247 137
247 136
247 135
247 133
247 132
247 131
247 130
247 129
247 128
247 127
248 126
248 125
248 124
248 123
248 122
248 121
248 120
249 120
249 119
249 118
249 117
249 116
249 115
249 114
249 113
250 113
250 112
251 112
251 113
252 113
253 114
253 115
254 115
254 116
255 117
256 118
257 119
257 120
258 121
259 122
260 123
261 124
262 125
262 126
263 127
264 128
265 129
266 130
267 131
267 132
268 133
269 134
270 135
271 136
272 137
273 138
273 139
274 140
275 141
276 142
277 143
277 144
278 145
279 146
280 146
281 147
281 148
282 149
283 149
284 150
284 151
285 152
286 152
286 153
287 154
288 154
288 155
289 156
290 157
291 157
291 158
292 158
292 159
293 159
293 160
294 161
295 162
296 162
296 163
297 164
297 163
298 163
298 162
299 161
299 160
299 159
299 158
300 156
300 155
300 154
300 153
300 152
300 150
300 149
301 148
301 146
301 145
301 144
301 143
301 141
301 140
301 139
301 138
300 136
300 135
300 134
300 133
300 132
300 131
300 130
300 129
300 128
300 127
300 126
300 125
300 124
300 123
300 122
300 121
300 120
300 119
300 118
300 117
300 116
300 115
300 114
300 113
300 112
300 111
300 110
301 111
301 112
302 113
302 114
303 114
303 115
304 116
304 117
305 117
305 118
306 119
307 120
307 121
308 123
309 124
309 125
310 126
311 127
312 128
313 129
313 131
314 132
315 133
316 134
316 135
317 136
318 137
318 138
319 139
319 140
320 141
321 143
321 144
322 145
322 146
323 147
324 148
324 149
325 150
326 151
326 152
327 153
328 154
328 155
329 155
329 156
329 157
330 157
330 158
331 158
331 159
332 159
332 160
333 161
334 162
334 163
335 163
335 164
335 165
336 165
336 166
337 167
337 168
338 168
339 168
340 168
341 168
342 168
343 168
344 168
345 168
346 168
347 168
348 168
349 168
350 168
351 168
352 168
354 168
355 168
356 168
357 168
359 169
360 169
361 169
363 169
364 169
365 169
367 169
368 169
369 169
370 169
372 169
373 169
374 169
376 169
377 169
378 169
380 169
381 170
382 170
383 170
384 170
385 170
386 170
387 170
388 170
389 170
390 170
391 170
392 170
393 171
394 171
395 171
396 171
396 172
397 173
397 174
398 175
398 176
398 177
398 178
398 179
398 181
398 182
398 183
398 184
398 186
398 187
398 188
398 189
398 191
398 192
398 193
398 195
398 196
398 197
398 198
398 200
398 201
398 202
399 203
399 204
399 205
399 206
399 207
399 208
399 209
398 210
398 211
398 212
398 213
398 214
397 214
396 215
395 215
394 215
393 215
392 215
391 216
389 216
388 216
386 216
384 216
382 216
380 216
378 216
375 217
373 217
370 217
367 217
364 217
361 217
359 217
356 217
353 217
350 217
347 217
344 217
342 217
339 217
336 217
334 216
331 216
328 216
325 216
322 216
320 216
317 216
314 216
311 216
309 216
306 216
304 216
301 216
298 216
296 216
293 216
290 216
288 216
285 216
282 216
279 216
276 216
273 216
271 216
268 217
265 217
262 217
259 217
255 217
252 217
249 217
246 217
243 217
240 217
237 217
234 217
231 217
229 217
226 217
224 217
221 217
218 217
216 217
213 217
211 217
209 217
206 217
204 216
202 216
200 216
198 216
196 216
194 216
192 216
190 216
188 216
186 216
184 216
182 216
179 216
177 216
175 216
173 216
171 216
168 216
166 216
164 216
162 216
160 216
158 216
156 216
155 217
153 217
152 217
151 217
150 217
149 217
148 217
147 217
146 216
145 216
144 216
144 215
143 215
142 215
141 215
141 214
140 213
140 212
140 211
140 210
140 209
140 208
140 207
140 206
140 204
140 203
140 202
140 200
140 199
141 197
141 196
141 194
141 192
141 191
141 190
141 188
141 187
141 185
140 184
140 183
140 182
140 181
140 180
140 179
141 178
141 177
141 176
141 175
141 174
141 173
142 173
