520
133 142
138 141
139 141
140 141
142 141
144 141
146 141
148 141
150 141
152 141
155 141
158 141
161 141
164 141
166 141
169 141
172 141
175 141
178 141
181 141
183 141
186 141
188 141
190 141
191 142
193 142
194 142
196 142
197 142
198 142
199 142
199 141
199 140
199 139
199 138
199 137
199 136
199 135
199 134
199 132
199 131
200 129
200 127
201 125
201 123
201 121
202 118
202 116
203 113
203 110
204 107
204 104
205 101
205 98
205 95
206 92
206 89
207 86
207 84
207 81
207 78
208 76
208 74
208 72
209 70
209 68
209 66
209 65
209 64
209 63
209 62
209 61
209 60
210 61
210 62
211 63
211 64
212 65
213 66
213 67
214 68
215 69
216 70
217 72
218 73
219 75
221 77
222 79
223 81
225 83
226 85
228 87
229 89
231 92
232 94
234 97
236 99
238 102
239 105
241 107
243 110
245 112
246 114
248 117
250 119
251 121
253 123
254 125
255 127
257 128
258 130
259 131
260 133
261 134
262 135
263 135
264 136
264 137
265 137
265 138
266 138
266 139
267 139
267 140
268 140
268 139
268 138
268 137
269 137
269 136
269 135
269 134
270 132
270 131
270 130
270 128
271 126
271 124
271 122
271 120
272 117
272 115
272 112
272 110
272 107
273 104
273 101
273 98
273 95
273 93
273 90
273 87
274 84
274 81
274 79
274 76
274 74
274 72
274 70
274 68
274 66
274 65
274 64
274 63
274 62
274 61
274 60
274 59
274 60
275 60
275 61
276 62
276 63
277 64
277 65
278 66
279 67
280 69
281 71
282 73
283 75
284 77
285 79
286 82
288 84
289 87
291 89
293 92
295 95
297 97
298 100
300 103
302 105
304 108
306 110
308 113
310 115
312 118
314 120
315 122
317 124
319 126
321 128
322 130
323 131
325 133
326 134
327 136
328 137
329 138
329 139
330 140
331 141
332 142
332 141
332 140
332 139
332 138
332 137
332 136
332 134
332 133
332 131
332 129
332 127
332 124
332 122
332 119
332 117
332 114
332 111
332 107
332 104
332 101
332 97
332 94
332 91
332 87
333 84
333 81
333 79
333 76
333 74
333 71
332 69
332 67
332 65
332 64
332 62
331 61
331 60
331 59
331 58
330 58
330 57
330 58
331 58
331 59
331 60
332 60
332 61
333 62
334 63
335 64
335 66
336 67
337 68
338 70
339 72
340 74
341 76
342 78
343 80
345 82
346 84
348 86
350 88
351 91
353 93
355 95
356 98
358 100
360 103
362 105
364 108
365 110
367 112
369 115
371 117
372 119
374 122
375 124
377 126
378 128
379 130
380 132
381 134
382 136
383 137
384 139
384 140
385 141
386 142
386 143
386 144
387 145
388 146
389 145
390 145
391 145
392 145
393 145
394 145
395 145
396 145
397 144
399 144
400 144
402 144
404 144
406 144
408 144
410 143
412 143
415 143
417 143
419 143
421 142
424 142
426 142
428 142
431 142
433 142
435 142
437 142
439 142
440 142
442 142
443 142
444 142
445 142
446 142
447 142
448 143
449 143
450 143
451 144
451 145
451 146
451 147
452 148
452 149
452 150
452 151
452 152
452 154
453 156
453 157
453 159
453 161
453 163
453 165
453 168
453 170
453 172
454 174
454 177
454 179
454 181
455 183
455 185
455 187
455 189
455 191
456 193
456 194
456 195
456 197
456 198
456 199
457 199
457 200
457 201
457 202
456 202
455 202
454 202
453 202
452 202
451 202
450 202
448 202
447 203
445 203
443 203
442 203
440 203
438 204
435 204
433 204
430 205
427 205
425 205
422 206
418 206
415 206
412 207
408 207
405 207
401 208
397 208
393 209
389 209
385 209
381 210
376 210
372 211
367 211
363 212
358 212
353 212
348 213
343 213
338 214
333 214
328 214
322 215
317 215
312 215
307 215
302 216
296 216
291 216
286 216
281 216
276 216
271 216
266 216
261 216
256 216
251 216
246 216
241 216
236 216
231 216
226 216
221 216
217 216
212 216
207 215
203 215
198 215
194 215
190 215
186 215
182 215
178 215
174 215
170 215
167 215
163 214
160 214
157 214
154 214
151 214
149 214
147 214
145 214
143 214
142 214
140 214
139 213
138 213
137 213
136 213
135 212
134 211
134 210
134 209
134 208
134 207
134 206
134 205
134 203
134 202
134 200
134 198
134 196
134 194
134 192
134 190
134 188
134 186
134 183
134 181
134 179
134 176
133 174
133 172
133 169
133 167
133 165
133 163
133 161
132 159
132 156
132 154
133 152
133 151
133 149
133 147
133 146
133 144
133 143
133 142
133 141
133 140
133 139
132 138
133 138
