765
62 174
68 174
70 174
72 173
74 173
76 173
79 173
81 173
84 173
86 172
89 172
91 172
94 173
96 173
99 173
101 173
103 172
106 172
108 172
110 172
112 172
114 172
115 173
117 173
119 173
120 173
122 173
123 173
125 173
126 173
127 173
129 173
130 173
131 173
132 172
133 172
134 172
136 172
137 172
138 172
139 172
140 172
141 172
142 172
143 172
144 172
144 171
144 170
145 170
145 169
145 168
145 166
145 165
145 164
145 162
145 161
145 159
146 158
146 156
146 154
146 153
146 151
146 150
146 148
146 146
145 145
145 143
145 141
145 140
145 138
145 137
145 135
145 134
145 133
145 131
145 130
145 129
145 127
145 126
145 125
145 123
145 122
145 121
145 119
145 118
145 117
145 115
145 114
145 112
145 111
145 110
145 109
145 107
145 106
145 105
145 104
145 103
145 102
145 101
145 100
145 99
145 98
145 97
145 96
145 95
146 95
147 95
147 96
148 96
148 97
149 97
150 98
150 99
151 100
152 101
152 102
153 103
154 104
155 104
156 105
157 106
157 107
158 108
159 109
160 110
161 111
161 112
162 113
163 114
164 115
165 116
165 117
166 118
167 119
168 120
169 121
170 122
171 123
172 124
172 125
173 127
174 128
175 129
176 130
177 131
178 132
179 133
180 135
181 136
182 137
183 138
183 140
184 141
185 142
186 143
187 144
188 145
188 146
189 147
190 148
191 149
192 150
193 151
194 152
194 153
195 153
196 154
197 155
197 156
198 157
199 158
200 159
201 160
202 161
203 162
203 163
204 164
204 165
205 166
206 166
206 167
207 168
208 169
208 170
209 170
209 171
209 172
210 172
210 173
210 174
211 173
210 172
210 171
210 170
210 169
210 168
210 166
210 165
210 164
210 162
210 161
210 159
210 157
210 156
210 154
210 152
209 151
209 149
209 147
209 146
208 144
208 142
208 141
208 139
208 138
208 136
207 134
207 133
207 132
207 130
207 129
207 128
207 126
207 125
207 124
207 123
207 122
207 121
207 119
207 118
207 117
207 116
207 115
207 113
207 112
207 111
207 109
207 108
207 107
207 106
208 105
207 104
208 103
208 102
207 101
207 99
207 98
207 97
207 96
207 95
207 94
208 94
209 95
210 96
211 97
211 98
212 99
213 100
213 101
214 102
215 103
216 104
217 105
218 106
220 107
221 108
222 109
223 110
224 112
225 113
227 114
228 115
229 117
230 118
231 119
232 120
233 121
234 123
235 124
236 125
237 126
238 127
238 128
239 129
240 131
241 132
242 133
243 134
244 135
245 137
246 138
247 139
248 140
249 141
250 142
251 144
251 145
252 146
253 147
254 148
255 149
256 149
256 150
257 151
258 152
259 153
259 154
260 154
261 155
261 156
262 157
263 157
263 158
264 159
265 160
265 161
266 161
266 162
267 163
267 164
268 165
268 166
269 166
269 167
270 167
270 168
271 169
272 170
272 171
273 171
273 172
274 172
274 173
274 172
274 171
274 170
274 169
273 168
273 167
273 166
273 165
273 163
273 162
273 160
273 158
273 157
273 155
272 153
272 151
272 150
272 148
272 146
271 144
271 143
271 141
270 139
270 138
270 136
269 135
269 133
269 132
269 131
269 129
269 128
269 127
269 125
269 124
269 123
269 121
269 120
269 119
269 118
269 117
269 116
269 114
269 113
269 112
269 111
270 110
270 109
270 108
270 107
270 106
270 105
270 104
270 103
271 102
271 101
271 100
271 98
271 97
272 96
272 97
273 98
273 99
274 100
274 101
275 102
275 103
276 104
276 105
277 106
278 107
278 108
279 110
280 111
281 112
281 114
282 115
283 116
284 118
284 119
285 120
286 122
287 123
288 124
288 125
289 126
290 128
291 129
292 130
293 131
293 132
294 133
295 134
296 135
297 137
297 138
298 139
299 140
300 141
300 142
301 143
302 144
303 145
303 146
304 147
305 148
306 149
307 150
307 151
308 151
308 152
309 153
309 154
310 154
310 155
311 156
311 157
312 157
312 158
313 159
314 160
314 161
315 161
315 162
315 163
316 163
316 164
317 165
317 166
318 167
319 168
319 169
320 169
320 170
321 170
322 170
323 170
324 170
325 170
326 170
327 170
328 170
329 170
330 169
331 169
332 169
333 169
334 169
335 169
336 169
337 169
338 169
339 169
340 169
341 169
342 169
343 169
344 169
345 169
346 169
347 169
348 169
349 169
350 169
351 169
353 169
354 169
355 169
356 168
357 168
358 168
360 168
361 168
362 168
363 168
365 168
366 168
367 168
368 168
369 168
370 168
371 168
372 168
373 168
374 168
375 168
376 167
377 167
378 167
379 167
380 167
380 168
380 169
380 170
380 171
380 172
380 173
380 174
379 175
379 176
379 177
379 179
378 180
378 182
378 183
378 185
377 186
377 188
377 189
378 191
378 192
378 193
378 194
379 196
379 197
379 198
380 199
380 201
380 202
380 203
380 204
380 206
380 207
380 208
380 209
380 211
380 212
380 213
380 214
380 215
380 216
379 217
379 218
379 219
379 220
379 221
379 222
379 223
379 224
379 226
379 227
378 228
378 229
378 230
378 231
378 232
378 233
378 234
377 234
377 235
376 235
375 235
374 236
373 236
372 236
370 236
369 236
367 236
365 236
363 236
361 236
358 236
356 236
353 236
350 236
347 236
344 236
341 236
338 235
334 235
331 235
328 235
325 235
322 235
318 235
315 235
312 235
310 235
307 235
304 235
301 235
298 235
295 235
293 235
290 235
287 235
284 235
282 235
279 235
276 235
274 235
271 235
268 235
266 235
263 235
260 235
257 235
254 235
251 235
248 236
246 236
243 236
240 236
236 236
233 236
230 236
227 236
224 236
221 236
217 236
214 236
210 237
206 237
203 237
199 237
195 237
192 237
188 237
184 237
181 238
177 238
173 238
170 238
166 238
163 238
159 239
156 239
152 239
149 239
146 240
142 240
139 240
136 240
133 241
130 241
127 241
124 241
121 241
119 242
116 242
114 242
112 242
110 242
108 242
106 242
104 243
103 243
101 243
100 243
99 243
97 243
96 244
95 244
93 244
92 244
91 244
90 244
89 245
88 245
87 245
86 245
85 245
84 245
83 245
82 246
81 246
80 246
79 246
78 246
77 246
76 246
75 246
74 246
73 246
72 246
71 246
70 246
69 246
68 246
67 246
67 245
66 245
65 245
64 245
64 244
63 244
63 243
62 242
62 241
62 240
62 239
62 238
63 237
63 235
63 234
64 232
64 230
65 228
66 226
66 223
67 221
68 219
68 216
68 214
69 212
69 209
70 207
70 205
70 203
70 201
70 199
71 198
71 196
71 194
71 192
71 191
71 189
71 188
71 187
71 185
71 184
72 183
72 182
72 181
72 180
72 179
72 178
72 177
72 176
72 175
72 174
72 173
72 172
