503
158 203
163 203
166 203
168 202
171 203
174 203
177 203
181 203
185 203
189 203
194 203
196 204
201 204
205 204
208 204
210 205
213 205
218 205
221 205
223 206
226 206
231 206
235 206
239 207
243 207
246 207
249 207
251 206
251 203
251 200
252 198
252 194
252 191
253 189
253 185
252 183
252 179
252 175
251 173
251 168
251 164
251 160
251 156
251 153
251 149
251 146
251 142
251 139
251 135
252 133
252 130
253 126
253 123
254 121
254 116
255 114
256 110
257 106
257 102
258 99
258 96
258 93
259 95
261 97
262 99
263 101
264 103
265 105
267 108
269 109
270 111
273 114
274 116
276 117
277 119
279 121
280 123
282 125
283 127
285 129
286 131
288 134
289 136
290 138
292 140
293 142
295 145
296 147
298 149
299 152
301 154
302 156
304 159
305 161
307 163
308 166
310 168
311 170
313 172
314 175
316 177
318 179
319 181
321 183
323 185
324 187
326 189
328 190
329 192
331 194
333 195
334 197
336 199
338 200
339 202
342 205
344 207
346 209
348 211
350 212
352 213
352 210
353 206
354 202
354 199
355 197
356 193
356 189
357 186
358 182
358 178
359 175
359 171
360 169
360 165
361 162
362 158
362 155
363 150
364 146
364 143
365 139
365 135
366 133
366 130
366 126
367 124
367 119
368 117
368 113
369 111
369 107
370 105
370 101
371 99
371 96
372 93
374 92
376 94
378 96
380 98
381 100
383 103
384 105
387 108
388 110
389 112
390 114
391 116
393 118
394 121
395 123
396 125
397 127
399 129
400 132
401 134
402 136
404 138
405 140
406 142
408 144
409 146
410 148
411 151
413 153
414 155
415 157
416 159
417 161
418 163
420 165
422 168
423 170
424 172
425 174
428 177
429 179
430 181
431 183
433 186
434 188
436 191
437 193
438 196
440 199
442 202
443 204
444 206
445 209
446 211
447 213
448 215
449 217
451 216
451 213
452 210
452 207
453 205
454 202
455 197
456 195
456 192
457 190
458 187
459 185
459 182
460 180
461 177
462 172
463 167
463 163
464 160
464 155
465 153
465 150
466 148
466 145
467 140
467 135
468 130
468 125
469 122
469 117
469 112
470 110
470 106
471 102
471 98
471 95
471 92
471 89
472 91
473 93
474 96
475 99
477 102
478 106
480 109
481 111
482 113
483 115
484 117
485 120
486 122
487 124
488 129
489 131
490 133
491 135
492 138
493 140
494 142
495 145
496 149
497 152
498 154
499 156
500 161
501 163
502 167
503 169
504 171
504 174
505 176
506 178
507 182
508 184
509 188
510 190
511 192
512 196
513 198
514 200
515 202
516 204
517 207
518 209
519 212
520 214
522 216
524 217
526 219
528 220
531 220
534 220
537 220
541 220
544 220
547 220
550 220
554 220
557 220
561 220
565 220
569 220
573 220
576 220
580 220
584 220
588 220
592 220
596 220
599 220
602 220
606 220
609 220
612 220
615 220
618 221
617 223
617 226
617 229
616 231
616 235
616 238
616 241
615 244
615 247
615 251
615 255
615 259
614 261
614 265
614 268
614 272
613 276
613 280
613 283
613 286
613 290
613 293
612 295
611 297
608 297
605 297
603 298
600 298
598 297
596 298
594 297
592 298
590 297
585 297
583 298
578 298
573 298
569 298
566 298
561 298
556 298
551 298
546 298
541 298
538 298
533 298
530 298
527 298
522 298
519 298
516 298
513 298
509 298
506 298
503 298
500 298
496 299
493 299
490 299
486 299
483 299
479 299
476 299
472 299
468 299
465 299
461 299
457 299
454 299
450 299
446 299
442 299
438 299
435 299
431 299
427 299
423 299
420 299
416 299
412 299
408 298
405 298
401 298
397 298
393 298
389 298
385 298
381 298
377 297
372 297
368 297
364 297
360 297
356 297
352 297
347 297
343 297
339 297
335 297
331 297
327 297
323 297
319 297
315 297
310 297
306 297
302 297
298 297
293 297
289 297
285 297
281 298
277 298
272 298
268 298
264 298
260 298
255 298
251 298
247 298
243 298
239 298
235 299
230 298
226 298
222 298
218 298
215 298
211 298
207 298
204 298
200 298
197 298
194 298
191 299
188 299
185 299
182 299
177 299
173 299
170 299
167 299
164 299
162 297
162 294
161 291
161 288
161 284
162 281
162 277
162 274
162 270
162 266
162 263
162 259
162 255
163 252
163 248
163 245
163 241
163 238
163 234
163 230
163 226
164 224
164 221
164 218
165 216
165 213
166 211
166 208
166 205
165 206
