537
132 152
142 154
144 154
145 154
147 154
149 154
151 155
153 155
155 155
158 156
160 156
162 156
165 157
167 157
170 157
172 157
174 158
177 158
179 158
181 158
183 158
185 158
187 159
188 159
190 159
191 159
192 159
193 159
194 158
195 158
196 158
196 157
196 156
196 155
196 154
196 153
196 152
196 151
196 149
196 148
196 146
196 144
196 142
196 140
196 138
196 135
197 133
197 130
197 128
197 125
197 122
197 120
197 117
197 114
197 112
197 109
197 106
197 104
197 102
197 99
197 97
197 95
198 93
198 91
198 89
198 88
198 86
198 85
198 83
198 82
198 81
198 80
198 79
198 78
198 77
199 77
199 78
200 79
201 80
201 81
201 81
202 81
203 83
204 85
204 85
205 86
206 87
206 87
207 89
207 89
207 89
208 90
209 92
209 92
211 94
212 96
214 98
215 100
217 102
219 104
221 106
223 109
225 111
227 113
229 115
232 118
234 120
236 122
239 124
241 127
243 129
245 131
248 133
250 135
252 138
254 140
256 142
257 144
259 145
261 147
262 149
264 151
265 153
267 154
268 156
269 157
270 158
271 159
272 160
273 161
274 162
275 162
275 163
276 164
277 164
278 165
279 165
279 164
279 163
280 162
280 161
280 160
280 159
281 158
281 157
281 155
281 154
281 152
282 150
282 148
282 145
282 143
282 141
283 138
283 135
283 133
283 130
283 127
283 124
283 121
283 118
283 115
282 112
282 109
282 106
282 104
282 101
281 98
281 96
281 94
281 91
281 89
281 88
281 86
280 84
280 83
280 82
280 81
280 80
280 79
279 78
280 78
280 79
281 79
281 80
282 80
282 81
283 82
284 83
284 84
285 85
285 86
286 88
287 89
288 91
289 93
291 95
292 97
294 99
295 101
297 104
299 106
301 109
303 112
305 114
307 117
309 120
311 123
313 126
315 129
317 132
320 135
322 138
324 141
326 143
328 146
330 148
331 151
333 153
335 155
336 156
337 158
339 159
340 161
341 162
342 162
342 163
343 164
344 164
344 165
344 164
344 163
344 162
344 161
344 160
345 159
345 158
345 156
345 155
345 153
346 151
346 149
346 147
346 145
347 142
347 139
347 136
347 133
347 130
347 127
347 124
347 120
347 117
347 114
347 111
347 108
347 105
347 102
347 100
347 97
347 95
347 93
347 92
347 90
347 89
347 87
347 86
347 85
347 84
346 83
346 82
346 81
346 80
346 81
347 81
347 82
348 82
348 83
349 84
349 85
350 86
351 87
351 88
352 89
353 91
354 92
355 94
356 96
357 98
358 100
360 102
361 105
362 107
364 109
365 112
367 114
368 117
370 120
371 122
373 125
374 127
376 130
378 132
379 135
381 137
382 139
384 142
385 144
386 146
387 148
389 150
390 152
391 154
391 155
392 157
393 158
393 159
394 160
395 161
396 162
397 162
398 162
399 162
400 162
401 162
402 162
404 162
405 162
406 162
407 162
409 162
410 162
412 161
414 161
416 161
418 161
421 161
423 161
425 161
428 160
431 160
433 160
436 159
438 159
441 159
443 158
446 158
448 157
451 157
453 156
455 156
457 156
458 156
460 155
461 155
462 155
463 155
464 156
464 157
465 157
465 158
465 159
465 160
466 161
466 162
466 163
467 164
467 165
467 167
467 169
468 170
468 172
468 174
468 177
469 179
469 182
469 184
469 187
470 189
470 192
470 194
470 197
471 199
471 202
471 204
471 206
471 208
471 210
472 212
472 214
472 215
472 217
472 218
472 219
472 220
472 221
472 222
472 223
471 223
470 223
469 223
468 223
467 223
466 223
465 223
463 223
462 223
460 223
458 223
456 223
454 224
452 224
449 224
446 224
444 224
441 224
438 224
435 224
431 224
428 225
424 225
420 225
417 225
412 225
408 225
404 225
400 226
395 226
390 226
386 226
381 227
376 227
371 227
366 227
361 227
356 228
350 228
345 228
340 229
335 229
329 229
324 230
319 230
313 230
308 230
303 230
297 230
292 230
286 230
281 230
276 230
270 230
265 230
260 230
255 230
250 230
245 230
240 230
235 230
230 230
225 230
220 230
215 230
211 230
206 230
201 230
197 230
193 229
188 229
184 229
180 229
177 229
173 228
169 228
166 228
163 228
160 227
157 227
154 227
151 227
149 227
147 226
145 226
143 226
141 226
140 225
139 225
138 225
137 225
136 225
135 224
134 224
134 223
134 222
133 222
133 221
133 220
133 219
133 218
133 217
133 215
133 214
133 212
133 210
133 208
132 206
132 204
132 202
132 199
132 196
132 194
132 191
132 189
132 186
132 183
132 181
133 178
133 176
133 174
133 172
133 169
133 168
133 166
133 165
133 163
133 162
133 161
133 160
133 159
133 158
133 157
134 158
135 158
136 158
136 159
137 159
138 160
