638
129 97
134 98
135 98
136 98
138 98
139 98
141 99
143 99
144 99
146 99
148 99
149 99
151 99
153 99
154 99
156 99
158 99
160 99
161 99
163 99
165 99
167 99
168 99
170 99
172 99
174 99
175 99
177 99
178 99
180 99
181 99
183 99
184 99
185 99
186 99
188 99
189 99
190 99
191 99
192 99
193 99
193 98
193 97
193 96
193 95
193 94
192 94
192 93
192 92
192 91
192 90
192 89
192 88
192 87
191 86
191 85
191 84
191 83
191 82
191 81
190 79
190 78
190 77
190 75
190 74
190 73
190 72
189 71
189 70
189 68
189 67
189 66
189 65
189 64
188 63
188 61
188 60
188 58
188 57
188 56
188 54
188 53
187 51
187 50
187 49
187 47
187 46
187 45
187 44
187 43
187 42
187 41
187 39
187 38
187 37
187 36
187 34
187 33
187 32
187 31
187 30
187 29
187 28
187 27
187 26
188 27
189 28
190 29
191 29
191 30
192 31
193 32
194 33
194 34
195 35
196 36
197 37
198 38
199 39
200 41
201 42
202 43
203 44
204 45
206 46
207 47
208 49
210 50
211 51
213 53
214 54
215 56
216 57
218 59
219 60
220 62
221 63
223 65
224 66
225 67
227 68
228 70
229 71
231 72
232 73
233 75
234 76
235 77
237 79
238 80
239 81
239 82
240 83
241 85
242 86
242 87
243 87
243 88
244 89
245 90
246 91
247 91
247 92
248 92
248 93
248 92
247 92
248 92
247 92
247 91
247 90
247 89
247 88
247 87
247 86
247 85
247 84
247 83
247 82
247 81
247 79
247 78
247 77
247 75
247 73
247 72
247 71
247 69
247 68
246 66
246 65
246 63
246 62
246 60
245 58
245 57
245 55
245 53
245 51
244 50
244 49
244 47
244 46
243 45
243 43
243 42
243 41
243 40
243 39
243 37
243 36
242 35
242 34
242 33
242 32
242 31
242 30
242 29
242 28
242 27
242 28
243 28
244 29
245 29
245 30
246 31
247 31
247 32
248 33
249 33
250 34
251 35
252 36
253 37
254 38
255 39
256 40
257 41
258 42
259 43
260 45
261 46
262 47
263 48
264 49
265 50
266 52
267 53
269 54
270 56
271 57
272 59
273 61
275 62
276 64
277 65
279 67
280 68
281 69
283 70
284 72
285 73
286 74
287 75
288 76
289 78
290 79
291 80
292 82
293 83
294 84
295 85
296 86
297 87
298 88
299 89
300 89
301 90
302 90
302 91
303 91
304 92
305 93
305 94
306 94
305 94
306 94
305 93
305 92
305 91
306 91
306 90
306 89
306 88
306 87
306 86
306 85
306 84
306 83
306 82
306 80
306 79
306 77
306 76
305 74
305 73
305 71
305 70
305 69
305 67
305 66
305 64
304 63
304 61
304 60
304 58
304 56
303 55
303 53
303 51
303 50
303 49
303 48
303 46
302 45
302 44
302 43
302 42
302 41
302 40
302 38
302 37
302 36
302 35
302 34
302 33
302 32
302 31
302 30
302 29
303 28
303 27
303 26
303 25
303 26
304 26
304 27
305 27
305 28
306 28
307 29
308 29
308 30
309 31
310 32
311 33
312 34
312 35
313 36
314 36
315 37
316 38
317 40
318 41
319 42
320 42
322 43
323 44
324 45
325 46
326 47
328 48
329 49
330 50
331 51
332 52
333 53
334 55
335 56
336 57
337 59
338 60
339 61
340 62
342 64
343 65
344 66
345 67
346 68
347 69
349 70
350 71
351 72
352 73
353 74
353 75
354 76
355 77
356 78
357 79
357 80
358 81
359 82
360 83
361 84
361 85
362 85
362 86
363 87
364 88
365 89
366 90
367 90
368 90
369 90
370 90
371 90
372 90
373 90
374 90
375 90
376 90
377 90
378 90
379 90
380 90
381 90
382 90
383 90
384 90
385 90
386 90
387 90
388 90
390 90
391 90
392 90
393 90
394 90
395 90
396 90
397 90
398 90
399 90
400 90
401 89
402 89
403 89
404 89
405 89
406 89
406 90
406 91
406 92
407 93
407 94
407 95
407 96
408 97
408 98
408 99
408 100
408 101
409 102
409 104
409 105
409 106
409 107
410 109
410 110
410 111
410 112
410 113
410 114
411 115
411 116
411 117
411 118
411 120
411 121
412 122
412 123
412 125
412 126
412 128
412 129
413 130
413 131
413 132
413 133
413 134
414 135
414 136
414 137
414 138
414 139
415 139
414 139
413 139
412 139
411 139
410 139
409 139
408 139
406 139
405 139
404 139
402 139
401 139
399 140
397 140
396 140
394 140
392 140
390 140
388 140
386 140
383 140
381 140
379 140
377 140
375 140
373 141
370 141
368 141
365 141
362 141
359 141
356 141
354 141
351 141
348 141
345 141
342 141
339 141
336 142
333 142
330 142
327 142
323 142
320 142
317 142
314 142
310 142
307 142
303 143
300 143
296 143
292 143
288 143
285 143
281 144
277 144
273 144
269 144
265 144
261 145
258 145
254 145
250 145
246 145
242 146
238 146
234 146
230 146
225 146
221 147
217 147
213 147
209 147
201 147
197 147
194 147
190 148
186 148
183 148
180 148
176 148
173 148
170 149
167 149
164 149
162 149
159 149
157 149
155 149
153 149
152 149
150 149
149 149
148 149
147 149
146 149
145 149
144 149
143 149
142 148
142 149
142 148
142 149
142 148
142 147
141 146
141 145
141 144
141 143
141 142
140 142
140 141
140 140
140 139
140 138
139 137
139 136
139 135
139 134
139 133
138 132
138 131
138 130
138 128
138 127
138 126
138 125
138 124
137 122
137 121
137 120
138 119
138 118
138 117
137 116
137 115
137 114
137 113
137 112
136 112
135 112
