352
173 198
177 198
180 198
184 198
188 198
192 197
195 197
198 197
201 197
204 196
207 196
210 196
213 196
216 196
219 196
223 196
226 196
231 197
234 197
239 196
243 196
247 196
250 196
253 196
254 194
255 192
256 189
257 187
257 184
258 181
258 178
258 174
258 170
258 165
257 161
257 157
256 152
256 148
255 146
254 141
254 137
254 132
253 128
253 125
253 121
253 117
253 114
253 111
253 108
256 109
257 111
260 113
261 115
263 118
265 120
266 122
268 124
270 126
271 128
273 131
275 133
277 136
279 139
281 141
283 144
285 147
287 149
289 151
291 154
292 156
294 158
296 161
298 163
300 165
302 168
304 170
306 172
307 175
309 177
310 179
312 181
313 183
315 184
316 186
318 188
320 190
321 192
323 193
323 190
324 186
324 183
325 181
325 176
326 174
326 171
327 168
327 163
328 160
328 157
328 154
328 151
328 148
328 145
328 140
328 137
328 132
328 128
328 125
329 123
329 119
329 115
329 112
330 110
332 111
334 114
336 117
337 119
338 121
340 123
341 125
342 128
344 131
345 133
347 136
348 139
350 142
352 144
353 147
355 150
356 153
358 156
360 159
361 162
363 165
364 168
365 171
367 173
368 176
370 178
371 180
373 182
374 184
376 185
377 187
379 188
381 190
383 192
385 193
385 190
385 187
386 185
386 182
387 177
388 173
388 170
389 167
390 164
390 161
391 158
391 155
392 152
392 149
392 146
393 143
393 138
393 135
393 132
394 130
394 127
394 124
394 120
394 116
394 112
395 110
395 107
395 104
396 102
397 99
398 101
400 102
401 104
403 107
405 110
407 113
408 115
410 117
411 119
412 121
413 123
414 125
415 127
416 129
417 132
418 134
419 136
419 139
420 141
421 144
422 147
423 149
424 152
425 155
426 160
427 162
428 165
429 167
430 169
431 171
432 175
433 178
434 180
435 182
436 184
439 184
443 184
447 184
450 185
454 185
458 185
461 185
466 185
471 185
474 186
479 186
482 186
485 186
490 186
492 187
496 187
500 187
503 187
506 187
507 190
507 193
507 196
508 198
508 201
508 204
508 207
508 211
508 214
508 218
509 220
509 224
509 228
509 232
510 234
510 238
511 241
511 244
512 246
513 248
512 250
509 250
506 250
503 250
500 250
496 250
493 250
488 250
483 250
480 251
477 251
474 251
470 251
467 251
463 251
460 251
456 251
452 251
449 251
445 251
440 251
436 251
432 251
428 252
423 252
419 252
414 252
410 252
406 252
401 252
397 253
393 253
389 253
385 253
380 253
376 253
372 253
367 253
362 253
358 253
353 253
349 253
344 254
339 254
335 254
330 254
326 254
321 254
316 254
312 254
307 254
302 254
298 254
293 254
288 254
284 254
279 254
275 254
270 254
266 254
261 254
257 254
253 254
248 254
244 254
240 254
236 254
232 254
228 254
224 254
220 254
216 254
213 254
209 254
206 254
203 253
200 253
197 253
192 253
188 254
184 254
181 254
179 253
178 251
178 248
179 246
179 242
180 239
180 235
181 233
181 229
182 224
182 220
182 216
183 214
183 211
183 207
183 204
183 201
185 200
