485
96 160
99 156
101 156
103 156
105 156
107 156
109 155
112 155
114 155
117 155
120 155
122 154
125 154
128 154
131 154
134 154
137 153
139 153
142 153
144 153
146 153
148 152
150 152
151 152
153 152
154 151
155 151
156 151
157 151
158 150
159 150
159 149
159 148
159 147
159 146
159 145
159 144
159 143
159 141
159 140
159 138
159 136
160 133
160 131
160 128
161 126
161 123
161 120
162 117
162 114
162 111
163 108
163 105
163 102
163 99
163 96
163 94
163 91
164 89
164 87
164 86
164 84
164 83
164 82
164 81
164 80
165 79
165 80
166 80
166 81
167 82
167 83
168 84
168 85
169 86
170 87
170 89
171 91
172 92
173 94
174 96
175 99
176 101
177 103
178 106
179 108
180 110
181 113
183 115
184 118
185 120
187 122
188 125
189 127
191 129
192 131
193 132
194 134
195 136
196 137
197 139
198 140
199 141
200 142
200 143
201 144
201 145
202 146
203 147
203 148
203 149
204 149
204 150
204 149
204 148
204 147
204 146
204 145
204 144
204 142
204 141
204 139
204 137
204 136
204 133
204 131
205 129
205 126
205 124
205 121
205 118
205 116
205 113
205 111
206 108
206 106
206 103
206 101
207 99
207 96
207 94
207 92
207 91
208 89
208 87
208 86
208 85
208 84
208 83
209 82
209 81
209 80
210 80
211 81
212 81
212 82
213 82
213 83
214 84
215 84
215 85
216 86
217 88
218 89
219 90
220 92
221 94
222 96
223 98
224 100
225 102
226 105
227 107
228 110
229 112
230 115
231 117
232 120
233 122
234 125
235 127
236 129
236 131
237 133
238 135
239 136
240 138
240 139
241 140
241 141
242 141
242 142
243 142
243 143
244 144
244 143
244 142
244 141
245 141
245 139
245 138
245 137
245 136
246 134
246 132
246 130
247 128
247 126
247 123
247 120
248 118
248 115
248 112
249 109
249 106
250 103
250 100
250 97
251 94
251 92
252 89
252 87
252 85
252 83
253 81
253 80
253 79
253 78
253 77
253 76
253 75
253 74
254 75
254 76
255 77
255 78
256 79
257 80
257 82
258 83
259 84
259 86
260 88
261 89
262 92
263 94
264 96
265 99
266 102
267 105
268 107
269 110
270 113
270 116
271 119
272 122
273 125
273 128
274 130
275 133
275 135
276 137
276 139
277 140
277 141
278 143
278 144
279 145
280 145
280 146
281 146
282 145
283 145
284 144
285 144
286 144
287 144
288 144
289 144
290 143
292 143
293 143
295 143
296 143
298 143
300 143
302 143
305 143
307 143
309 143
312 143
314 143
317 143
320 143
322 143
325 143
328 143
330 143
333 143
335 143
338 143
340 143
343 143
345 143
347 142
348 142
350 142
351 142
353 142
354 142
355 142
356 142
357 142
358 142
358 143
359 143
359 144
360 144
360 145
360 146
360 147
361 147
361 149
361 150
362 151
362 153
362 154
362 156
363 158
363 160
363 162
363 164
363 167
363 169
363 172
363 175
363 177
363 180
364 182
364 185
364 187
364 190
364 192
364 194
364 195
364 197
365 199
365 200
365 201
365 202
365 203
366 203
366 204
366 205
366 206
365 206
364 206
363 206
362 206
361 206
360 207
358 207
356 207
355 207
352 208
350 208
347 209
345 209
342 209
339 210
336 210
333 211
329 211
326 211
322 212
319 212
315 212
312 212
308 212
305 212
301 212
297 213
293 213
290 213
286 213
282 213
278 213
274 213
270 213
266 213
262 214
258 214
254 214
250 214
246 214
242 214
239 214
235 214
231 214
227 214
223 214
219 214
215 214
211 214
207 214
203 214
199 214
195 214
191 214
188 214
184 214
180 214
177 214
173 214
170 214
167 214
163 214
160 214
157 214
154 214
151 214
148 214
146 214
143 214
140 215
138 215
135 215
133 215
131 215
129 215
127 215
126 215
124 215
123 215
121 216
120 216
119 216
118 216
117 216
116 215
115 215
115 214
115 213
114 212
114 211
114 210
114 209
114 207
114 206
113 204
113 202
113 200
113 198
113 196
113 194
112 192
112 190
112 187
112 185
111 183
111 180
111 178
111 176
111 174
110 172
110 170
110 168
110 167
110 165
110 164
110 162
110 161
110 160
110 159
110 158
110 157
110 156
110 155
110 156
110 157
110 158
110 159
110 160
110 161
110 162
