447
174 195
179 194
182 194
185 194
189 194
193 194
196 194
198 193
201 193
206 193
211 193
214 193
217 194
220 193
223 193
226 193
229 193
232 193
235 193
238 193
241 193
244 193
247 193
252 193
255 193
258 193
263 193
266 193
270 193
274 193
277 193
280 193
281 191
281 188
282 186
282 182
282 178
283 176
283 172
283 167
283 162
283 157
283 154
283 151
283 148
283 145
283 142
283 139
283 136
282 132
282 129
282 126
282 123
281 120
281 117
281 114
281 111
280 106
280 101
280 97
279 95
279 91
279 88
279 85
282 86
284 88
287 90
289 91
290 93
292 95
294 96
297 98
299 100
301 103
304 105
307 107
309 109
312 111
315 114
318 116
320 118
323 121
326 123
328 126
331 128
333 131
336 134
338 136
340 139
343 141
345 144
348 147
350 150
352 152
355 155
357 157
359 159
361 161
363 163
365 165
367 167
369 169
371 171
373 173
375 175
377 177
379 178
381 180
383 182
385 183
387 185
390 188
392 190
394 191
396 193
398 195
400 196
402 197
402 194
402 191
402 188
403 186
403 183
403 178
403 175
404 172
404 169
404 166
404 163
404 160
404 157
404 154
404 151
404 147
404 144
404 141
403 138
403 135
403 132
402 129
402 126
402 123
401 121
401 118
401 115
400 113
400 109
399 107
399 103
399 99
399 96
400 93
400 90
401 88
403 87
405 89
407 90
409 93
412 96
414 99
416 101
417 103
418 105
420 107
421 110
423 112
424 115
426 117
427 120
429 122
431 125
432 128
434 130
435 133
437 135
439 138
440 140
442 143
444 146
445 148
447 151
449 153
451 156
453 158
454 161
456 163
458 165
460 167
462 170
464 172
465 174
467 176
469 178
471 180
472 182
474 183
476 185
477 187
479 188
481 189
484 192
486 193
488 195
490 196
492 197
493 195
493 192
494 189
494 185
495 183
495 178
496 176
496 173
496 170
497 167
497 164
497 161
497 158
497 154
497 151
497 148
497 145
497 141
497 138
497 133
496 130
496 125
496 122
496 117
496 114
496 109
496 104
496 99
497 95
497 92
498 89
498 86
499 84
500 86
502 89
504 92
505 94
507 96
508 98
509 100
511 103
512 105
513 108
514 110
516 113
517 115
518 118
520 121
521 123
522 126
524 129
525 132
526 134
527 137
528 139
529 142
530 144
531 146
532 149
533 151
534 154
535 156
536 158
537 161
538 163
539 165
540 167
541 169
542 173
543 175
544 177
545 179
547 182
548 184
549 186
550 188
552 190
553 192
554 194
555 196
557 197
561 197
565 197
568 197
572 197
576 197
579 197
584 197
589 197
592 197
595 197
597 196
600 196
605 196
610 197
614 197
618 197
622 197
625 197
627 198
630 198
632 199
634 200
635 203
635 206
636 209
636 212
636 216
636 220
637 224
637 229
637 233
637 236
638 238
638 243
639 245
640 250
641 254
642 258
643 260
644 263
645 265
645 268
646 270
645 272
643 273
640 273
637 273
635 274
631 274
627 274
624 274
619 274
616 274
613 274
610 274
607 274
604 275
600 275
596 275
593 275
589 275
585 275
581 275
576 275
572 275
568 275
563 275
559 275
554 275
549 276
544 276
539 276
533 276
528 276
522 276
516 277
510 277
503 277
497 278
490 278
483 278
476 278
470 279
463 279
455 279
448 279
441 279
433 279
426 279
418 280
411 280
403 280
395 280
388 280
381 281
373 281
366 281
359 281
352 281
345 281
338 281
331 281
324 281
317 281
311 281
304 281
298 281
291 281
285 281
279 280
273 280
267 280
262 280
256 280
251 280
246 280
241 280
236 280
231 280
227 280
223 280
219 280
215 280
212 280
208 281
205 281
202 281
199 281
197 282
194 282
190 283
187 283
184 283
181 283
178 283
175 282
174 280
173 278
173 275
173 271
173 266
173 261
173 257
173 254
173 251
173 247
174 243
174 239
174 235
174 232
174 228
175 225
175 222
176 219
176 216
177 214
177 210
178 207
179 205
179 202
179 199
