504
148 165
152 167
153 167
155 167
157 167
159 167
161 167
164 167
167 167
169 168
172 168
175 168
177 168
180 169
183 169
186 170
188 170
191 171
193 171
196 171
198 171
200 172
203 172
204 172
206 172
208 172
209 172
210 172
211 172
213 172
214 172
215 172
215 171
216 170
216 169
216 168
216 167
216 166
216 165
216 164
217 163
217 161
217 160
216 158
216 157
216 155
216 153
216 151
216 150
215 148
215 146
215 144
215 143
215 141
215 139
214 137
214 135
214 134
214 132
214 130
214 129
214 127
214 126
214 124
214 123
214 121
214 120
214 119
214 118
214 117
214 116
214 115
214 114
215 115
216 115
216 116
217 117
218 117
219 118
220 119
221 120
222 121
223 122
225 123
226 124
227 125
229 126
231 128
232 129
234 131
235 133
237 134
239 136
240 138
242 140
243 142
244 143
245 145
246 146
247 147
248 149
249 150
250 151
251 153
252 154
253 155
254 157
255 158
256 159
257 160
257 161
258 162
259 163
260 164
260 165
261 166
262 167
263 168
264 169
264 170
265 171
266 172
266 173
267 173
267 174
268 174
268 175
269 176
270 176
271 175
271 174
271 173
271 171
272 170
272 169
272 167
273 165
273 163
273 161
273 159
274 157
274 155
274 150
274 148
274 146
274 144
274 142
274 140
274 138
274 136
274 135
274 133
274 131
274 130
274 128
274 127
274 125
275 124
275 123
275 122
275 121
275 120
275 119
275 118
275 117
275 116
275 115
276 115
276 116
277 116
277 117
278 118
279 119
280 120
280 121
281 123
282 124
283 125
283 126
284 127
285 129
286 130
287 131
288 133
289 134
290 135
291 137
292 138
293 139
294 141
295 142
295 144
296 145
297 146
298 148
299 149
300 150
301 152
302 153
303 154
303 155
304 156
305 157
306 158
307 159
308 160
308 161
306 163
307 164
308 165
309 166
310 167
311 168
312 169
313 170
317 171
318 171
318 172
319 172
319 173
320 173
320 174
321 174
322 175
323 176
324 176
324 175
325 174
325 172
325 171
325 170
326 168
326 167
326 165
326 163
326 161
326 159
326 157
326 155
327 153
327 151
327 148
327 146
327 144
327 141
327 139
327 137
327 135
327 134
327 132
327 130
327 129
327 127
327 126
327 125
327 124
327 123
327 122
327 121
327 120
328 121
329 121
329 122
330 122
330 123
331 124
332 124
332 125
333 126
334 127
335 128
335 129
336 130
337 131
337 132
338 133
339 134
340 136
341 137
342 138
343 139
344 141
345 142
345 143
346 144
347 145
348 147
349 148
350 149
351 150
352 151
353 152
353 153
354 154
355 155
356 157
357 158
358 159
359 160
360 161
361 162
361 163
362 164
363 165
363 166
364 167
365 168
366 169
367 170
367 171
368 172
369 172
369 173
370 173
371 173
372 172
373 172
374 172
375 172
376 172
378 172
379 171
381 171
382 171
384 171
386 171
388 171
390 171
391 171
393 171
395 171
397 171
399 171
401 171
402 171
404 171
406 171
407 171
409 171
410 171
411 171
412 171
413 171
414 171
415 172
416 172
416 173
416 174
417 174
417 175
417 176
418 177
418 178
418 179
418 180
419 181
419 182
419 183
420 184
420 186
420 187
421 189
421 191
421 192
422 194
422 195
422 197
423 199
423 200
423 202
423 203
423 204
423 205
423 206
423 207
423 208
423 209
422 210
421 210
420 210
419 211
418 211
417 211
416 211
415 211
413 211
412 211
410 211
407 211
405 211
402 211
400 211
397 211
394 211
391 211
388 211
385 212
382 212
379 212
376 212
372 212
369 212
365 212
361 212
357 212
353 212
349 212
345 212
341 212
337 212
333 212
329 213
326 213
322 213
319 213
315 213
311 213
308 213
304 213
301 213
297 213
294 213
290 213
287 213
283 213
280 214
277 214
274 214
270 214
267 214
264 214
260 214
257 214
253 214
250 215
246 215
242 215
239 215
235 215
232 215
229 215
226 215
223 215
219 216
216 216
213 216
210 216
207 216
204 216
201 216
199 216
196 216
193 215
190 216
188 216
185 216
183 216
181 216
178 216
176 216
174 216
172 216
169 216
167 216
165 216
164 216
162 216
160 216
159 216
158 216
157 216
156 216
155 216
154 216
153 216
152 216
152 215
152 214
152 213
152 212
152 210
153 209
153 207
153 206
153 203
153 202
150 199
150 197
151 194
151 192
151 189
152 186
152 184
152 182
155 181
156 179
155 178
155 177
155 176
157 176
157 173
157 172
158 172
158 171
