662
146 176
150 176
152 177
153 176
155 176
156 176
158 176
160 176
162 176
164 176
166 176
168 176
171 176
173 176
175 176
177 176
179 176
181 176
183 176
185 176
187 177
189 177
191 177
193 177
195 177
196 178
198 178
199 178
201 178
202 178
203 178
204 179
205 179
206 179
207 179
208 179
209 179
210 179
211 179
211 178
212 177
212 176
212 175
212 174
213 174
213 173
213 172
213 171
214 169
214 168
214 167
214 166
215 164
215 163
215 161
215 160
216 158
216 156
216 155
216 153
217 152
217 151
217 149
217 147
218 146
218 144
218 143
218 141
218 140
218 139
218 137
218 136
218 134
218 133
218 132
218 130
218 129
218 128
218 127
219 126
219 125
219 124
219 123
219 122
219 121
219 120
220 119
220 118
221 118
221 119
222 119
223 120
224 121
224 122
225 123
226 124
226 125
227 126
228 127
228 128
229 129
230 130
231 131
231 133
232 134
233 135
234 136
235 138
236 139
236 141
237 142
238 143
239 145
239 146
240 148
241 149
241 150
242 151
242 152
243 153
244 154
244 155
245 156
245 157
246 158
247 159
248 160
248 161
249 161
250 162
250 163
251 164
251 165
252 165
253 166
253 167
254 167
254 168
255 169
256 170
256 171
257 172
257 173
258 173
258 174
259 175
260 176
261 177
261 178
262 178
262 179
263 179
263 180
264 180
264 179
265 179
265 178
265 177
265 176
266 176
266 175
266 174
266 173
266 172
267 170
267 169
267 168
267 166
268 165
268 163
268 162
268 161
269 159
269 158
269 156
269 155
269 154
269 152
269 151
270 149
270 148
270 146
270 145
270 144
271 142
271 141
271 139
271 138
271 137
271 135
272 134
272 133
272 132
272 131
272 129
272 128
272 127
272 126
272 125
272 124
272 123
272 122
272 121
273 120
274 121
274 122
275 122
275 123
276 123
277 124
278 125
278 126
279 127
280 128
281 129
282 130
283 131
284 132
285 133
285 134
286 135
287 136
289 138
290 139
290 140
291 142
292 143
292 144
293 145
294 147
295 148
295 149
296 150
297 151
298 152
299 153
299 154
300 155
301 157
301 158
302 159
303 159
303 160
304 162
304 163
305 163
306 164
306 165
307 166
308 167
308 168
309 169
310 169
310 170
311 171
312 172
313 172
313 173
314 173
315 174
316 175
317 176
318 177
319 177
319 178
320 178
320 179
321 180
321 181
322 181
322 180
322 179
322 178
322 177
323 175
323 174
323 173
323 172
323 170
323 169
323 167
323 166
323 164
323 162
323 161
323 159
323 158
323 156
323 154
322 153
322 151
322 150
322 148
322 147
322 145
322 144
322 142
323 141
323 140
323 138
323 137
323 136
323 135
323 134
323 132
323 131
323 130
324 129
324 128
324 127
324 126
324 125
324 124
324 123
323 123
323 122
324 122
325 123
325 124
326 124
327 125
327 126
328 126
328 127
329 128
330 129
331 130
332 131
333 132
334 133
335 134
336 135
337 136
338 137
339 138
340 139
341 140
342 141
343 142
344 143
345 144
346 145
347 146
348 147
349 148
350 149
351 150
351 152
352 153
353 154
354 155
355 156
356 157
356 158
357 159
358 160
358 161
359 162
360 163
360 164
361 165
362 166
362 167
363 168
363 169
364 170
365 171
365 172
366 173
366 174
367 174
367 175
368 176
369 177
369 178
370 178
371 178
372 178
373 178
374 178
375 178
376 178
377 178
378 178
380 178
381 178
382 177
384 177
385 177
387 177
389 177
390 177
392 177
393 177
395 177
397 177
399 177
400 177
402 177
404 176
406 176
408 176
410 176
412 176
414 176
416 176
418 176
419 175
421 175
422 175
424 175
425 175
427 175
428 175
429 175
430 175
432 175
433 175
434 175
435 175
436 175
437 175
438 175
439 175
440 176
441 176
442 176
442 177
443 177
443 178
444 179
444 180
445 181
445 182
446 183
446 184
446 185
446 186
446 187
446 189
446 190
446 191
447 193
447 194
447 195
447 197
447 198
447 199
448 201
448 202
448 203
448 204
448 206
448 207
448 209
448 210
448 211
448 213
448 214
448 215
448 216
448 218
448 219
448 220
448 221
448 222
448 223
448 224
448 225
447 225
447 226
447 227
447 228
446 228
446 229
445 230
444 230
444 231
443 231
442 231
441 231
440 231
439 231
437 231
436 231
434 231
433 231
431 231
429 231
427 231
424 231
422 231
420 231
417 230
415 230
412 230
410 230
407 230
405 230
402 230
400 230
397 230
395 230
392 230
389 230
387 230
384 230
382 230
379 230
377 230
374 230
372 230
369 230
367 230
364 230
362 230
359 230
357 230
354 230
351 230
349 230
346 230
343 230
340 230
337 230
335 230
332 230
329 230
326 230
323 230
320 230
316 230
313 231
310 231
307 231
304 231
301 231
298 231
295 231
292 231
290 231
287 231
284 231
281 231
279 231
276 231
273 231
270 231
268 231
265 231
262 231
259 231
257 232
254 232
251 232
248 232
245 232
242 232
239 232
237 232
234 232
231 232
229 232
226 232
224 232
222 232
219 232
217 232
215 232
212 231
210 231
208 231
206 231
204 231
202 231
200 231
198 231
196 231
195 231
193 231
191 231
190 231
188 231
186 231
185 231
183 231
182 231
181 231
179 231
178 231
177 231
176 231
175 231
174 231
173 231
172 231
171 231
170 231
169 231
168 231
167 231
166 231
165 231
164 231
163 231
162 231
161 232
160 232
159 232
158 232
157 232
156 232
155 232
154 232
153 232
152 232
151 232
151 231
151 230
151 229
151 228
151 227
151 226
151 225
151 224
151 222
151 221
151 219
151 218
151 216
151 215
151 213
151 212
152 210
152 209
152 207
152 206
152 204
152 203
152 201
152 200
152 199
152 197
152 196
152 195
152 193
153 192
153 191
153 190
153 188
153 187
153 186
153 185
153 184
153 183
154 182
154 181
154 180
154 179
154 178
154 177
154 176
