586
127 208
133 206
134 206
135 206
136 206
138 205
139 205
141 205
143 205
146 205
148 204
150 204
153 204
156 203
158 203
161 203
164 203
167 202
170 202
173 202
177 202
180 201
183 201
187 201
191 200
194 200
198 200
201 199
205 199
208 199
211 198
214 198
216 198
219 198
221 198
223 198
225 198
226 197
228 197
229 197
230 197
231 197
232 197
232 196
232 195
232 194
232 193
232 192
232 190
232 189
232 188
232 187
233 185
233 184
233 182
233 181
233 179
234 177
234 175
234 174
234 172
235 170
235 168
235 165
235 163
235 161
235 158
236 156
236 153
236 150
236 148
236 145
236 143
236 140
236 137
236 134
236 132
236 129
236 126
236 123
236 121
236 118
236 116
236 113
236 113
235 111
235 109
235 106
235 104
235 104
235 102
234 101
234 99
234 98
234 97
234 96
234 95
234 94
234 93
235 93
236 93
236 94
237 95
238 95
239 96
240 97
241 99
242 100
244 101
245 103
246 105
248 107
249 109
251 111
252 113
254 115
256 117
257 119
259 121
261 123
263 126
265 128
267 131
269 133
270 136
272 139
274 142
276 145
278 147
280 150
282 153
284 156
286 159
288 161
290 164
292 167
294 170
296 172
298 175
300 177
302 179
304 182
306 184
307 186
309 188
310 189
312 191
313 192
314 194
315 195
316 196
317 197
318 197
318 198
319 199
320 199
320 200
320 199
320 198
320 197
320 196
320 195
320 193
320 192
320 190
320 188
321 186
321 184
321 182
321 180
322 177
322 175
322 172
323 170
323 167
323 164
324 162
324 159
324 156
324 154
324 151
325 148
325 146
325 143
325 140
325 138
325 135
325 132
325 129
325 126
326 124
326 121
326 118
326 116
326 113
326 110
327 108
327 106
327 104
327 101
327 100
327 98
327 97
327 95
328 94
328 93
328 92
328 91
329 91
330 91
330 92
331 93
332 93
333 94
334 95
335 97
336 98
338 99
339 101
341 102
342 104
344 106
345 108
347 110
349 112
350 114
352 116
354 118
355 120
357 122
359 125
361 127
362 129
364 132
366 134
368 137
370 139
372 142
373 144
375 147
377 149
379 152
380 154
382 157
384 159
386 161
388 164
389 166
391 168
393 170
394 172
396 173
397 175
399 177
400 178
401 180
402 181
403 182
404 184
404 185
405 186
406 187
407 188
407 189
408 190
408 191
409 191
409 192
409 191
410 190
410 189
410 188
410 187
410 186
411 184
411 183
411 181
411 179
412 177
412 175
412 173
413 171
413 169
413 167
413 165
414 162
414 160
414 158
414 155
414 153
414 150
414 148
414 145
414 143
414 140
414 137
414 135
414 132
414 129
414 127
414 124
413 122
413 119
413 117
413 114
413 112
413 110
413 107
413 105
412 103
412 101
412 99
412 98
412 96
412 95
412 93
412 92
412 91
412 90
412 89
412 88
413 88
413 89
414 89
414 90
415 90
416 91
417 92
418 93
419 94
421 96
422 97
423 99
424 101
426 102
427 104
429 106
430 108
431 110
432 112
434 115
435 117
436 119
437 122
439 124
440 127
441 129
442 132
443 135
444 138
445 140
446 143
447 146
449 149
450 151
451 154
452 157
453 160
454 162
455 165
456 167
457 170
458 172
458 175
459 177
460 179
461 181
462 182
462 184
463 185
463 187
464 188
464 189
464 190
465 190
465 191
465 192
466 192
467 193
468 193
469 193
470 193
471 193
472 193
473 193
475 192
476 192
478 192
480 191
482 191
483 191
486 190
488 190
490 190
492 190
495 189
497 189
500 189
502 189
505 189
508 189
510 189
513 189
516 189
519 189
521 189
524 189
527 189
529 189
532 189
534 189
536 189
538 189
539 189
541 189
542 189
543 189
544 189
545 190
546 190
546 191
547 191
547 192
547 193
547 194
547 196
547 197
547 199
547 200
547 202
546 204
546 207
546 209
546 212
545 215
545 218
545 220
545 223
545 226
545 229
545 231
545 234
545 236
545 239
545 241
546 243
546 245
546 247
546 248
546 250
546 251
546 252
546 253
546 254
546 255
545 256
545 257
544 257
543 258
542 258
540 258
539 258
537 258
536 258
534 258
532 259
529 259
527 259
524 259
522 259
519 259
516 259
513 259
510 259
507 259
503 260
499 260
495 260
491 260
487 260
483 260
478 260
473 261
468 261
463 261
457 261
452 261
446 261
440 262
434 262
428 262
422 262
416 262
410 262
404 262
397 262
391 262
384 262
378 262
371 263
364 263
357 263
350 263
342 264
335 264
327 264
320 265
312 265
305 265
297 266
290 266
282 267
275 267
268 267
261 268
254 268
247 268
241 268
234 268
228 268
222 268
216 269
210 269
204 268
199 268
194 268
189 268
185 268
181 268
177 268
173 267
170 267
167 267
164 267
161 267
158 267
156 267
154 267
152 267
150 267
148 267
146 267
145 267
144 267
143 267
142 267
141 267
140 267
139 267
138 267
138 266
137 265
137 264
137 262
137 261
136 260
136 258
136 256
136 254
136 252
135 249
135 246
135 243
135 240
136 237
136 234
136 231
136 228
136 226
137 223
137 220
137 218
138 216
138 213
139 212
139 210
139 208
140 207
140 206
140 205
141 204
142 203
143 202
144 202
145 201
145 201
