681
172 117
175 118
176 118
177 118
178 118
180 118
181 118
182 119
184 119
185 119
187 119
189 119
190 119
192 119
194 119
197 118
198 118
200 118
201 118
203 118
205 118
207 118
209 118
211 118
212 118
214 118
216 118
218 117
219 117
221 117
222 117
223 117
224 117
225 117
226 117
227 117
226 117
227 117
226 117
227 117
226 116
226 115
226 114
226 113
226 112
226 111
226 110
226 109
226 108
226 107
226 106
226 105
226 104
225 103
225 101
225 100
225 99
225 97
225 96
224 95
224 94
224 92
224 91
223 90
223 88
223 87
223 85
222 84
222 82
222 81
222 79
221 77
221 75
220 74
220 72
220 70
220 69
219 67
219 66
219 64
219 63
219 61
218 59
218 57
218 56
218 54
218 52
217 50
217 49
217 48
217 46
217 45
216 44
216 42
216 41
216 40
216 39
216 37
215 36
215 35
215 34
215 33
215 32
215 31
215 30
215 29
214 29
214 28
214 29
215 29
215 30
216 30
216 31
217 32
218 33
218 34
219 35
219 36
220 37
221 38
222 39
223 39
224 40
225 41
226 42
227 43
228 44
229 45
230 46
231 47
232 48
234 49
235 50
236 51
237 53
238 54
240 56
241 57
242 59
243 60
244 62
245 63
247 65
248 66
249 67
250 69
252 70
253 71
255 72
256 74
258 75
259 77
260 78
261 80
262 81
263 83
264 85
265 86
266 87
267 89
268 90
269 91
270 92
271 93
272 94
273 96
274 97
275 98
276 99
277 100
278 101
278 102
279 104
280 105
281 106
282 107
282 108
283 109
284 110
285 111
285 112
286 112
286 113
287 113
287 114
287 115
287 114
287 113
287 112
287 111
287 110
287 109
287 108
287 107
287 106
287 105
287 104
287 102
287 101
287 100
287 99
287 97
287 96
287 94
287 93
287 92
287 91
287 89
287 88
287 86
287 85
287 83
286 82
286 80
286 78
286 77
286 75
286 73
285 72
285 70
285 69
285 67
285 66
285 64
284 63
284 62
284 60
284 59
284 57
284 55
284 54
283 52
283 51
283 49
283 48
283 47
283 46
283 45
283 44
283 43
282 42
282 41
282 40
282 39
282 38
282 37
282 36
282 35
282 34
282 33
282 34
283 34
283 35
283 36
284 36
284 37
285 38
285 39
286 39
286 40
287 41
288 42
289 43
290 44
291 45
291 46
292 47
293 48
294 49
295 50
296 51
297 52
298 53
299 54
300 56
301 57
302 58
303 60
304 61
305 63
306 64
307 65
308 66
309 68
309 69
310 70
311 71
312 72
313 74
314 75
315 77
316 78
316 79
317 81
318 82
319 84
320 85
321 86
322 87
323 88
324 90
325 91
326 92
327 93
328 94
329 96
330 97
331 97
332 98
332 99
333 100
334 101
334 102
335 103
335 104
336 104
336 105
337 106
337 107
338 107
338 108
339 108
339 109
340 109
340 110
340 109
340 108
339 108
340 107
340 106
340 105
340 104
340 103
340 102
340 101
340 99
340 98
341 97
341 96
341 95
341 93
341 92
341 91
340 90
340 89
340 87
340 86
340 84
340 83
340 81
340 79
339 77
339 76
339 74
339 72
338 71
338 69
338 68
338 66
338 64
338 63
338 61
338 59
337 57
337 56
337 54
337 52
337 51
337 49
337 48
336 47
336 45
336 44
336 43
336 41
336 40
336 39
336 37
336 36
336 35
336 34
336 33
336 32
336 31
336 30
336 29
337 29
337 30
338 31
339 32
340 33
340 34
341 35
341 36
342 36
343 37
344 39
345 40
346 41
347 42
348 43
349 44
350 45
351 46
352 47
352 48
353 50
354 51
355 53
356 54
357 56
358 57
360 59
361 61
362 62
363 64
364 65
366 67
367 68
368 70
370 71
371 73
372 74
374 76
375 78
376 79
377 81
378 83
379 85
380 86
381 87
382 89
383 90
384 91
385 92
386 94
387 94
388 95
389 96
390 97
391 98
391 99
392 99
393 100
393 101
394 102
394 103
395 103
395 102
396 102
397 102
398 102
399 102
400 102
401 102
402 102
403 102
404 102
405 102
406 102
407 102
409 102
410 101
411 101
412 101
414 101
415 101
417 101
418 101
419 101
421 100
422 100
423 100
425 100
426 100
427 100
428 100
430 100
431 100
432 100
433 100
434 100
434 99
435 99
436 99
436 100
436 101
436 102
436 103
436 104
436 105
436 106
436 107
436 108
436 109
437 110
437 111
437 112
437 113
437 114
437 115
437 116
437 117
437 118
437 119
437 120
437 122
437 123
437 125
437 126
438 128
438 129
438 130
438 132
438 133
438 134
438 136
439 137
439 138
439 139
439 140
439 141
440 143
440 144
440 145
440 146
440 147
441 148
441 149
441 150
441 151
442 152
442 153
442 154
442 153
441 153
440 153
439 153
438 153
437 153
436 153
434 153
433 153
432 153
431 153
430 153
428 153
427 153
426 153
424 153
423 153
421 153
420 153
418 153
417 153
415 153
413 153
411 153
409 153
406 153
404 153
402 153
400 153
398 153
395 153
393 153
390 153
388 153
385 153
383 153
380 153
377 153
375 153
372 153
369 153
366 153
363 153
360 153
357 153
355 153
352 153
349 153
346 153
343 154
340 154
337 154
334 154
331 154
327 154
324 154
321 154
318 154
315 154
312 154
308 154
305 154
301 154
298 154
295 154
291 154
288 154
284 154
281 154
277 154
274 155
270 155
267 155
263 155
260 155
257 155
253 155
250 155
247 155
243 155
240 155
237 155
233 156
230 156
227 156
223 156
220 156
217 156
214 156
211 156
208 156
205 156
202 156
199 156
196 156
194 157
191 157
189 157
186 157
184 157
182 157
180 157
178 157
177 157
175 157
174 157
173 157
172 157
171 157
170 157
169 157
169 156
169 155
168 155
168 154
168 153
168 152
167 151
167 150
167 149
167 148
166 147
166 146
166 145
165 144
165 143
165 142
165 141
164 140
164 139
164 138
164 137
163 136
163 135
163 134
163 133
163 132
163 131
163 130
163 129
162 129
162 128
162 127
162 126
162 125
162 124
162 123
