840
154 133
156 133
157 133
158 132
160 132
161 132
163 132
164 132
166 132
168 132
170 132
172 132
174 131
176 131
178 131
180 131
182 131
185 131
187 130
189 130
191 130
193 130
196 130
198 130
200 129
202 129
204 129
207 129
209 129
211 129
214 129
216 129
219 129
221 129
224 129
226 129
229 129
231 128
234 128
236 128
238 128
241 128
243 128
245 128
247 127
249 127
251 127
253 127
255 127
257 126
259 126
261 126
262 126
264 126
265 126
266 126
267 126
268 126
269 126
270 126
270 125
270 124
270 123
270 122
270 121
270 120
270 119
270 118
270 117
270 116
269 115
269 114
269 113
269 111
269 110
269 109
268 108
268 106
268 105
268 103
267 102
267 100
266 99
266 98
265 96
265 95
265 94
265 92
264 91
264 90
264 89
264 87
264 86
263 84
263 83
263 81
262 80
262 78
261 76
261 75
260 73
260 72
260 71
259 69
259 68
259 67
258 65
258 64
258 62
257 61
257 59
257 58
257 56
256 55
256 53
256 52
256 50
256 49
255 48
255 47
255 46
255 45
254 45
254 44
254 43
254 42
253 42
253 41
253 40
253 39
253 40
254 40
254 41
255 41
255 42
256 42
257 43
258 43
259 44
260 44
261 44
262 45
263 46
264 46
265 47
266 47
266 48
267 49
268 50
269 50
270 51
271 52
272 53
273 54
274 55
275 56
276 57
278 58
279 59
280 60
282 62
283 63
284 64
285 65
286 66
288 66
289 67
290 68
291 69
292 70
293 71
295 72
296 73
297 74
298 75
300 76
301 77
302 79
303 80
305 81
306 82
307 83
308 85
309 86
310 87
311 88
312 89
313 90
314 91
315 91
316 92
317 93
318 94
319 95
321 96
322 97
323 98
324 99
325 100
326 102
327 103
328 104
329 105
330 106
330 107
331 108
332 109
333 110
333 111
334 112
335 112
336 113
337 114
338 115
338 116
339 116
340 117
340 118
341 119
342 120
343 121
344 122
344 123
345 123
346 124
346 123
345 123
345 122
345 121
345 120
344 120
344 119
344 118
344 117
344 116
344 115
344 114
344 113
343 112
343 111
343 110
343 109
343 108
343 106
343 105
342 103
342 102
342 100
342 99
342 98
342 96
342 95
341 93
341 92
341 91
341 89
341 88
341 86
340 85
340 83
340 82
339 80
339 78
339 77
339 75
339 74
338 73
338 71
338 70
338 69
337 68
337 67
337 65
337 64
336 63
336 62
336 61
336 59
336 58
336 57
336 56
335 55
335 54
335 53
335 52
335 51
335 50
334 49
334 48
334 47
333 46
333 45
333 44
333 45
334 45
335 46
336 46
336 47
337 47
337 48
338 48
339 49
340 49
340 50
341 51
342 51
343 52
344 53
345 53
346 54
347 55
348 56
349 57
350 58
351 59
352 61
353 62
354 63
355 64
356 65
357 65
358 66
359 67
360 68
361 69
362 70
364 71
365 72
366 73
367 75
368 76
370 77
371 78
372 80
373 81
374 82
375 83
376 85
377 86
378 87
379 88
380 89
381 90
382 91
383 92
384 92
384 93
385 94
386 95
387 96
388 97
389 98
390 99
391 100
392 101
393 102
394 103
395 104
396 105
397 106
397 107
398 107
399 108
399 109
400 110
400 111
401 111
402 112
403 113
404 113
404 114
405 114
405 115
406 116
406 117
407 117
407 118
407 117
407 116
406 115
406 114
406 113
406 112
406 111
406 110
406 109
406 108
406 107
406 106
406 105
406 103
406 102
406 100
406 99
406 97
406 96
406 95
406 93
406 92
406 91
406 89
406 88
405 86
405 85
405 83
405 81
405 79
405 78
405 76
405 74
405 73
405 72
404 70
404 69
404 68
404 67
404 65
404 64
403 63
403 62
403 61
403 60
403 58
403 57
402 56
402 55
402 54
402 53
402 52
402 51
403 50
403 49
403 48
403 47
403 46
403 45
402 45
403 45
404 46
405 46
405 47
406 47
406 48
407 48
407 49
408 49
409 50
410 51
411 52
412 52
413 53
414 54
415 55
416 56
417 57
418 58
419 59
419 60
420 61
421 62
422 63
422 64
423 65
424 66
425 66
426 67
427 68
428 69
429 70
429 71
430 72
431 72
432 74
433 74
434 75
435 77
436 78
437 79
438 80
438 81
439 82
440 83
441 84
442 85
442 86
443 87
444 87
444 88
445 89
446 89
447 90
447 91
448 91
448 92
449 93
450 93
450 94
451 95
452 96
453 97
454 97
454 98
455 99
456 100
456 101
457 101
458 102
458 103
459 104
460 105
460 106
461 107
462 108
462 109
463 109
463 110
464 110
464 111
465 112
466 113
467 113
467 114
467 113
467 114
467 113
468 113
469 113
470 113
471 113
472 113
473 113
474 113
475 112
476 112
477 112
478 112
479 112
480 112
481 112
482 112
483 112
484 112
485 111
486 111
487 111
488 111
489 111
490 111
491 111
492 110
493 110
494 110
495 110
496 110
497 110
498 110
497 110
498 110
498 109
498 110
498 109
498 110
497 110
497 111
497 112
497 113
498 114
498 115
498 116
498 117
499 118
499 119
499 120
499 121
499 122
499 123
499 124
500 126
500 127
500 128
500 129
500 131
500 132
500 133
500 134
500 135
500 136
500 137
500 138
500 139
500 140
500 142
501 143
501 144
501 145
501 147
501 148
501 149
501 150
501 152
501 153
501 154
501 155
501 156
501 157
502 157
502 158
502 159
502 160
502 161
502 162
502 163
502 164
503 164
502 164
501 164
500 164
499 164
498 164
497 164
496 164
495 164
494 164
492 164
491 164
490 164
488 164
487 165
485 165
483 165
481 165
479 165
477 165
476 166
474 166
472 166
470 166
469 166
467 166
465 167
463 167
461 167
459 167
457 168
455 168
453 168
450 169
448 169
446 169
444 170
441 170
439 170
436 171
434 171
431 171
429 171
426 172
424 172
421 172
419 172
416 173
413 173
410 173
408 173
405 174
402 174
399 174
397 174
394 174
391 175
388 175
385 175
382 175
380 176
377 176
374 176
371 176
368 177
365 177
362 177
360 177
357 177
354 178
351 178
348 178
346 178
343 178
340 179
337 179
335 179
332 179
329 179
327 179
324 180
321 180
319 180
316 180
314 180
311 180
309 180
306 180
304 180
301 181
298 181
296 181
293 181
291 181
288 181
286 182
283 182
280 182
278 182
275 182
273 182
270 182
268 182
265 182
263 182
260 182
258 182
255 182
253 183
250 183
248 183
246 183
243 183
241 183
239 183
236 184
234 184
232 184
230 184
227 184
225 184
223 184
221 184
219 184
217 184
216 185
214 185
212 185
210 185
208 185
206 185
204 185
202 185
200 186
199 186
197 186
196 186
194 186
192 186
191 187
189 187
187 187
185 187
183 187
181 187
180 188
178 188
176 188
175 188
173 188
171 188
170 189
168 189
166 189
165 189
163 189
161 189
160 189
158 190
157 190
156 190
155 190
154 190
153 190
152 190
151 190
150 190
149 190
148 190
147 190
146 190
145 190
145 189
145 188
144 188
144 187
144 186
143 186
143 185
143 184
142 184
142 183
142 182
141 181
141 180
141 179
141 178
140 177
140 176
140 175
140 173
139 172
139 171
139 170
139 169
139 167
138 166
138 165
138 164
138 163
138 161
138 160
137 159
137 158
137 157
137 155
137 154
136 153
136 152
136 150
136 149
136 148
136 147
136 145
136 144
135 144
135 143
135 142
135 141
135 140
134 139
135 139
134 139
135 140
134 140
134 139
134 138
