560
133 202
141 201
143 201
145 200
147 200
149 200
151 200
153 200
156 200
159 200
161 199
164 199
167 199
170 199
173 199
176 199
179 199
183 198
186 198
190 198
194 198
198 198
201 198
205 198
208 198
212 198
215 198
219 198
222 198
225 197
228 197
230 197
232 197
234 197
236 197
237 197
238 197
239 197
240 197
240 196
241 195
241 194
241 193
241 192
241 191
241 190
241 189
241 188
241 186
241 185
241 183
242 181
242 179
242 177
242 175
243 173
243 171
243 168
243 165
243 163
244 160
244 157
244 155
244 152
244 149
244 147
244 144
244 141
244 138
244 136
243 133
243 130
243 127
243 125
242 122
242 119
242 117
242 114
241 112
241 110
241 107
241 105
241 103
241 101
240 100
240 98
240 97
240 96
240 95
240 94
240 93
241 93
241 94
242 94
243 95
244 96
245 97
247 98
248 99
249 100
251 102
252 103
254 105
256 107
257 109
259 110
261 112
263 114
265 116
267 118
268 121
270 123
272 125
274 128
276 130
278 133
281 136
283 138
285 141
287 144
290 146
292 149
294 152
297 154
299 157
302 160
304 162
307 165
309 167
312 169
314 172
317 174
319 176
322 178
324 179
326 181
328 183
329 184
331 185
332 187
334 188
335 188
336 189
337 190
337 191
338 191
339 191
339 192
340 192
341 192
341 191
341 190
341 189
341 188
341 187
341 185
342 184
342 182
342 180
342 178
342 176
342 174
343 172
343 169
343 167
343 164
343 161
343 159
343 156
343 153
343 150
343 147
343 145
343 142
343 139
343 136
344 133
344 131
344 128
344 126
344 123
344 121
344 118
344 116
345 114
345 112
345 110
345 108
345 107
345 105
345 104
345 102
346 101
346 100
346 99
346 98
346 97
347 97
347 98
348 99
349 100
349 101
350 102
351 103
352 104
353 106
354 107
355 109
356 111
357 112
358 114
360 116
361 118
362 120
363 122
364 124
366 127
367 129
368 132
369 134
370 137
372 139
373 142
374 144
375 147
377 149
378 152
379 155
381 157
382 159
384 162
385 164
387 167
388 169
390 171
391 173
393 175
394 177
395 179
397 181
398 183
399 184
400 186
401 188
402 189
403 190
403 191
404 192
405 193
405 194
406 194
406 195
406 194
406 193
406 192
406 190
406 189
406 188
406 186
406 184
407 182
407 180
407 178
407 176
407 174
408 172
408 169
408 167
409 164
409 162
409 159
410 157
410 154
410 152
411 149
411 147
411 144
411 141
412 139
412 136
412 134
413 132
413 129
413 127
413 125
414 122
414 120
414 118
414 116
415 114
415 113
415 111
415 109
416 108
416 106
416 105
416 104
416 102
416 101
416 100
416 99
417 98
417 97
418 98
418 99
419 99
419 100
420 101
421 103
421 104
422 105
423 107
423 108
424 110
425 112
426 113
427 115
428 117
428 119
429 121
430 123
431 125
432 127
433 129
434 131
435 134
436 136
437 138
438 141
439 143
440 145
441 148
442 150
443 152
444 155
446 157
447 160
448 162
449 164
451 166
452 169
453 171
454 173
455 174
456 176
457 178
458 179
459 181
460 182
460 183
461 185
462 186
462 187
463 187
464 187
465 187
466 187
467 187
468 186
470 186
471 186
473 186
475 186
476 186
479 186
481 185
484 185
487 185
490 185
493 185
496 185
499 185
503 185
506 185
510 185
513 185
517 185
520 185
524 185
527 185
530 185
533 185
536 185
538 186
541 186
543 186
545 186
547 186
549 186
551 187
552 187
553 187
554 187
555 187
556 187
556 188
556 189
555 189
555 190
555 191
555 192
555 193
555 194
555 196
554 197
554 199
554 201
553 203
553 205
553 208
552 210
552 213
552 216
551 218
551 221
551 224
551 227
551 230
550 233
550 236
550 239
549 241
549 244
549 246
548 249
548 251
548 253
548 255
547 256
547 258
547 259
547 260
546 261
546 262
546 263
545 263
544 263
543 262
542 262
541 262
539 262
538 262
536 262
534 262
531 262
529 262
526 262
523 262
520 262
517 262
513 262
510 262
506 262
502 262
498 262
493 262
489 262
484 262
479 262
474 262
469 262
464 262
458 262
452 262
447 262
441 262
434 262
428 262
422 262
415 262
408 262
401 263
394 263
387 263
380 263
373 264
365 264
358 264
350 264
343 264
335 264
327 264
319 265
311 265
303 265
295 265
287 265
279 266
272 266
264 266
256 266
249 267
242 267
235 267
229 267
222 267
216 267
210 266
205 266
199 266
194 266
190 266
185 266
181 265
177 265
174 265
171 265
168 265
165 265
162 265
160 264
157 264
155 264
153 264
151 264
150 264
148 264
147 264
146 264
145 264
144 264
143 264
142 264
142 263
142 262
142 261
142 260
142 259
142 258
142 256
142 254
142 252
142 250
142 247
143 245
143 242
143 239
143 237
144 234
144 231
144 228
145 225
145 222
145 220
146 218
146 215
146 213
146 211
147 210
147 208
147 207
147 206
147 205
147 204
147 203
148 203
149 203
149 202
150 202
150 202
