547
151 163
155 165
156 165
158 165
159 165
160 165
162 165
164 165
166 165
167 165
169 165
171 165
173 165
175 165
177 165
178 165
180 165
181 165
183 165
185 165
186 165
188 165
189 166
191 166
192 166
193 166
195 166
196 166
198 166
199 167
200 167
202 167
203 167
204 167
206 167
207 167
208 167
210 167
211 167
212 167
213 167
214 167
215 167
216 167
216 168
217 168
218 168
219 168
219 167
219 166
219 165
219 164
219 163
219 162
220 161
220 160
220 159
220 157
220 156
220 155
220 153
219 152
219 150
219 149
219 147
219 145
219 144
218 142
218 140
218 139
218 137
218 135
218 134
218 132
218 130
218 129
218 128
218 126
218 125
218 123
218 122
218 119
218 118
218 117
219 115
219 114
219 113
219 112
219 111
219 110
220 109
220 108
220 107
220 106
221 105
222 105
222 106
223 106
224 106
224 107
225 107
226 108
227 109
228 110
228 111
229 112
230 113
231 115
232 116
233 117
234 119
235 120
236 122
237 123
238 125
239 126
240 128
241 129
242 131
243 132
243 134
244 135
245 137
246 139
247 140
248 142
249 143
249 145
250 146
251 148
252 149
253 150
254 152
255 153
255 154
256 155
257 156
258 157
258 158
259 159
260 160
260 161
261 162
262 163
262 164
263 165
264 166
264 167
265 168
265 169
266 169
266 168
266 167
266 166
267 165
267 163
267 162
267 161
267 159
268 157
268 156
268 154
268 153
268 151
268 149
268 147
268 146
269 144
269 142
269 140
269 139
269 137
269 135
269 134
269 132
269 131
269 129
269 128
269 126
269 125
269 124
269 123
269 122
269 120
269 119
269 118
269 117
270 116
270 115
270 114
270 113
270 112
270 111
271 111
271 110
271 109
271 108
272 108
273 109
274 110
274 111
275 112
276 113
276 114
277 115
278 116
279 118
280 119
280 121
281 123
282 124
283 126
283 128
284 129
285 131
286 133
287 134
287 136
288 138
289 139
290 141
291 143
292 144
293 146
294 147
294 149
295 150
296 151
297 153
298 154
299 155
300 156
300 157
301 158
302 159
303 160
304 161
305 162
305 163
306 164
307 164
307 165
308 166
309 167
309 168
310 168
310 169
311 169
311 170
312 171
313 170
313 169
313 168
313 167
313 166
314 165
314 163
314 162
314 160
315 158
315 157
315 155
315 153
315 151
315 149
315 147
315 145
315 143
315 141
315 139
316 137
316 135
316 133
316 131
316 129
316 128
316 126
316 125
316 124
316 123
316 121
316 120
316 119
316 118
316 117
316 116
316 115
316 114
316 113
316 112
317 113
318 114
318 115
319 116
319 117
320 118
321 119
321 120
322 121
323 122
324 124
325 125
326 127
327 128
328 130
329 131
330 133
331 135
332 136
333 138
334 140
335 141
336 143
337 144
337 146
338 147
339 148
339 149
340 151
341 152
341 153
342 154
342 155
343 156
344 157
344 158
345 158
345 159
346 160
346 161
347 162
347 163
348 164
348 165
349 166
349 167
350 167
351 168
352 168
353 167
354 167
355 167
356 167
357 167
358 167
360 167
361 167
363 166
365 166
366 166
368 166
370 166
372 166
374 166
376 166
378 166
381 166
383 166
385 166
387 166
388 166
390 165
392 165
394 165
395 165
397 165
398 165
399 165
400 165
401 165
402 165
403 165
404 165
405 165
406 166
407 167
408 168
409 169
410 170
410 171
410 172
410 173
411 174
411 176
411 177
410 179
410 180
410 182
410 183
411 185
411 187
411 188
412 190
413 192
413 193
414 195
415 196
416 197
416 199
417 200
417 201
418 202
418 203
418 204
419 205
419 206
419 207
419 208
420 208
420 209
420 210
421 211
420 212
420 213
419 213
418 213
417 213
416 213
415 214
413 214
412 214
410 214
408 214
405 214
403 214
400 215
397 215
395 215
392 215
389 215
385 215
382 215
379 215
376 215
372 215
369 215
365 215
362 215
358 215
354 215
351 215
347 216
343 216
339 216
336 216
332 216
328 216
325 216
321 216
317 217
314 217
310 217
307 217
303 217
299 217
296 218
292 218
288 218
285 218
281 218
277 218
274 219
270 219
267 219
263 219
260 219
256 219
253 219
250 219
247 219
244 219
241 219
238 219
235 219
232 219
230 219
227 219
225 219
222 219
220 219
218 219
215 219
213 219
210 219
208 219
206 219
203 219
201 219
198 219
196 219
194 219
191 219
189 219
187 219
185 219
183 219
182 219
180 219
178 219
177 219
175 220
174 220
172 220
171 220
170 220
169 220
168 220
167 220
166 220
165 220
164 220
163 220
162 220
162 219
161 219
160 219
159 218
159 217
159 216
159 215
159 214
159 213
159 211
159 210
159 208
159 207
160 205
160 203
160 201
160 199
161 196
161 194
161 192
162 189
162 187
163 185
163 183
163 182
164 180
164 179
164 178
164 177
164 176
164 175
165 175
166 174
167 173
