430
168 193
172 192
176 191
179 191
183 191
185 190
190 190
194 189
197 189
202 189
205 189
210 188
213 188
216 188
219 188
222 188
225 187
228 187
231 187
234 187
237 187
240 187
243 186
246 186
249 186
252 186
255 186
259 186
262 186
265 186
268 186
270 185
270 182
271 178
271 174
271 171
270 168
270 164
270 160
270 156
269 154
269 151
269 147
268 142
268 138
268 135
267 133
267 128
267 123
266 119
266 116
266 112
266 109
266 106
266 103
266 100
268 101
270 102
272 105
274 106
276 109
278 111
280 113
281 115
283 117
285 119
287 122
289 124
292 127
294 129
297 132
299 135
301 138
304 141
306 144
309 147
311 150
314 153
316 156
319 158
321 161
324 164
326 166
329 169
331 172
334 174
336 177
338 180
341 182
343 185
345 187
347 189
349 191
351 193
353 195
355 197
357 199
359 201
361 203
363 205
365 206
366 203
366 200
367 197
367 194
368 192
369 188
370 184
371 182
372 177
373 175
374 170
375 168
376 165
377 163
378 160
378 157
379 155
380 152
381 149
382 146
383 141
384 138
385 135
386 130
387 128
388 125
389 123
390 118
391 116
392 113
393 111
394 108
395 105
396 102
397 99
398 97
400 95
402 96
404 97
406 99
408 102
410 104
412 106
414 109
415 111
417 113
418 115
419 117
420 119
422 121
423 124
424 126
426 129
427 131
429 134
430 136
432 138
433 141
435 143
437 146
438 149
440 151
441 154
443 157
444 159
445 162
447 164
448 167
449 169
450 171
451 174
452 176
453 178
454 180
455 182
457 185
458 188
459 190
460 192
461 194
461 191
462 189
463 187
464 185
465 182
466 180
467 178
468 175
469 173
470 171
471 168
473 166
474 163
475 161
476 158
478 155
479 152
480 149
481 146
483 143
484 140
485 137
486 134
488 131
489 128
490 125
491 123
492 120
493 117
494 114
495 112
496 110
497 107
498 105
499 101
500 99
501 97
502 94
503 92
504 90
505 88
507 86
510 86
512 88
513 90
515 93
517 96
519 99
520 101
521 103
522 105
523 107
524 110
525 112
526 115
527 118
528 120
529 123
529 126
530 129
531 132
532 135
533 137
534 140
535 143
536 146
537 149
538 152
539 155
540 158
541 163
542 166
543 171
544 176
544 180
545 182
546 185
546 188
547 190
548 193
549 196
551 197
554 197
558 197
561 197
565 197
569 197
573 197
576 198
580 198
583 198
588 198
593 198
596 199
601 199
604 199
606 200
609 200
614 201
618 201
622 201
624 202
627 202
630 202
632 203
635 203
636 205
636 208
636 212
636 215
635 219
635 223
634 228
633 233
633 238
632 241
632 246
631 248
630 252
630 255
629 257
628 260
627 263
626 265
626 268
625 270
622 270
618 270
615 271
610 271
606 272
603 272
600 272
595 272
592 272
589 272
586 272
583 272
580 273
577 273
574 273
571 273
568 273
564 273
561 273
558 273
555 273
551 272
548 272
544 272
540 272
536 272
532 272
528 272
524 272
519 272
515 272
510 272
505 272
501 273
496 273
491 273
486 273
480 273
475 273
470 273
464 273
459 273
453 273
448 273
442 273
436 273
430 273
424 273
418 273
411 273
405 273
399 273
393 273
387 273
381 273
375 273
369 273
363 273
357 273
351 273
345 273
339 273
333 273
328 273
322 273
316 273
311 273
305 273
300 273
295 272
289 272
284 272
279 272
274 272
269 272
264 272
259 272
253 272
248 272
244 272
239 272
234 272
229 272
225 272
220 272
216 272
212 272
208 272
204 272
200 272
197 272
194 272
191 272
188 272
185 272
181 272
177 272
175 271
172 271
170 269
170 266
170 262
170 259
171 257
171 254
171 249
172 247
172 242
173 240
174 235
174 230
175 227
175 222
176 220
176 217
177 215
178 211
179 207
179 204
180 202
180 198
181 196
181 193
