477
170 216
175 214
178 213
181 213
185 213
189 213
191 212
195 212
200 212
205 212
207 211
210 211
213 211
216 211
219 210
222 210
225 210
228 210
231 210
234 210
238 210
241 210
244 210
247 210
250 210
253 210
256 210
260 210
263 210
267 211
270 211
273 211
276 211
275 209
275 206
275 203
275 200
276 197
276 194
276 190
276 187
276 182
276 177
276 174
275 169
275 166
275 163
275 160
274 158
274 155
274 152
273 149
273 146
273 143
272 140
272 137
272 133
271 130
271 127
271 123
271 120
271 117
270 113
270 110
270 107
270 102
269 99
269 94
268 90
268 86
268 83
268 80
269 82
270 84
272 86
273 88
276 91
277 93
278 95
280 97
281 99
283 101
284 104
286 106
287 108
289 111
291 114
293 116
295 119
296 122
298 125
300 128
302 131
304 134
306 137
308 140
310 143
312 147
314 150
316 153
318 156
320 160
322 163
325 166
327 169
329 172
331 175
333 178
335 181
338 183
340 186
342 188
344 191
347 193
349 195
351 197
353 200
354 202
356 204
357 206
359 207
360 209
361 211
363 213
364 215
366 216
367 218
368 216
368 212
368 209
368 206
369 203
369 199
369 196
370 194
370 191
370 188
371 185
371 182
371 178
372 175
372 172
372 169
372 166
372 163
372 159
372 156
372 153
372 150
372 147
373 143
373 140
373 137
373 133
373 130
373 126
373 123
373 120
373 117
373 114
373 111
373 108
373 105
373 102
373 97
373 93
373 89
373 86
372 83
373 81
374 83
376 85
377 87
379 90
380 92
381 94
382 96
383 98
384 101
386 103
387 106
388 108
390 111
391 113
392 116
394 119
395 122
397 125
399 128
400 131
402 134
404 138
405 141
407 144
409 147
410 151
412 154
414 157
415 160
417 163
419 166
420 169
422 172
424 175
425 178
427 181
429 184
431 186
432 189
434 192
435 194
436 196
438 199
439 201
440 203
441 205
443 207
444 210
446 212
447 214
449 216
450 218
451 216
451 213
452 210
452 206
453 204
453 199
454 197
454 194
455 191
455 188
456 185
456 182
457 179
457 176
458 172
458 169
459 165
460 162
460 158
460 155
461 151
461 148
462 144
462 141
462 137
462 134
462 130
463 127
463 124
463 120
463 117
463 114
463 111
463 108
463 104
463 101
463 96
464 93
464 88
464 84
465 82
465 79
466 77
467 74
469 75
470 77
472 80
473 83
474 85
475 87
476 89
477 91
478 93
479 96
480 98
482 101
483 104
484 107
485 110
486 113
487 116
488 119
489 122
490 125
491 128
493 131
494 134
495 137
496 140
497 143
498 146
499 150
500 153
501 156
502 159
503 162
504 165
505 168
506 171
507 174
508 177
509 180
510 183
511 186
512 188
513 190
513 193
514 195
515 197
515 201
516 203
516 206
517 208
518 210
518 213
521 213
524 213
526 214
529 214
532 214
535 214
537 215
541 214
543 215
547 215
551 215
555 215
560 215
564 215
567 215
572 216
576 216
580 216
583 216
586 216
588 217
591 217
593 218
593 221
594 224
594 227
594 230
594 233
594 237
594 241
593 245
593 249
592 254
592 259
591 263
591 266
590 270
589 275
589 278
588 281
588 284
588 287
586 288
584 289
582 290
580 291
577 291
573 292
570 292
567 292
563 293
560 293
555 293
550 293
545 293
542 293
539 293
536 293
533 293
530 293
527 293
523 293
520 293
516 293
513 293
509 293
505 293
501 293
497 293
493 293
488 293
484 293
479 293
474 294
469 294
464 294
458 294
453 294
447 294
441 295
435 295
429 295
423 296
416 296
410 297
404 297
398 297
391 298
385 298
379 298
373 298
367 299
361 299
354 299
349 299
343 299
337 299
331 299
325 299
320 299
314 299
309 299
304 299
298 299
293 299
288 299
283 299
278 299
274 299
269 299
264 298
259 298
254 298
249 298
244 298
239 298
234 298
229 298
225 298
220 298
216 298
212 298
208 298
204 298
200 298
197 298
194 298
191 298
188 298
183 298
179 298
176 298
173 298
170 298
169 296
168 294
168 291
168 287
168 283
168 279
168 275
168 272
168 267
168 264
167 262
168 259
168 256
168 253
168 250
168 247
168 244
168 241
169 239
169 236
170 232
170 228
171 226
171 222
172 220
172 217
