475
135 143
135 141
136 141
138 141
140 141
141 141
143 141
146 141
148 141
151 140
153 141
156 141
159 141
162 140
165 140
169 140
172 140
175 140
178 140
181 140
184 140
187 140
190 139
192 139
195 139
197 138
199 138
201 138
203 138
205 138
206 138
207 138
208 138
209 138
210 138
211 138
211 137
211 136
211 135
211 134
211 133
211 132
212 130
212 128
213 127
213 124
214 122
215 120
216 117
216 115
217 112
218 109
219 106
220 103
221 100
222 97
223 95
224 92
225 89
226 86
227 84
227 81
228 79
229 77
229 75
230 73
230 71
230 69
231 68
231 66
231 65
232 64
232 63
232 62
233 61
233 60
233 59
234 60
235 61
235 62
236 63
236 64
236 65
237 67
238 68
238 70
239 72
239 74
240 76
241 78
241 81
242 83
243 86
243 88
244 91
245 94
245 97
246 100
247 102
248 105
248 108
249 111
250 114
251 116
252 119
253 121
254 123
255 126
255 128
256 130
257 131
257 133
258 134
259 135
259 136
259 137
260 138
260 139
261 139
261 138
261 137
261 136
262 136
262 135
263 135
263 134
264 133
265 132
266 131
267 129
268 127
269 126
271 124
272 122
274 120
275 117
277 115
279 113
280 110
282 107
283 105
285 102
286 99
287 97
289 94
290 92
291 89
293 87
294 85
295 83
296 80
297 78
298 76
299 75
300 73
301 71
301 70
302 69
302 68
303 67
303 66
304 66
304 67
304 68
304 69
305 70
305 71
305 72
306 74
306 75
306 77
307 78
308 80
308 82
309 85
310 87
310 90
311 93
312 96
313 99
314 102
315 105
316 108
317 111
318 114
319 117
320 120
321 122
322 125
323 127
324 129
325 131
326 133
326 135
327 136
327 137
328 138
328 139
329 140
329 141
330 141
330 140
331 139
331 138
332 137
333 135
333 134
334 132
335 131
336 129
337 126
338 124
339 121
340 119
341 116
342 113
343 110
345 107
346 104
347 101
349 98
350 95
351 92
352 89
354 87
355 84
356 81
357 79
358 77
359 75
360 73
360 71
361 69
362 68
362 67
362 66
363 65
362 65
362 66
362 67
363 68
363 69
363 70
363 71
363 72
363 73
363 75
363 76
363 78
364 80
364 83
364 85
364 88
364 90
364 93
364 96
365 99
365 103
365 106
365 109
365 112
365 115
366 118
366 120
366 123
366 125
367 128
367 129
367 131
367 133
368 134
368 135
368 136
368 137
369 138
369 139
370 140
371 140
372 140
373 140
374 140
374 139
375 139
376 139
377 139
378 139
380 139
381 139
383 139
384 139
386 139
388 138
390 138
392 138
394 138
396 138
398 138
400 138
403 138
405 138
407 138
409 138
411 138
413 138
415 138
417 138
418 138
420 138
421 138
422 138
423 138
424 139
425 139
426 139
427 139
428 139
429 139
429 140
429 141
430 141
430 142
430 143
430 144
430 146
430 147
430 148
430 150
430 151
430 153
430 155
430 157
430 159
430 161
430 163
430 165
430 167
430 169
430 172
430 174
430 176
430 178
430 180
430 182
429 184
429 185
429 187
429 188
429 190
429 191
429 192
429 193
429 194
429 195
428 195
427 195
426 194
425 194
424 194
423 194
421 194
420 194
418 194
416 194
414 194
411 194
409 194
406 194
403 194
400 194
396 195
393 195
389 195
386 195
382 195
378 196
374 196
369 196
365 196
360 196
356 197
351 197
346 197
342 197
337 197
332 198
327 198
322 198
317 198
312 198
307 198
302 198
297 198
292 198
287 199
281 199
276 199
271 199
266 199
261 199
256 199
251 199
247 199
242 199
237 199
233 199
228 199
224 199
219 199
215 199
211 199
207 199
203 199
199 199
195 199
192 199
188 199
185 199
182 199
179 199
176 199
173 199
170 199
167 199
165 199
162 199
160 199
158 199
156 199
154 199
152 199
151 199
149 199
148 199
147 198
146 198
145 198
144 198
143 198
142 198
141 198
140 197
139 197
139 196
139 195
139 194
138 193
138 192
138 191
138 189
138 188
138 186
138 184
138 182
137 179
137 177
137 174
137 172
136 169
136 167
136 164
136 162
135 159
135 157
135 155
135 152
135 150
135 149
135 147
135 145
135 144
134 143
134 142
134 141
134 140
134 141
