688
121 112
124 111
125 111
126 111
127 111
128 111
129 111
130 111
131 111
132 111
133 111
134 111
135 111
136 111
137 111
139 111
140 111
142 111
143 111
145 110
146 110
147 110
149 110
150 110
151 110
152 110
154 110
155 109
156 109
158 109
160 109
161 109
163 108
164 108
166 108
167 108
168 108
170 108
171 108
172 107
173 107
174 107
175 107
176 107
177 107
178 107
179 107
180 107
181 107
182 107
183 107
184 107
185 107
186 107
187 107
187 106
187 105
187 104
187 103
187 102
187 101
187 100
187 99
186 98
186 97
186 96
186 95
185 94
185 93
185 92
185 91
185 90
184 89
184 88
184 87
184 85
183 84
183 83
183 81
182 80
182 79
182 77
182 76
181 75
181 73
181 72
180 71
180 70
180 69
180 68
179 67
179 66
179 65
179 63
179 62
178 61
178 60
178 58
178 57
178 56
178 55
177 53
177 52
177 51
177 50
176 49
176 48
176 47
175 46
175 45
175 44
174 43
174 42
174 41
174 40
174 39
174 38
174 37
174 36
174 35
174 34
174 33
174 32
174 31
174 32
175 33
176 33
176 34
177 34
177 35
178 35
178 36
179 36
180 37
180 38
181 38
182 39
183 40
184 41
185 42
186 43
187 43
188 44
189 44
190 45
191 46
192 47
193 48
194 48
195 49
196 50
197 51
198 52
199 54
200 55
201 56
202 57
203 58
205 60
206 61
207 62
208 63
209 64
211 65
212 66
213 67
215 68
216 69
217 70
218 71
219 72
220 73
221 74
222 75
223 76
224 78
225 79
226 80
227 81
228 82
229 83
230 85
231 86
232 87
233 88
234 89
235 89
236 90
237 91
238 91
239 92
240 93
240 94
241 94
242 95
242 96
243 97
244 98
244 99
245 99
245 100
246 100
246 101
247 101
247 102
248 102
248 103
248 102
247 102
247 101
247 100
248 99
248 98
248 97
248 96
248 95
248 94
248 93
248 92
248 91
248 90
248 89
248 88
248 87
248 86
247 84
247 83
247 81
247 80
247 78
247 77
247 75
247 74
246 72
246 71
246 70
246 68
245 67
245 65
245 64
245 62
244 61
244 59
244 58
243 56
243 55
243 53
243 52
242 51
242 50
242 48
242 47
242 46
242 45
242 44
242 43
242 42
242 41
241 41
241 40
241 39
241 38
242 38
242 39
242 40
243 40
243 41
244 41
244 42
245 42
245 43
246 43
247 44
248 45
249 45
249 46
250 47
251 47
252 48
253 49
254 50
255 50
256 51
258 52
259 53
260 54
261 55
262 56
263 57
264 58
265 59
266 61
267 62
267 63
268 64
269 65
270 66
271 67
272 68
273 69
274 70
275 70
276 71
277 72
278 73
279 74
280 75
282 76
283 77
284 78
284 79
285 80
286 81
287 82
288 83
288 84
289 85
290 86
291 87
292 88
293 88
293 89
294 90
295 90
296 91
296 92
297 92
298 93
299 93
299 94
300 95
301 95
302 96
303 97
304 97
304 98
305 98
305 99
306 99
306 100
306 99
306 100
306 99
306 98
306 97
306 96
306 95
306 94
306 93
306 92
306 91
306 90
306 89
306 88
306 87
306 86
306 85
306 83
305 82
305 80
305 79
305 77
305 76
304 74
304 73
304 71
304 70
303 69
303 67
303 66
303 64
303 63
303 61
302 60
302 58
302 57
302 55
301 53
301 52
301 51
301 49
301 48
300 47
300 46
300 45
300 43
300 42
300 41
300 40
299 39
299 38
299 37
299 36
299 35
299 34
299 33
299 32
299 31
299 30
299 29
299 28
299 29
300 29
300 30
301 30
301 31
302 31
302 32
303 32
303 33
304 34
304 35
305 35
305 36
306 37
307 38
308 39
308 40
309 40
309 41
310 42
310 43
311 43
312 44
313 45
313 46
314 47
315 47
316 48
317 49
318 50
319 51
320 52
321 53
322 55
323 56
324 57
325 59
326 60
327 61
328 62
329 64
330 65
330 66
331 66
332 67
333 68
334 69
335 70
336 71
337 72
338 74
339 75
340 76
341 77
341 78
342 79
343 80
344 82
345 83
346 84
347 85
348 86
349 87
350 88
351 89
352 90
352 91
353 91
354 91
355 91
356 90
357 90
358 90
359 90
360 90
361 90
362 90
363 90
364 90
365 90
366 90
367 90
368 90
369 90
370 90
371 90
372 90
373 90
374 90
375 90
376 90
377 90
378 90
379 89
380 89
381 89
382 89
384 89
385 89
386 89
387 89
388 88
389 88
390 88
391 88
392 88
393 88
393 89
393 90
393 91
393 92
394 93
394 94
394 95
394 96
395 97
395 98
395 100
395 101
395 102
395 103
396 105
396 106
396 108
396 109
396 110
396 112
396 113
396 114
396 115
397 117
397 118
397 119
397 121
397 122
397 124
398 125
398 127
398 128
398 129
399 131
399 132
399 133
399 134
399 135
400 136
400 137
400 138
400 139
399 139
398 139
397 139
396 139
395 140
394 140
393 140
391 140
389 140
387 141
385 141
383 141
381 141
379 142
377 142
375 142
372 143
370 143
368 143
365 143
362 144
360 144
357 144
354 145
351 145
348 145
346 145
343 146
340 146
337 146
334 146
331 147
328 147
324 147
321 148
318 148
314 148
310 149
306 149
303 150
299 150
295 151
291 151
287 152
283 152
279 153
274 153
270 154
266 154
262 155
257 155
253 156
249 156
245 157
241 157
237 158
233 158
229 158
225 159
221 159
217 160
213 160
209 160
206 161
202 161
198 162
194 162
191 162
188 163
185 163
182 163
179 163
177 163
175 163
173 163
171 163
169 163
168 163
166 163
165 163
164 163
163 163
162 163
161 163
160 163
159 163
158 163
157 163
156 163
156 164
155 164
154 164
153 164
153 163
153 164
153 163
152 164
152 163
151 163
151 162
151 161
151 160
151 159
151 158
151 157
151 156
151 155
151 154
151 153
151 152
151 150
151 149
151 147
151 146
151 145
151 143
151 142
151 141
151 140
151 139
151 137
151 136
151 135
151 134
151 133
151 132
151 131
151 130
151 129
151 128
151 127
151 126
151 125
151 124
151 123
150 123
150 124
150 123
