458
160 196
164 194
167 194
170 194
172 193
176 193
179 193
184 192
187 192
190 192
196 192
199 192
202 192
205 192
208 192
211 192
215 192
218 192
221 192
225 192
228 192
231 192
234 192
239 192
242 192
246 192
250 192
253 192
256 191
257 189
258 187
259 185
259 182
260 179
261 175
261 171
262 167
262 164
262 160
263 157
263 152
263 147
263 144
263 139
262 137
262 134
262 129
262 124
262 120
261 116
261 113
261 109
261 106
263 105
265 106
267 107
269 108
272 110
274 112
277 115
280 117
282 120
284 122
286 125
289 127
291 130
294 133
297 136
299 139
302 142
305 145
308 148
311 151
314 155
316 158
319 162
322 166
325 169
328 173
331 176
334 180
337 183
340 187
343 190
346 193
349 196
352 200
355 203
358 206
362 209
365 212
367 215
370 218
373 221
375 223
377 225
380 228
382 230
385 233
387 234
388 236
390 238
392 239
394 240
396 238
397 234
397 231
398 229
399 226
400 222
401 217
402 213
402 210
402 207
403 204
403 201
404 199
404 196
404 193
405 191
405 188
405 185
406 183
406 180
407 177
407 174
408 171
408 168
409 165
409 162
409 159
410 156
410 153
411 150
411 147
412 144
412 141
413 139
413 136
414 134
414 131
415 127
415 123
415 119
416 117
416 114
417 112
418 109
420 110
421 112
423 113
425 115
428 118
429 120
431 122
433 124
434 126
436 128
438 131
440 133
441 136
443 138
445 141
447 143
449 146
450 149
452 152
454 155
456 158
458 161
459 164
461 167
463 170
465 173
467 176
469 179
470 183
472 185
474 188
475 191
477 194
479 197
480 200
482 203
484 206
485 208
487 211
488 213
490 216
491 218
492 220
494 222
495 225
496 227
497 229
499 232
500 234
502 236
503 238
505 239
506 237
506 233
507 231
507 227
508 224
509 222
510 219
511 216
512 212
513 209
514 205
514 202
515 199
516 197
516 194
517 192
517 189
517 186
518 184
519 182
520 180
521 177
522 175
523 172
524 170
524 167
525 165
525 162
526 160
526 157
527 155
528 151
528 148
529 145
529 142
530 138
530 135
531 132
531 129
532 127
532 124
533 122
533 119
534 117
536 118
537 120
538 122
539 124
540 127
541 129
542 132
543 134
544 137
545 139
546 141
547 144
548 147
549 150
550 153
551 157
552 160
552 163
553 165
553 168
554 171
555 174
556 176
556 179
557 181
557 184
558 186
558 189
559 191
562 191
564 192
568 192
571 192
574 192
578 192
582 192
587 192
591 192
594 193
599 193
604 193
609 194
614 194
618 194
620 195
623 195
626 195
628 196
631 196
634 196
637 197
639 198
639 201
639 204
639 207
639 210
638 212
638 215
637 219
637 223
636 228
636 232
635 235
635 240
634 243
633 248
633 251
632 254
632 257
631 260
631 265
630 267
630 270
630 274
629 276
629 280
629 283
628 285
628 288
627 290
626 292
624 293
622 294
619 294
616 294
613 294
611 295
607 295
603 296
598 296
593 296
588 297
585 297
580 297
577 297
574 297
571 297
568 297
564 297
561 297
557 298
554 298
551 298
547 298
544 298
540 298
536 298
532 298
528 298
524 299
520 299
516 299
511 299
507 299
502 299
498 299
493 299
488 299
483 300
479 300
474 300
469 300
463 300
458 300
453 300
448 300
443 301
437 301
432 301
427 301
421 301
416 301
410 301
405 301
399 301
393 301
388 301
382 301
377 301
371 301
365 301
360 301
354 301
348 301
343 301
337 302
331 302
325 302
320 302
314 302
308 302
303 302
297 302
292 302
287 302
281 302
276 302
271 302
266 301
261 301
256 301
251 301
246 301
242 301
237 301
233 301
229 301
225 300
221 300
218 300
214 300
211 300
208 300
205 299
202 299
199 299
195 299
191 298
187 298
184 298
181 298
178 298
175 298
174 296
173 294
173 290
173 287
174 284
174 281
175 277
175 274
175 270
176 267
176 262
176 257
177 255
177 252
177 247
178 243
178 240
178 235
179 233
179 228
180 223
181 219
181 215
182 213
183 209
184 207
184 204
185 202
186 200
187 197
189 195
