512
157 184
162 183
164 183
165 183
167 183
169 183
171 183
174 183
176 183
179 182
181 182
184 182
187 182
190 182
193 182
196 182
199 182
202 182
205 181
209 181
212 181
215 181
219 181
222 181
225 181
228 180
231 180
234 180
237 180
239 180
241 180
243 180
245 180
246 180
247 180
248 180
249 180
250 180
250 179
251 179
251 178
251 177
251 176
252 175
252 174
252 173
253 172
253 171
253 169
254 168
254 166
255 164
255 162
256 160
256 158
256 155
257 153
257 151
257 148
257 146
257 144
257 141
256 139
256 136
256 133
256 131
256 128
256 126
256 123
256 121
255 118
255 116
255 114
255 112
255 109
255 108
255 106
254 104
254 102
254 101
254 100
254 99
254 98
254 97
254 96
254 95
255 96
256 96
256 97
257 98
258 99
258 100
259 101
260 102
262 104
263 105
264 107
265 109
266 110
268 112
269 114
270 116
271 118
273 120
274 122
275 124
277 126
278 128
279 131
281 133
282 136
284 138
285 141
287 143
288 145
290 148
291 150
293 153
295 155
296 157
298 160
299 162
301 164
302 166
304 168
305 169
306 171
307 172
308 174
309 175
310 176
311 176
312 177
312 178
313 178
313 179
314 179
314 178
314 177
314 176
313 175
313 174
313 173
313 171
313 170
313 169
313 167
314 165
314 163
314 161
314 159
314 157
314 155
314 153
314 150
314 148
314 146
314 144
314 142
314 139
314 137
314 135
314 133
314 131
314 129
314 127
314 125
314 123
314 121
314 119
314 117
313 115
313 114
313 112
313 111
313 109
313 108
313 107
313 106
313 105
313 104
313 103
313 102
313 101
314 101
314 102
315 102
315 103
316 104
317 105
317 106
318 107
319 108
320 109
321 111
322 112
323 114
324 115
325 117
326 118
327 120
329 122
330 124
331 126
333 128
334 130
335 132
337 134
339 136
340 138
342 140
343 142
345 144
347 146
349 148
350 150
352 152
354 154
356 156
358 158
359 159
361 161
363 163
365 164
366 166
368 167
369 168
370 169
371 170
372 171
373 171
373 172
374 172
374 173
375 173
375 172
375 171
375 170
375 169
375 168
375 167
375 166
375 164
375 163
375 162
375 160
375 159
375 157
375 155
375 153
375 151
375 149
375 147
375 145
375 143
375 141
375 139
374 137
374 134
374 132
374 130
374 128
374 125
374 123
374 121
374 119
374 117
374 115
374 113
374 111
374 109
374 107
374 106
374 104
374 103
374 102
374 101
374 100
374 99
374 98
375 98
375 99
376 99
377 100
378 101
379 102
380 103
381 103
382 105
383 106
384 107
385 108
387 109
388 111
390 112
391 114
392 116
394 117
395 119
397 121
398 123
399 125
401 127
402 129
403 131
404 134
405 136
406 138
407 141
408 143
409 145
410 147
410 150
411 152
412 154
413 155
414 157
415 159
415 160
416 162
416 163
417 164
417 165
418 166
418 167
419 168
420 168
421 168
422 168
423 168
424 168
425 168
426 168
428 168
429 168
431 168
433 168
435 167
437 167
440 167
443 167
445 167
448 167
451 167
454 167
457 166
460 166
463 166
466 166
469 166
472 166
475 166
477 166
480 166
482 166
484 166
486 166
488 167
489 167
491 167
492 167
493 167
493 168
493 169
493 170
493 171
493 172
493 173
493 175
493 176
493 178
493 180
493 182
493 184
492 186
492 189
492 191
492 194
492 196
492 199
491 201
491 204
491 207
491 209
491 212
491 214
491 216
491 219
491 221
491 223
491 224
491 226
490 227
490 229
490 230
490 231
490 232
490 233
489 234
489 235
489 236
488 237
487 237
486 237
485 237
484 237
482 237
481 237
479 237
477 237
475 237
472 237
470 237
467 238
464 238
461 238
458 238
455 238
451 238
447 238
443 238
439 238
435 238
430 238
425 238
420 238
415 238
410 238
405 238
400 238
394 238
388 238
382 238
376 238
370 238
363 238
357 238
350 238
344 238
337 238
330 238
323 238
316 238
309 238
302 239
295 239
288 240
281 240
274 240
268 241
261 241
255 241
249 242
243 242
238 242
232 242
227 242
222 242
217 242
213 242
209 242
205 242
201 242
198 242
195 242
192 242
190 242
188 242
186 242
185 242
184 241
182 241
181 241
180 241
179 241
179 240
179 239
178 239
178 238
178 237
178 236
177 235
177 234
177 232
177 231
177 229
176 227
176 225
176 222
176 220
176 217
176 215
176 212
176 210
176 207
176 205
176 203
177 201
177 199
177 197
177 195
177 194
177 192
177 191
177 190
177 189
177 188
177 187
177 186
178 186
179 186
179 186
