443
151 202
155 201
157 200
160 200
163 200
167 200
171 200
175 200
179 199
183 199
187 199
190 199
192 198
195 198
200 197
203 197
206 197
209 196
212 196
215 195
218 195
221 195
225 195
228 194
231 194
234 194
237 194
240 194
244 193
247 193
250 193
253 193
253 190
254 188
254 185
254 182
254 179
254 175
253 173
253 169
252 165
252 160
251 158
251 153
250 151
250 148
249 146
249 143
248 138
248 134
247 131
247 127
246 125
246 121
245 118
245 115
245 112
247 113
249 115
251 117
253 118
254 120
256 121
257 123
259 125
261 127
263 129
265 132
267 134
269 136
272 138
274 141
277 143
279 146
282 148
285 150
287 153
290 156
293 158
296 161
298 163
301 166
304 169
307 171
310 174
313 176
316 179
318 182
321 184
324 186
327 189
329 191
332 193
335 195
337 198
340 200
343 202
345 204
348 206
350 208
352 210
354 212
357 214
359 215
361 217
363 218
364 220
366 221
368 222
370 223
373 225
375 226
377 227
379 228
381 227
381 224
381 221
382 218
382 215
382 212
383 208
383 204
384 200
384 196
384 192
384 188
383 185
383 181
383 177
383 174
383 170
383 166
383 163
383 159
383 156
383 151
383 148
383 143
383 139
384 136
384 131
384 127
385 125
385 122
385 118
386 115
386 112
387 109
387 106
389 107
391 109
393 111
395 113
397 116
399 119
401 121
402 123
404 125
405 127
407 129
409 131
411 133
412 135
414 137
416 139
418 141
419 144
421 146
423 148
425 151
427 153
429 155
432 158
434 160
436 162
438 165
441 167
443 169
445 171
448 174
450 176
452 178
454 181
457 183
459 185
461 187
463 190
466 192
468 194
470 196
472 198
474 200
476 202
479 204
481 206
483 208
485 210
487 212
489 213
491 215
494 217
495 219
497 220
499 221
501 222
503 224
505 225
507 224
508 222
509 219
509 216
510 214
510 210
511 207
512 203
513 200
513 196
514 194
514 190
514 187
514 184
514 181
515 179
515 176
515 172
515 168
515 165
515 161
515 156
515 152
516 150
516 147
516 143
515 141
515 137
515 133
515 129
515 125
515 122
515 118
515 115
515 111
516 109
516 106
516 103
518 105
519 107
520 109
521 111
523 114
524 116
526 118
527 120
528 123
530 126
532 129
534 132
536 135
538 138
539 140
541 143
542 145
543 147
544 149
546 152
547 154
548 156
549 158
550 161
551 163
553 166
554 168
556 171
557 174
558 176
560 179
562 181
563 184
565 186
567 188
568 190
569 192
571 194
573 195
576 195
578 196
581 196
584 196
587 196
591 196
595 196
599 196
601 197
605 197
607 198
611 198
614 198
618 198
623 198
626 198
629 198
631 199
634 199
636 201
636 204
637 207
637 210
637 213
638 215
638 219
638 224
639 226
639 231
639 235
640 237
640 240
640 244
640 249
639 254
639 257
639 262
638 264
638 268
637 270
637 273
636 275
636 278
633 278
630 278
627 278
623 278
618 278
613 279
610 279
605 279
602 279
599 279
596 279
592 280
589 280
586 280
582 280
579 280
576 280
572 280
568 281
565 281
561 281
557 281
553 281
548 281
544 282
539 282
535 282
530 283
525 283
520 283
515 284
510 284
505 285
499 285
494 286
488 286
482 287
477 287
470 288
464 288
458 289
452 289
446 289
439 290
433 290
426 290
420 290
413 291
407 291
400 291
393 291
387 292
380 292
374 292
367 292
360 292
354 292
347 292
340 292
334 292
327 292
321 292
315 292
308 292
302 292
296 292
290 292
284 292
278 292
272 292
266 292
260 292
254 292
248 292
242 292
237 292
231 292
226 292
221 291
216 291
212 291
207 291
203 290
200 290
196 290
193 290
190 290
187 290
182 290
179 289
176 289
174 288
172 287
171 285
171 282
170 278
170 274
170 270
170 265
170 260
170 257
170 252
170 249
170 246
170 241
170 238
169 233
169 230
169 227
169 224
168 219
168 215
168 212
168 209
168 206
168 203
