547
166 180
170 181
172 182
174 181
175 181
177 181
179 181
181 181
183 181
185 181
187 182
190 182
192 182
195 182
197 182
200 182
202 182
204 183
206 183
208 183
210 183
212 183
214 184
215 184
217 184
218 184
219 184
220 185
221 185
222 185
223 185
224 185
225 184
225 183
225 182
225 181
225 180
225 179
225 178
225 177
225 176
225 175
225 174
225 172
225 171
225 169
225 167
225 166
225 164
224 162
224 160
224 159
224 157
224 156
224 154
223 153
223 151
223 150
223 148
223 146
223 145
223 143
223 142
223 140
223 139
223 138
223 136
223 135
223 134
223 133
223 132
223 131
223 130
223 129
223 128
223 127
223 126
223 125
223 124
224 124
225 124
226 125
227 125
227 126
228 126
229 127
229 128
230 128
231 129
232 130
233 131
234 132
235 133
236 134
237 135
238 137
239 138
240 139
241 141
242 142
243 143
244 145
245 146
246 148
247 149
248 151
249 152
250 154
251 155
252 157
253 158
254 160
254 161
255 163
256 165
257 166
258 168
259 169
260 170
261 172
261 173
262 174
263 175
263 176
264 177
264 178
265 179
265 180
266 180
266 181
267 182
268 183
269 184
270 185
271 185
271 184
272 183
272 182
273 181
273 179
273 178
274 176
274 175
274 173
274 171
274 168
275 166
275 164
275 162
275 160
275 159
276 157
276 155
276 153
276 151
276 150
277 148
277 146
277 145
277 143
277 142
277 140
277 139
277 137
277 136
277 134
278 133
278 131
278 130
278 129
278 128
278 127
278 126
278 125
278 124
278 123
278 122
278 121
278 120
279 120
279 121
280 121
281 122
282 123
283 124
283 125
284 126
285 126
286 128
287 129
288 130
288 131
289 132
290 134
291 135
292 136
293 138
294 140
295 141
296 143
297 144
298 146
300 147
301 149
302 151
303 152
304 154
305 155
306 157
307 158
308 160
309 161
310 163
311 164
312 165
314 167
315 168
316 169
317 171
318 172
319 173
320 174
321 175
322 176
323 177
324 178
325 179
326 180
327 180
328 181
328 182
329 182
330 183
331 184
332 184
332 185
333 185
334 186
335 186
335 185
335 184
336 183
336 182
336 181
336 180
336 179
336 178
336 176
336 174
336 173
337 171
337 169
337 167
337 165
337 163
337 161
337 159
337 157
338 155
338 153
338 151
338 149
338 147
338 145
338 143
338 141
338 139
338 138
339 136
339 134
339 133
340 131
340 130
340 129
340 128
340 127
341 126
341 125
341 124
342 124
343 125
344 126
344 127
345 128
345 129
346 130
346 131
347 132
347 134
348 135
349 136
349 138
350 139
351 141
352 142
353 143
354 145
355 146
356 148
356 149
357 151
358 152
358 153
359 155
359 156
360 158
361 160
361 161
362 163
362 164
363 166
363 167
364 169
364 170
365 171
366 172
366 173
367 174
367 175
368 176
369 176
369 177
369 178
370 178
370 179
371 179
371 180
372 181
373 181
373 182
374 182
375 183
376 183
377 183
378 182
379 182
380 182
381 182
382 182
384 182
385 182
387 182
388 182
390 181
392 181
394 181
396 181
398 181
400 181
402 181
404 180
406 180
408 180
410 180
412 180
414 180
416 180
418 180
420 180
421 180
423 180
425 180
426 180
428 180
429 180
431 180
432 181
433 181
434 181
435 181
436 182
437 182
438 183
439 183
440 184
440 185
441 186
441 187
441 188
441 189
441 190
442 192
442 193
442 194
442 196
442 197
442 198
443 200
443 201
443 203
443 205
443 207
443 209
443 211
443 213
443 215
443 217
443 219
443 221
443 223
443 225
443 226
442 228
442 229
442 230
442 231
441 232
441 233
441 234
440 234
440 235
440 236
439 237
438 237
438 238
437 238
436 238
435 238
434 238
433 238
432 238
431 238
429 238
427 238
425 238
423 238
421 238
419 238
416 238
414 238
411 238
408 238
405 238
401 238
398 238
395 238
392 238
388 238
385 238
381 238
378 238
374 238
370 238
366 238
362 238
358 238
355 238
351 238
347 238
343 238
339 238
335 238
331 238
328 238
324 238
320 238
315 238
311 238
307 238
303 238
299 238
296 238
292 238
288 237
284 237
281 237
277 237
274 237
270 237
266 237
263 237
259 237
255 238
251 238
248 238
244 238
241 238
238 238
235 238
232 238
229 238
227 238
224 238
221 238
219 238
216 238
213 238
211 238
209 239
206 239
204 239
202 239
200 239
198 239
196 239
194 239
192 240
191 240
189 240
188 240
187 240
186 240
185 240
184 239
183 239
182 239
181 239
180 239
179 239
178 239
177 238
176 238
175 238
174 238
173 237
172 237
172 236
172 235
171 234
171 233
171 232
171 231
171 229
171 228
171 226
171 224
171 222
171 220
171 217
172 215
172 212
172 210
172 208
173 206
173 203
173 201
173 199
173 198
173 196
174 194
174 193
174 191
174 190
174 189
174 188
174 187
175 186
