708
131 194
133 193
134 193
135 193
136 193
137 193
139 193
140 192
141 192
143 192
144 192
146 192
147 192
148 192
150 192
151 192
153 192
154 192
155 192
156 192
157 192
158 192
159 192
160 192
161 192
162 192
163 192
164 192
165 192
166 192
167 192
168 192
169 192
170 192
171 192
172 192
173 192
174 192
175 192
176 192
177 192
178 192
179 192
180 192
181 192
182 191
183 191
184 191
185 191
186 191
187 191
187 192
188 192
189 191
190 191
190 192
191 192
192 192
193 192
193 191
193 190
193 189
193 188
193 187
193 186
193 185
193 184
193 183
193 182
193 181
193 179
193 178
193 177
193 176
193 175
193 173
193 172
193 171
193 170
193 169
193 168
193 167
193 166
192 165
192 164
192 163
192 162
192 161
192 159
192 158
192 157
192 156
192 155
192 154
192 153
192 152
192 151
192 150
193 149
193 148
193 147
193 146
193 145
193 144
193 143
193 142
193 141
193 140
194 139
194 138
194 137
194 136
194 135
195 134
195 135
196 136
197 137
198 137
198 138
199 139
200 140
200 141
201 142
202 143
203 144
203 145
204 146
205 147
206 148
207 149
207 150
208 150
209 151
210 152
211 153
212 154
212 155
213 156
214 157
214 158
215 159
216 160
217 161
217 162
218 163
219 164
219 165
220 166
221 166
221 167
222 168
223 169
223 170
224 171
225 172
225 173
226 173
227 174
227 175
228 176
229 177
230 178
230 179
231 180
232 180
232 181
233 182
234 183
234 184
235 185
235 186
236 187
237 188
237 189
238 190
239 191
240 192
240 191
240 190
240 189
240 188
240 187
240 186
240 185
240 184
240 183
240 182
240 180
240 179
240 178
240 177
240 176
240 175
240 174
240 173
240 172
240 171
240 170
239 169
239 168
239 167
239 166
239 165
239 164
239 163
239 162
239 161
239 160
238 159
238 158
238 157
238 156
239 155
239 154
239 153
239 152
238 152
238 151
238 150
238 149
238 148
238 147
238 146
238 145
238 144
238 143
238 142
238 141
238 140
238 139
239 139
239 138
239 137
240 137
240 138
241 138
241 139
242 139
243 140
244 141
245 142
246 143
247 144
248 145
249 146
250 147
251 148
251 149
252 150
253 151
254 152
255 153
256 154
256 155
257 156
258 157
259 158
259 159
260 159
261 160
261 161
262 162
263 163
264 164
264 165
265 166
266 167
266 168
267 169
268 170
269 171
269 172
270 172
271 173
272 174
273 175
274 176
275 176
276 177
276 178
277 178
278 179
279 180
280 180
280 181
281 182
282 182
283 183
284 184
284 185
285 185
285 186
286 186
286 187
287 188
288 188
288 189
289 189
289 190
290 190
291 191
291 192
292 192
292 191
292 190
292 189
292 188
292 187
292 186
292 185
293 184
293 183
293 182
293 180
293 179
293 178
293 176
293 175
293 174
293 173
293 172
292 171
292 170
292 169
292 168
292 167
292 166
291 165
291 164
291 163
291 162
290 161
290 160
290 159
290 158
290 157
290 156
290 155
290 154
290 153
290 152
289 152
289 151
289 150
289 149
289 148
289 147
289 146
289 145
288 145
288 144
288 143
288 142
288 141
288 140
288 139
289 139
289 140
290 140
291 140
291 141
292 141
293 142
294 142
295 143
296 143
297 144
298 144
299 145
300 146
301 146
302 147
303 148
304 149
305 150
306 150
307 151
307 152
308 153
309 153
309 154
310 155
311 156
312 157
312 158
313 158
314 159
315 160
315 161
316 162
317 162
317 163
318 164
319 165
319 166
320 166
321 167
321 168
322 168
323 169
323 170
324 171
325 171
325 172
326 173
326 174
327 174
328 175
328 176
329 176
330 177
330 178
331 178
332 179
333 180
333 181
334 181
335 182
335 183
336 183
336 184
337 184
337 185
338 186
338 187
339 187
340 187
341 187
342 187
343 187
344 187
345 187
346 187
347 187
348 187
349 187
350 187
351 187
353 187
354 187
355 187
356 187
357 187
358 187
359 187
360 187
361 187
362 187
363 187
364 187
365 187
366 187
367 187
368 187
369 187
370 187
371 187
372 187
372 186
373 186
374 186
375 186
376 186
377 186
378 186
379 186
380 186
381 186
382 186
383 186
384 186
385 186
386 186
387 186
388 186
389 187
389 188
389 189
389 190
389 191
389 192
389 193
389 194
389 195
389 196
389 197
389 198
389 199
389 200
389 201
389 202
389 203
389 204
389 205
389 206
389 207
389 208
389 209
389 210
389 211
389 212
389 213
389 214
389 215
389 216
389 217
389 218
389 219
389 220
390 220
390 221
390 222
389 223
389 224
389 225
389 226
388 227
388 228
388 229
387 230
387 231
386 231
385 231
384 232
383 232
381 232
380 232
379 232
378 232
376 232
375 232
373 232
371 232
369 232
367 232
366 232
364 232
361 232
359 232
357 232
355 232
353 232
350 232
348 232
346 232
344 232
342 232
340 232
338 232
336 232
334 233
332 233
329 233
327 233
325 233
323 233
321 233
319 233
317 233
316 233
314 234
312 234
310 234
308 234
307 234
305 234
303 234
301 234
298 234
296 234
294 234
292 234
289 235
287 235
285 235
283 235
280 235
278 235
276 235
273 235
271 235
269 236
266 236
264 236
262 236
260 236
258 237
256 237
254 237
252 237
250 237
249 237
247 237
245 237
244 237
242 238
240 238
239 238
237 238
236 238
234 238
233 238
231 238
230 238
228 238
227 238
225 238
224 238
222 239
220 239
218 239
216 239
215 239
213 239
211 239
209 239
207 240
205 240
203 240
201 240
200 240
198 240
196 240
194 240
192 240
190 240
188 241
186 241
185 241
183 241
181 241
180 241
178 241
176 241
175 240
173 240
172 240
170 240
169 240
167 240
166 240
164 240
163 240
161 240
160 240
159 240
158 240
157 240
156 240
155 239
153 239
152 239
151 239
150 239
149 239
148 239
147 239
146 239
145 239
143 239
142 239
141 238
140 238
139 238
138 238
137 238
136 238
135 238
135 237
134 237
133 237
133 236
132 235
132 234
132 233
132 232
132 231
132 230
132 229
132 228
132 227
132 225
132 224
132 223
131 221
131 220
131 219
131 218
131 216
131 215
131 214
131 213
131 212
131 210
131 209
131 208
131 207
131 206
131 205
131 204
131 203
131 202
131 201
131 200
131 199
130 199
130 198
131 197
