639
106 79
111 79
112 79
114 78
115 78
117 78
118 78
120 78
122 78
123 78
125 78
127 78
128 78
130 78
132 78
134 78
135 78
137 77
139 77
141 77
143 77
145 77
147 77
149 77
151 77
152 77
154 77
156 77
158 77
160 77
162 77
163 77
165 77
167 77
169 77
170 77
172 77
173 77
175 77
176 77
177 77
178 77
179 77
181 77
182 77
183 77
184 77
184 76
183 75
183 74
183 73
183 72
183 71
183 70
183 69
183 68
183 67
183 66
183 65
183 64
183 63
182 62
182 61
182 60
182 58
182 57
182 56
182 54
182 53
181 52
181 51
181 49
181 48
181 47
181 46
181 45
180 44
180 43
180 41
180 40
180 39
180 37
180 36
179 34
179 33
179 31
179 30
179 29
179 28
179 26
178 25
178 24
178 23
178 22
178 21
178 20
177 20
177 19
177 18
177 17
177 16
177 15
177 14
176 14
176 15
177 15
177 16
178 16
178 17
179 17
179 18
180 18
181 19
182 19
183 20
185 21
186 21
187 22
188 23
190 23
191 24
192 25
193 26
195 27
196 28
197 29
199 30
200 31
201 32
202 33
204 34
205 36
207 37
208 38
210 39
211 41
213 42
214 43
215 44
217 45
218 46
219 47
220 48
222 49
223 50
224 51
225 52
226 53
227 55
229 56
230 57
231 58
233 59
234 60
235 62
236 63
238 64
239 64
239 65
240 66
241 67
242 67
242 68
243 68
243 69
244 69
245 70
246 71
246 72
247 72
248 73
249 73
249 74
249 73
249 72
249 71
249 70
249 69
249 68
249 67
249 66
249 65
249 64
249 63
249 62
249 61
249 59
249 58
249 56
249 55
249 53
249 52
249 51
249 49
248 48
248 47
248 45
248 44
248 43
248 42
247 40
247 39
247 37
247 36
247 34
246 33
246 32
246 30
246 29
246 28
246 27
246 26
246 25
245 24
245 23
245 22
245 21
245 20
246 21
247 22
248 22
248 23
249 23
250 24
251 25
252 25
253 26
254 27
255 27
256 28
257 28
258 29
259 30
260 31
261 32
261 33
262 34
263 35
264 36
265 37
266 38
268 40
269 41
270 42
271 43
272 43
274 44
275 45
276 46
278 47
279 48
280 49
282 51
283 52
284 53
285 54
287 56
288 57
289 58
290 59
291 60
292 62
293 63
294 64
295 65
296 65
297 66
298 67
299 67
300 68
301 68
302 69
303 69
303 70
304 70
304 71
305 71
305 72
306 72
306 73
306 72
306 71
306 70
306 69
306 68
306 67
306 66
306 65
307 64
307 63
307 62
307 61
307 60
307 58
307 57
307 56
307 54
307 53
307 52
307 50
307 49
307 48
307 47
307 46
307 44
307 43
307 42
307 40
307 39
307 38
307 36
307 35
307 33
307 32
307 31
307 29
306 28
306 27
306 26
306 25
306 24
306 23
306 22
306 21
306 20
306 19
306 18
306 17
306 18
307 18
307 19
308 19
308 20
309 20
309 21
310 21
311 22
312 22
313 23
314 24
315 24
315 25
316 26
317 27
318 27
319 29
321 30
322 31
323 32
324 33
325 34
326 35
327 36
329 38
330 39
331 40
332 41
332 42
333 43
334 44
335 45
336 46
337 47
338 48
339 49
340 50
341 52
342 53
344 54
345 55
346 57
347 58
348 59
349 61
350 62
351 63
352 64
353 65
354 66
355 67
356 67
357 68
357 69
358 69
359 70
360 71
361 72
362 72
363 72
364 72
365 72
366 72
367 72
368 72
369 72
370 72
371 72
372 72
374 72
375 72
376 72
377 72
378 72
379 72
380 72
381 72
382 72
383 71
384 71
386 71
387 71
388 71
389 71
390 71
391 71
392 71
393 71
394 71
395 70
396 70
397 70
398 70
399 70
399 69
399 70
399 69
399 70
399 71
399 72
399 73
399 74
399 75
399 76
399 77
399 78
399 79
399 80
400 81
400 82
400 83
400 84
400 85
400 86
400 87
400 88
400 89
401 91
401 92
401 93
401 94
402 95
402 96
402 98
403 99
403 101
403 102
403 104
404 106
404 107
404 109
404 110
405 112
405 113
405 114
406 115
406 116
406 117
407 118
407 120
408 121
408 122
408 123
408 124
409 124
409 125
409 126
408 126
407 126
406 127
405 127
404 127
403 127
401 127
400 127
399 127
397 127
395 127
394 127
392 127
390 128
388 128
385 128
383 128
381 128
379 128
376 128
374 129
371 129
369 129
366 129
363 129
361 129
358 129
355 129
353 129
350 130
347 130
344 130
341 130
339 130
336 130
333 130
330 130
327 130
324 130
321 130
318 130
314 130
311 130
308 130
304 130
301 130
298 130
295 130
291 130
288 130
285 130
281 130
278 130
275 130
271 130
268 130
265 130
261 130
258 131
254 131
251 131
247 131
244 131
240 131
237 131
233 131
230 131
226 131
223 132
219 132
215 132
212 132
208 132
205 132
202 132
198 132
195 132
192 132
189 132
186 132
183 133
180 133
178 133
175 133
172 133
170 133
168 133
165 133
163 133
161 133
159 133
157 133
155 133
153 133
151 134
149 134
148 134
146 134
144 134
142 134
140 134
139 134
137 134
136 134
134 134
133 134
132 134
130 135
129 135
128 135
127 135
126 135
125 135
124 135
123 135
122 135
121 135
120 135
119 135
119 134
118 133
118 132
118 131
118 130
118 129
118 128
118 127
118 126
117 125
117 124
117 123
117 122
117 121
117 120
117 119
117 118
116 116
116 115
116 114
116 113
116 112
116 111
116 110
116 109
116 107
116 106
116 105
116 103
116 102
116 101
116 100
116 98
116 97
116 96
116 95
116 94
116 93
115 92
116 92
116 91
115 92
115 91
116 90
