696
136 103
140 103
142 103
143 103
144 103
145 103
147 103
148 103
149 103
150 103
152 103
153 103
154 103
156 103
157 103
159 103
161 103
162 102
164 102
166 102
167 102
169 102
171 102
172 102
174 102
175 101
176 101
178 101
180 101
181 101
183 101
185 101
187 101
189 101
191 100
193 100
194 100
196 100
198 100
200 99
202 99
203 99
205 99
207 99
209 99
210 99
212 98
213 98
214 98
216 98
217 98
218 98
219 98
220 98
221 98
222 98
221 98
221 97
221 96
221 95
221 94
220 93
220 92
220 91
220 90
220 89
219 89
219 88
219 87
219 86
219 84
218 83
218 82
218 80
218 79
217 78
217 76
217 75
217 74
216 72
216 71
216 70
215 68
215 67
215 66
214 65
214 63
213 62
213 60
212 59
212 57
212 55
211 54
211 52
210 51
210 49
210 48
209 47
209 45
208 44
208 43
208 42
207 40
207 39
207 37
206 36
206 34
206 33
205 32
205 31
205 30
205 29
205 28
205 27
204 26
204 25
204 24
204 23
204 22
204 21
204 22
204 23
205 23
205 24
206 24
207 25
208 25
208 26
209 27
210 27
211 28
212 28
213 29
214 30
215 30
215 31
216 32
217 33
218 34
219 35
220 36
221 37
222 38
223 39
223 40
225 41
226 42
227 43
228 44
229 45
231 46
232 47
233 48
235 49
236 50
237 51
239 52
240 53
241 54
242 55
244 56
245 58
246 59
247 60
249 61
250 63
252 64
253 65
254 66
256 67
257 67
259 68
260 69
261 70
262 71
263 72
264 73
266 75
267 75
268 76
269 77
270 78
271 79
272 80
273 81
274 82
275 83
276 84
277 85
278 86
279 87
280 88
281 88
282 89
283 90
284 90
284 91
285 91
285 90
285 89
285 88
285 87
285 86
285 85
285 84
285 83
285 82
285 81
285 80
285 79
285 77
285 76
284 75
284 74
284 72
284 71
283 70
283 68
283 67
283 65
282 64
282 62
282 60
281 59
281 57
281 55
280 53
280 51
280 50
279 48
279 47
279 45
278 44
278 42
278 41
277 39
277 38
276 36
276 35
276 33
276 32
275 31
275 30
275 29
275 28
275 27
275 26
275 25
275 24
275 23
275 22
274 22
275 22
276 22
276 23
277 23
278 24
279 25
280 26
281 27
282 28
283 29
284 30
285 31
286 32
287 33
288 34
289 35
290 36
291 37
292 39
293 40
294 41
295 42
296 43
298 44
299 45
301 46
302 47
303 49
305 50
306 51
307 52
309 54
310 55
311 56
312 58
313 59
314 61
316 62
317 63
318 64
319 65
321 66
322 67
323 68
324 69
326 70
327 71
328 72
329 73
330 74
331 75
332 76
333 77
334 78
335 79
336 80
336 81
337 82
338 83
339 83
339 84
340 85
341 85
341 86
342 86
342 87
343 87
343 88
344 88
344 87
344 86
344 85
344 84
344 83
344 82
344 81
344 80
345 79
345 78
345 77
345 76
345 75
345 74
345 72
345 71
345 70
345 69
344 67
344 66
344 64
344 63
344 61
343 60
343 58
343 56
342 54
342 52
342 51
342 49
341 48
341 46
341 45
341 43
340 42
340 40
340 39
340 37
340 35
339 34
339 32
339 31
339 30
339 29
339 28
339 27
338 26
338 25
338 24
338 23
338 22
338 21
339 21
339 22
340 22
340 23
341 23
341 24
342 24
342 25
343 25
344 26
344 27
345 27
346 28
347 29
348 29
349 30
349 31
350 32
351 33
352 34
353 35
354 37
355 38
356 39
357 40
357 41
358 42
359 43
360 44
361 45
362 46
363 47
365 48
366 48
367 49
368 51
369 52
370 53
371 54
372 55
373 57
374 58
375 59
376 60
377 62
377 63
378 64
379 65
380 66
381 67
382 67
383 68
384 69
384 70
385 71
386 72
387 72
388 73
389 74
390 75
391 76
392 76
392 77
393 78
394 79
395 80
396 81
397 82
397 83
398 83
398 84
399 84
400 84
401 84
402 84
403 84
405 84
406 83
407 83
408 83
410 83
411 83
413 83
414 83
416 83
418 83
419 83
421 83
422 83
424 83
426 83
427 83
429 83
431 83
433 82
434 82
436 82
438 82
440 82
441 82
443 82
444 82
446 82
447 81
448 81
449 81
450 81
451 81
451 82
451 83
451 84
451 85
451 86
451 87
451 88
451 89
451 90
451 91
450 92
450 93
450 94
450 95
450 97
450 98
450 99
450 100
450 102
450 103
450 105
450 106
450 108
451 109
451 110
451 112
451 113
451 114
451 115
452 116
452 118
452 119
452 120
452 121
452 123
453 124
453 125
453 126
453 127
454 128
454 129
454 130
454 131
454 132
455 133
455 134
454 134
453 134
452 134
451 134
450 134
449 134
448 134
447 135
446 135
444 135
442 135
441 135
439 135
436 136
434 136
432 136
429 136
427 136
424 136
421 136
418 136
415 137
412 137
409 137
406 137
402 138
399 138
395 138
392 139
388 139
385 139
381 140
377 140
373 140
369 140
365 140
361 141
357 141
353 141
349 141
345 141
341 142
336 142
332 142
328 142
323 143
319 143
314 143
310 143
305 144
301 144
297 144
292 144
288 145
283 145
279 145
275 146
270 146
266 146
262 147
257 147
254 147
250 147
246 148
242 148
239 148
235 149
232 149
228 149
225 149
222 149
219 149
216 150
213 150
210 150
208 150
205 150
203 150
201 150
199 150
197 151
195 151
193 151
191 151
189 151
187 151
186 151
184 151
182 152
180 152
179 152
177 152
176 152
175 152
174 152
172 152
171 152
170 153
169 153
167 153
166 153
165 153
163 153
162 153
161 153
160 153
158 153
157 154
156 154
155 154
154 154
153 154
151 154
150 154
149 154
148 154
147 154
146 154
145 154
144 155
143 155
142 155
141 155
140 155
139 155
138 155
137 155
137 154
137 153
137 152
136 152
136 151
136 150
136 149
136 148
136 147
136 146
136 145
136 144
136 143
136 142
136 141
136 140
136 139
136 138
136 137
136 136
136 135
136 134
136 133
136 132
136 131
135 130
135 129
135 127
135 126
135 125
135 124
135 122
135 121
135 120
135 119
135 118
135 117
135 116
135 115
135 114
135 113
134 113
