544
139 131
144 131
145 131
147 131
149 131
151 131
153 131
155 131
158 131
160 131
163 131
166 131
168 130
171 130
174 130
177 130
180 130
183 130
186 130
189 130
192 130
195 130
198 130
201 130
204 130
206 130
209 130
211 129
213 129
216 129
217 129
219 129
221 128
222 128
223 128
224 128
225 128
226 127
227 127
227 126
228 126
228 125
228 124
228 123
228 122
228 121
228 120
228 119
228 117
228 115
228 113
229 111
229 109
229 106
229 104
229 101
230 98
230 95
230 92
231 88
231 85
231 82
231 79
232 76
232 73
232 70
232 67
233 65
233 62
233 60
233 59
234 57
234 55
234 54
234 52
234 51
234 50
234 49
235 49
235 48
235 47
236 48
236 49
237 50
238 51
238 52
239 53
240 54
240 56
241 57
242 58
243 60
245 61
246 63
247 65
249 67
250 69
252 71
254 73
255 76
257 78
259 80
261 83
263 85
265 88
266 90
269 92
271 95
273 97
275 99
277 101
278 103
280 105
282 107
284 109
285 111
287 113
288 115
290 116
291 118
292 119
293 120
294 121
295 122
296 123
297 124
298 125
298 126
299 126
300 125
300 124
300 123
301 122
301 121
301 120
301 119
302 118
302 116
302 114
302 113
303 111
303 108
303 106
303 104
303 101
303 98
303 96
303 93
303 90
303 87
303 84
303 81
303 79
303 76
303 73
302 70
302 68
302 65
302 63
302 61
301 59
301 57
301 55
301 54
301 52
301 51
300 50
300 48
300 47
300 46
300 45
299 44
300 44
300 45
301 45
301 46
302 47
303 48
303 49
304 50
305 51
306 52
307 53
309 55
310 56
311 58
313 60
315 61
316 63
318 65
320 67
322 69
324 71
326 73
328 75
330 78
332 80
334 82
336 85
338 87
340 89
342 92
344 94
346 97
348 99
350 102
352 104
354 106
356 108
357 110
359 112
360 114
362 115
363 117
364 118
365 120
366 121
367 122
368 123
369 124
370 125
370 126
371 126
371 127
372 127
372 128
372 129
372 128
373 127
373 126
373 125
373 124
374 123
374 122
374 120
375 119
375 117
375 115
376 113
376 111
376 109
376 106
376 104
376 101
376 98
376 95
376 92
376 89
376 86
376 83
376 81
377 78
377 76
377 73
377 71
377 68
377 66
377 63
377 61
377 59
377 57
377 55
377 54
377 52
377 51
377 50
376 48
376 47
376 46
376 45
376 44
375 43
375 42
376 43
376 44
377 44
377 45
378 46
378 47
379 47
380 49
381 50
382 51
383 52
384 54
385 55
386 57
387 59
389 60
390 62
392 64
393 67
395 69
397 71
399 74
400 76
402 79
404 81
406 84
408 86
410 89
412 91
414 94
416 96
417 99
419 101
421 104
423 106
424 109
426 111
427 113
429 115
430 117
431 119
432 121
433 122
434 124
435 125
436 126
437 127
437 128
438 128
438 129
439 129
439 130
440 130
441 130
442 130
443 130
444 130
445 130
446 130
448 130
449 130
451 130
452 130
454 130
456 130
458 130
460 130
462 130
465 130
467 129
470 129
472 129
475 129
477 128
480 128
482 128
485 127
487 127
489 126
491 126
493 126
495 126
497 125
498 125
499 125
500 125
501 125
502 126
503 126
504 127
504 128
505 129
505 130
505 131
505 132
505 133
506 134
506 135
506 136
506 138
507 139
507 140
508 142
508 144
509 146
509 148
510 150
511 152
511 154
512 157
513 159
513 161
514 164
515 166
515 168
516 170
516 172
517 174
518 175
518 177
519 178
519 180
519 181
520 182
520 183
520 184
520 185
520 186
519 186
518 186
517 186
516 187
515 187
513 187
512 187
510 187
508 187
506 188
504 188
501 188
499 189
496 189
493 189
490 190
487 190
483 190
480 191
476 191
473 191
469 192
465 192
461 193
457 193
453 193
448 194
444 194
440 194
435 194
431 195
426 195
421 195
416 195
411 195
406 196
401 196
396 196
391 196
385 196
380 196
374 197
369 197
363 197
357 197
351 198
345 198
339 199
333 199
327 199
322 200
316 200
310 201
304 201
298 202
292 202
287 202
281 203
276 203
270 203
265 204
259 204
254 204
249 204
244 204
239 204
234 204
230 205
225 205
221 205
216 205
212 205
208 205
204 205
200 204
196 204
193 204
189 204
186 204
183 204
180 204
177 204
175 204
172 203
170 203
168 203
166 203
164 203
162 203
161 202
159 202
158 202
156 202
155 202
154 202
153 202
153 201
152 201
151 201
150 200
149 199
149 198
149 197
149 196
148 195
148 194
148 193
148 191
148 190
148 188
148 186
148 184
148 182
148 180
148 177
148 175
148 172
148 170
148 167
148 165
148 162
149 160
149 157
149 155
149 152
149 150
149 148
149 146
149 144
149 142
149 140
149 139
149 137
149 136
149 135
149 134
149 133
149 132
150 133
150 134
151 134
151 135
151 136
