582
158 162
162 163
163 163
164 163
166 163
167 163
169 163
171 164
173 164
174 164
176 164
178 164
181 163
183 163
185 163
188 163
190 163
193 163
195 163
198 163
200 162
203 162
205 162
208 162
210 162
212 162
214 162
216 162
218 162
220 162
222 162
224 162
225 162
226 162
227 162
228 162
229 162
230 162
230 163
231 163
231 162
231 161
231 160
231 159
231 158
231 156
231 155
231 154
231 152
231 150
231 149
230 147
230 145
230 142
230 140
230 138
229 135
229 133
229 130
229 127
229 124
229 121
229 118
229 116
229 113
229 110
229 107
228 105
228 102
228 99
228 97
228 94
228 92
228 90
228 87
228 86
228 84
228 82
228 81
228 79
228 78
227 77
227 76
227 75
227 74
228 75
228 76
228 77
229 77
229 78
230 79
231 80
231 81
232 82
233 83
234 85
235 86
236 87
237 89
238 91
239 92
241 94
242 97
243 99
245 101
246 104
248 106
249 109
251 111
252 114
253 117
255 119
256 122
258 125
259 128
261 131
262 134
264 137
265 140
266 143
267 145
269 148
270 150
271 153
271 155
272 157
273 158
273 160
274 161
275 163
275 164
276 165
276 166
277 166
278 166
279 166
279 165
280 165
281 165
282 165
282 164
283 164
283 163
283 162
283 161
284 161
284 160
284 159
284 158
285 157
285 155
285 154
286 152
286 150
287 149
287 147
288 145
288 142
289 140
289 138
290 136
291 134
291 131
292 129
292 127
293 125
293 122
294 120
294 118
295 116
295 115
295 113
295 111
295 110
295 108
295 107
295 106
295 105
295 104
295 103
295 102
295 101
295 100
295 99
295 98
294 97
294 96
294 95
294 94
294 93
294 92
294 91
294 90
294 89
294 88
294 87
294 86
294 85
294 84
294 83
294 82
294 81
294 80
294 81
295 81
295 82
296 82
296 83
297 83
297 84
298 85
298 86
299 87
300 87
300 88
301 89
302 90
302 92
303 93
304 94
305 96
306 98
308 100
309 102
310 104
311 106
313 108
314 110
316 113
317 115
319 118
321 120
322 123
324 125
325 127
327 129
328 132
330 134
331 136
333 137
334 139
335 141
337 142
338 144
339 145
340 146
341 147
342 148
343 149
344 150
344 151
345 152
345 153
346 153
346 154
347 154
347 155
347 156
348 156
348 157
348 158
349 158
349 159
350 159
350 158
350 157
349 156
349 155
349 154
349 153
349 152
349 151
349 150
349 148
349 147
349 145
349 143
349 141
349 139
349 137
349 135
349 132
349 129
349 126
349 123
349 120
349 117
349 114
349 111
349 108
350 105
350 102
350 99
350 96
351 93
351 91
351 89
351 86
351 85
351 83
351 81
351 80
351 79
351 77
351 76
351 75
350 75
350 74
350 73
350 72
349 72
349 71
350 71
350 72
351 72
351 73
352 73
352 74
353 75
354 75
354 76
355 77
356 78
357 79
358 80
359 81
360 82
361 84
362 85
364 87
365 89
366 90
368 92
369 94
371 96
372 98
374 101
376 103
377 105
379 108
380 110
382 113
383 115
385 118
386 120
388 123
389 126
390 128
392 131
393 133
394 136
395 138
396 141
397 143
398 145
399 147
400 149
401 151
402 153
402 155
403 156
404 157
404 158
405 159
406 160
406 161
407 161
408 161
409 161
410 161
411 161
412 161
413 161
414 161
415 161
416 161
417 161
418 161
419 161
420 161
422 161
423 161
425 161
427 161
429 161
431 161
433 160
435 160
437 160
440 160
442 159
445 159
447 159
449 158
452 158
454 158
456 157
458 157
460 157
461 157
462 157
463 157
464 157
465 157
466 157
467 157
467 158
468 158
468 159
468 160
468 161
469 162
469 163
469 164
469 166
469 167
469 169
469 171
469 173
469 175
470 178
470 181
470 183
470 186
470 189
470 192
470 194
470 197
471 200
471 202
471 205
472 208
472 210
473 212
473 215
473 217
474 219
474 221
475 222
475 224
475 226
476 227
476 228
476 229
477 231
477 232
477 233
477 234
477 235
476 235
475 235
474 235
473 234
472 234
471 234
469 234
468 234
466 234
464 234
462 234
460 234
457 234
455 234
452 234
449 234
446 234
443 234
440 234
436 234
433 234
430 234
426 234
422 234
419 234
415 234
411 234
407 233
403 233
399 232
395 232
390 232
386 231
382 231
377 230
373 230
368 229
364 229
359 228
354 228
350 227
345 227
340 226
335 226
331 225
326 225
321 224
316 224
311 224
306 224
301 223
296 223
291 223
286 223
281 222
276 222
271 222
266 222
261 222
256 222
251 222
246 222
242 222
237 222
232 222
228 222
223 222
219 222
215 222
210 222
206 222
202 222
198 222
194 222
191 222
187 222
184 223
180 223
177 223
174 224
171 224
169 224
166 225
164 225
161 226
159 226
157 226
156 227
154 227
153 228
152 228
151 228
150 229
149 229
148 229
148 228
148 227
148 226
148 225
149 224
149 223
149 222
149 221
149 219
149 217
149 216
150 214
150 211
150 209
150 206
150 203
150 201
150 198
150 195
150 192
151 189
151 186
151 183
151 180
151 178
152 175
152 173
152 171
152 169
153 167
153 165
153 164
154 162
154 161
154 160
154 159
155 159
155 160
