553
185 173
189 171
191 170
192 170
194 170
195 169
197 169
199 169
201 169
203 168
205 168
208 168
210 168
212 168
215 168
215 168
217 168
220 168
223 168
226 168
229 168
232 168
235 168
238 168
241 168
245 168
248 168
252 168
256 168
260 168
264 168
267 168
272 168
276 167
280 167
283 167
287 167
291 167
295 167
299 167
302 167
306 167
309 167
312 167
312 167
315 167
317 167
320 167
322 167
322 167
323 167
325 167
326 167
327 166
328 166
328 165
328 164
328 163
328 162
329 161
329 160
329 159
329 158
329 157
330 156
330 154
330 153
330 151
330 150
330 148
330 146
330 144
330 142
330 140
330 138
330 136
329 134
329 132
329 130
329 127
329 125
329 123
329 120
329 118
329 116
329 113
329 111
329 109
329 106
329 104
328 101
328 99
328 97
328 95
328 93
328 91
328 89
327 87
327 86
327 84
327 83
327 81
327 80
327 79
326 78
326 77
326 76
327 76
327 75
327 76
328 76
328 77
329 78
330 79
331 80
332 81
333 83
334 84
335 85
337 87
338 89
340 90
341 92
343 94
345 95
346 97
348 99
350 101
351 103
353 105
355 107
356 109
358 111
360 113
361 115
363 117
365 120
367 122
368 124
370 126
372 128
374 130
375 132
377 134
378 136
380 138
382 140
383 142
385 143
386 145
387 146
389 148
390 149
391 150
392 151
393 152
394 153
395 154
396 154
396 155
397 155
397 156
397 155
397 154
397 153
398 152
398 151
398 149
398 148
398 146
398 144
398 142
399 139
399 137
399 134
399 131
399 128
399 125
399 122
399 119
399 116
398 113
398 110
398 107
397 104
397 101
396 98
396 95
396 93
395 90
395 88
395 86
394 83
394 81
394 79
394 77
394 75
394 73
394 72
394 70
394 69
394 68
394 66
394 65
394 64
394 63
395 63
396 64
396 65
397 66
398 67
398 68
399 69
400 71
402 72
403 74
404 76
405 78
407 80
408 83
409 85
411 87
412 90
414 92
415 95
417 97
418 100
420 103
421 105
422 108
424 111
425 113
426 116
428 118
429 121
430 124
431 126
433 129
434 131
435 134
436 136
438 138
439 140
440 142
441 144
443 146
444 148
445 149
446 151
447 152
448 153
449 154
449 155
450 156
451 157
451 158
452 159
452 160
453 161
453 160
453 159
453 158
454 157
454 155
454 154
454 153
454 151
454 149
454 147
454 146
455 144
455 142
455 140
455 137
455 135
456 133
456 130
456 128
456 125
456 123
456 121
456 118
456 116
457 114
457 112
457 109
456 107
456 105
456 103
456 101
456 98
456 96
456 94
456 92
456 90
456 88
456 87
456 85
456 83
456 81
456 80
455 78
455 77
455 76
455 75
455 74
455 73
455 72
455 71
456 71
456 72
457 73
457 74
458 75
459 76
459 77
460 78
461 79
462 80
463 82
464 83
465 84
466 86
467 88
468 89
469 91
471 93
472 95
473 97
475 99
476 101
477 103
479 106
480 108
482 111
483 113
484 116
486 118
487 121
489 124
490 126
492 129
493 132
494 135
496 138
497 140
498 143
500 146
501 148
502 150
503 152
504 154
504 156
505 157
506 159
506 160
506 161
507 162
507 163
508 164
509 164
510 164
511 164
512 165
513 165
514 165
516 165
517 165
519 165
521 166
523 166
526 166
528 166
531 166
533 166
536 167
540 167
543 167
546 167
549 167
553 167
556 168
560 168
563 168
566 168
570 168
573 168
576 168
579 169
581 169
584 169
586 169
588 169
589 169
590 169
591 169
592 169
593 169
593 170
592 170
592 171
592 172
592 173
591 174
591 175
591 176
591 178
591 179
591 181
590 183
590 185
590 187
590 189
590 191
590 193
590 196
589 199
589 201
589 204
589 207
588 210
588 212
588 215
588 217
588 220
587 222
587 224
587 226
587 227
586 229
586 230
586 231
586 232
585 232
585 233
584 233
583 233
582 233
581 233
579 233
578 233
576 233
574 233
571 233
569 233
566 233
563 233
560 233
557 233
553 233
550 233
546 233
541 233
537 233
532 233
528 233
523 233
517 233
512 234
506 234
501 234
495 234
489 234
483 234
477 234
471 234
465 234
458 234
452 235
446 234
440 235
433 235
427 235
420 235
414 235
407 235
400 235
393 235
386 235
379 236
372 236
365 236
358 236
351 237
344 237
337 237
330 237
323 237
316 237
309 237
302 237
295 237
288 237
281 237
275 237
268 237
262 237
256 237
251 237
245 237
240 237
235 237
230 236
226 236
222 236
219 236
215 235
212 235
210 235
207 235
205 235
203 235
202 234
200 234
199 234
198 234
197 234
197 233
197 232
196 232
196 231
196 230
196 229
196 227
196 226
196 224
196 222
196 220
196 217
196 214
196 212
196 209
196 206
196 203
196 200
196 197
196 194
197 191
197 188
197 186
197 183
197 181
197 179
197 178
197 176
197 175
197 174
197 173
197 172
197 171
198 171
198 170
198 170
