573
129 208
135 206
137 206
138 206
140 206
141 206
143 205
146 205
148 205
150 205
153 204
156 204
158 204
161 203
164 203
167 203
170 203
173 202
176 202
179 202
183 202
186 201
189 201
193 201
196 201
199 200
203 200
206 200
209 200
212 200
215 200
218 200
220 199
222 199
225 199
226 199
228 199
229 199
231 198
232 198
233 198
234 197
233 196
233 195
233 194
233 193
233 192
233 191
233 190
234 189
234 187
234 186
234 184
234 183
234 181
234 179
235 177
235 175
235 173
235 171
236 169
236 166
236 164
236 161
237 159
237 156
237 154
237 151
237 149
237 146
238 144
238 141
238 138
238 135
238 132
238 130
238 127
238 124
238 122
238 119
238 116
238 116
238 114
238 111
238 109
238 106
238 106
238 104
238 102
238 100
238 98
238 96
238 95
238 94
238 93
238 92
238 91
238 90
239 90
239 91
240 91
240 92
241 93
242 94
243 94
244 96
245 97
247 98
248 100
249 101
251 103
252 105
254 107
256 109
258 111
260 113
262 115
264 117
266 119
268 122
269 124
271 126
273 129
276 131
278 134
280 137
282 139
284 142
286 145
289 148
291 150
293 153
296 156
298 158
300 161
302 164
304 166
306 169
309 171
311 173
313 175
315 177
316 179
318 181
320 183
321 185
323 186
324 188
325 189
326 190
327 191
328 192
329 193
330 193
330 192
329 191
329 190
329 189
329 187
329 186
329 185
329 183
329 181
329 179
329 177
330 175
330 173
330 170
330 167
330 165
330 162
331 159
331 156
331 153
331 150
331 147
332 144
332 141
332 138
332 135
332 133
333 130
333 127
333 124
333 122
333 119
333 117
333 115
333 112
333 110
333 108
333 106
333 104
333 103
332 101
332 100
332 99
332 98
332 97
332 96
332 95
333 96
334 97
334 98
335 98
336 99
337 101
339 102
340 103
341 105
342 106
344 108
345 109
346 111
348 113
349 115
351 117
352 119
354 121
355 123
357 125
359 128
360 130
362 133
364 135
366 138
367 140
369 143
371 145
373 148
374 150
376 153
378 155
379 158
381 160
383 162
385 165
386 167
388 169
390 171
392 173
393 175
395 177
396 179
397 181
399 182
400 184
401 185
402 186
403 188
403 189
404 190
405 190
405 191
406 192
406 193
407 193
407 194
408 194
408 193
408 192
408 191
409 190
409 189
410 188
410 186
410 185
411 183
411 182
412 180
412 178
413 176
414 174
414 172
415 170
415 167
416 165
416 163
416 161
417 158
417 156
417 154
417 152
417 149
418 147
417 145
418 143
418 140
418 138
418 135
417 133
418 131
417 128
417 126
417 123
417 121
417 119
417 117
418 115
418 112
418 110
418 108
418 107
418 105
418 103
418 102
418 100
419 99
419 98
419 97
419 96
419 95
420 95
421 96
422 97
423 98
424 99
424 100
425 101
426 103
428 104
429 106
430 108
431 109
432 111
434 113
435 115
436 117
437 118
439 120
440 123
441 125
442 127
444 129
445 132
446 134
447 136
449 139
450 141
451 143
452 146
453 148
454 150
456 153
457 155
458 157
459 160
460 162
461 164
463 167
464 169
465 171
466 173
468 175
469 177
470 179
471 180
472 182
473 183
474 185
475 186
476 187
477 188
477 189
478 190
478 191
479 192
479 193
480 193
480 194
481 194
482 194
483 194
484 193
485 193
486 193
488 193
490 193
492 192
494 192
496 192
498 192
501 192
503 191
506 191
508 191
511 191
514 191
517 191
520 191
524 191
527 191
530 191
533 192
537 192
540 192
543 192
546 192
549 192
552 192
555 192
557 192
559 193
561 193
563 193
564 193
565 193
566 193
567 194
568 194
569 194
569 195
569 196
569 197
569 198
569 199
569 200
569 202
569 203
569 205
569 206
569 208
569 210
569 212
570 215
570 217
570 220
570 222
570 224
570 227
571 229
571 232
571 235
571 237
572 239
572 242
572 244
572 245
573 247
573 248
573 250
573 251
573 252
573 253
574 253
574 254
573 254
573 253
572 253
571 253
570 253
569 253
567 253
565 253
564 253
562 252
560 252
557 252
555 252
552 252
549 252
546 253
543 253
540 253
536 253
533 253
529 253
525 253
521 254
517 254
513 254
508 254
504 254
499 254
494 254
489 255
483 255
478 255
472 256
466 256
460 256
454 257
447 257
441 258
434 258
427 259
420 259
413 260
406 260
399 261
391 261
383 262
376 262
368 263
360 264
352 264
344 264
336 265
328 265
321 266
313 266
306 266
298 266
291 267
283 267
276 267
269 267
261 267
254 267
247 268
240 268
234 268
227 268
221 268
215 268
209 268
203 268
198 268
193 268
188 268
183 268
179 269
174 269
170 269
167 269
163 269
160 269
157 269
154 269
152 270
149 270
147 270
146 270
144 270
143 270
142 270
141 270
141 269
141 268
141 267
141 266
141 265
141 263
141 261
141 260
141 258
141 255
141 253
141 251
141 248
141 245
140 242
140 239
140 237
140 234
140 231
140 228
140 226
141 223
141 221
141 219
141 217
141 215
141 213
142 211
142 210
142 208
142 207
143 206
143 205
144 204
145 203
145 203
