384
176 195
181 193
184 193
188 193
192 193
197 193
202 193
205 193
208 192
211 192
214 192
217 192
221 192
224 192
227 192
231 192
234 192
237 192
240 192
243 192
248 192
252 192
256 192
259 192
259 189
259 186
259 183
259 180
259 177
259 173
259 169
259 165
260 163
260 160
260 156
260 153
260 148
260 143
260 138
259 133
259 130
259 125
259 122
259 117
259 113
259 109
259 105
259 102
259 99
259 96
261 97
262 99
264 100
267 102
270 105
272 106
274 108
276 110
278 111
280 113
282 115
284 118
287 120
289 122
292 124
294 127
297 129
299 131
302 134
304 136
307 139
310 142
312 144
315 147
317 150
320 153
323 156
325 159
328 161
331 164
334 167
336 169
339 171
341 174
343 176
346 178
348 180
350 182
352 184
354 186
357 189
359 190
361 192
361 189
362 187
362 184
362 179
363 177
363 174
364 172
364 169
365 166
365 163
366 160
366 157
366 154
367 151
367 148
367 145
367 141
367 138
368 135
368 132
368 129
368 126
368 121
368 118
368 115
368 111
368 107
368 104
368 101
369 99
372 100
374 102
375 104
378 107
381 110
382 112
384 114
386 116
388 118
390 121
392 123
393 126
395 128
398 131
400 134
402 136
404 139
406 142
408 145
410 147
411 150
413 153
415 156
417 159
419 162
421 164
422 167
425 169
426 172
429 174
431 176
432 178
434 180
436 181
438 183
440 185
442 186
444 187
444 184
443 181
443 178
444 173
444 168
444 165
445 162
445 159
445 155
446 152
446 149
446 146
447 142
447 139
447 136
448 133
448 130
448 127
448 124
448 121
448 118
449 115
449 111
449 108
449 104
449 101
448 98
448 95
448 92
449 94
451 96
453 99
455 102
458 105
459 107
461 108
462 110
464 112
465 114
467 117
468 119
470 121
471 124
473 126
475 128
476 131
478 133
480 135
481 138
483 140
485 142
486 145
488 148
490 150
491 153
493 155
494 157
496 160
498 162
499 164
501 166
502 168
504 169
506 171
507 173
509 174
510 176
512 177
514 179
516 180
518 181
520 182
523 182
526 181
530 181
533 181
538 182
542 182
545 182
549 182
552 182
557 182
559 183
562 183
567 183
570 184
575 184
577 185
581 185
585 185
588 186
591 186
594 186
595 188
596 190
596 193
597 196
597 199
597 203
597 207
597 211
597 216
597 221
596 226
596 229
596 232
595 237
595 240
595 244
594 248
594 251
594 254
594 257
594 260
592 261
590 262
587 262
584 262
581 262
578 262
574 262
570 263
565 263
560 263
555 263
552 263
549 263
546 263
543 263
540 263
537 263
533 263
530 263
526 263
522 263
518 263
514 263
509 263
505 263
501 263
496 263
492 263
487 263
482 263
477 263
472 263
467 263
461 263
456 263
451 263
445 263
439 264
434 264
428 264
422 264
417 264
411 264
406 264
400 264
395 264
389 264
384 264
379 264
374 264
368 264
363 264
358 264
352 264
347 264
342 264
336 264
331 264
325 263
320 263
315 263
309 263
304 263
298 263
293 263
287 263
282 263
276 264
270 264
265 264
259 264
253 264
248 264
242 264
237 264
232 264
226 264
221 264
216 264
212 264
207 264
203 264
199 264
196 263
193 263
190 263
187 263
183 262
180 262
178 261
176 259
176 256
176 253
177 250
177 247
177 244
178 239
178 234
178 229
179 226
179 221
179 218
179 214
179 210
179 206
179 203
179 200
179 197
179 194
