704
104 180
109 181
110 181
112 181
114 180
116 180
119 180
121 180
123 180
125 180
127 180
130 180
132 180
134 180
136 180
137 180
139 180
141 180
143 180
145 180
147 180
148 180
150 180
151 180
153 180
154 180
155 180
157 180
158 181
159 181
160 181
162 181
163 181
164 181
165 181
167 181
168 181
169 181
170 181
171 181
172 181
174 181
175 181
176 181
177 181
178 181
179 181
180 181
181 181
182 181
182 182
183 182
184 182
185 182
186 182
186 181
186 180
187 179
187 178
187 177
187 176
187 175
187 174
187 172
187 171
187 170
188 168
188 167
188 165
188 164
188 162
188 161
188 159
188 158
188 157
188 155
188 154
188 153
188 151
187 150
187 149
187 147
187 146
187 145
187 143
187 142
187 141
187 139
187 138
187 137
187 135
187 134
187 133
187 132
187 131
187 130
187 129
187 128
187 127
187 126
187 124
187 123
187 122
187 121
187 120
187 119
187 118
187 117
187 116
187 115
187 114
187 113
187 112
188 112
189 113
190 114
190 115
191 116
192 117
193 118
194 119
195 120
196 121
196 122
198 123
199 124
200 126
201 127
202 128
203 129
204 131
205 132
206 133
206 135
207 136
208 137
209 138
210 140
210 141
211 142
212 144
212 145
213 146
214 147
214 149
215 150
216 151
216 153
217 154
217 155
218 156
218 158
219 159
220 160
220 161
221 163
221 164
222 165
222 166
223 167
224 168
224 169
225 170
225 171
226 172
227 173
227 174
228 174
228 175
229 176
229 177
230 178
231 179
231 180
232 181
233 182
233 183
234 183
235 184
235 185
236 184
236 183
236 182
236 181
236 180
237 179
237 178
237 177
237 175
238 173
238 172
238 170
238 168
239 166
239 165
239 163
239 161
239 159
239 157
239 155
239 154
239 152
239 151
239 149
239 148
239 146
239 145
239 143
239 142
239 141
239 139
239 138
238 137
238 136
238 135
238 134
238 133
238 132
238 131
238 130
238 129
238 128
238 127
238 126
238 125
238 124
238 123
238 122
238 121
238 120
237 120
237 119
237 118
238 118
239 119
240 120
240 121
241 121
242 122
242 123
243 124
244 125
244 126
245 127
246 128
246 130
247 131
248 132
249 133
250 134
250 136
251 137
252 138
253 139
253 140
254 142
255 143
255 144
256 145
256 146
257 148
258 149
258 150
259 151
259 152
260 153
260 154
261 155
261 156
262 157
262 158
263 159
264 160
264 161
265 162
265 163
266 163
267 164
267 165
268 166
268 167
269 168
270 169
271 170
271 171
272 172
273 172
273 173
274 174
275 175
276 176
277 177
278 178
279 179
280 180
281 181
282 182
282 183
283 183
283 184
284 185
285 184
285 183
285 182
285 181
285 180
285 179
285 177
285 176
285 174
285 172
285 170
285 169
285 167
285 165
284 163
284 161
284 159
284 157
284 156
284 154
283 152
283 151
283 149
283 147
283 146
282 144
282 143
282 141
282 140
282 138
281 137
281 135
281 134
281 133
281 132
281 131
281 130
281 129
281 128
281 127
281 126
281 125
281 124
282 124
282 123
282 122
282 121
282 120
283 120
283 121
284 121
284 122
285 122
285 123
286 124
287 125
287 126
288 126
289 128
289 129
290 130
291 131
292 132
292 133
293 134
294 136
295 137
295 138
296 139
297 140
298 141
298 142
299 143
300 144
301 146
302 147
303 148
303 150
304 151
305 152
305 153
306 154
307 154
307 155
308 156
308 157
309 158
310 159
310 160
311 160
311 161
312 162
312 163
313 163
314 164
314 165
315 166
316 166
316 167
317 168
318 169
318 170
319 171
319 172
320 172
320 173
321 174
321 175
322 175
322 176
323 177
324 177
324 178
325 179
326 180
326 181
327 181
328 181
329 181
330 181
331 181
332 181
333 181
331 184
333 183
335 183
336 183
338 182
340 182
342 182
344 181
349 178
350 178
351 177
353 177
354 177
356 177
357 177
358 177
360 177
361 176
362 176
363 176
364 176
365 176
366 175
367 175
368 175
369 175
370 175
371 175
372 175
373 175
373 174
374 175
375 175
376 175
377 175
378 175
379 175
380 175
381 175
382 175
382 176
383 176
384 177
384 178
384 179
385 180
385 181
385 182
385 183
385 184
385 185
385 186
385 187
385 188
386 190
386 191
386 192
386 195
386 196
386 198
386 199
386 200
387 202
387 203
387 204
387 206
387 207
387 208
387 210
387 211
387 212
387 214
387 215
387 216
387 217
387 218
387 219
387 221
386 222
386 223
386 224
386 225
386 226
386 227
386 228
385 229
385 230
385 231
385 232
385 233
385 234
384 234
384 235
384 236
384 237
383 237
383 238
382 238
381 238
380 238
379 238
378 238
377 238
375 238
374 239
373 239
371 239
369 239
367 239
366 239
364 238
362 238
360 238
358 238
356 238
354 238
351 238
349 238
347 238
345 237
343 237
341 237
339 237
337 237
334 237
332 237
330 237
328 237
326 237
324 236
323 236
321 236
319 236
317 236
315 236
314 235
312 235
310 235
308 235
306 235
304 235
302 235
300 235
298 235
296 234
294 234
292 234
290 234
288 234
286 234
284 234
281 234
279 234
276 234
274 234
271 233
269 233
266 233
264 233
261 233
258 233
256 233
253 233
251 233
248 233
245 233
243 233
240 233
238 233
235 233
233 233
231 233
228 232
226 232
223 232
221 232
218 233
216 233
214 233
211 233
209 233
207 233
205 233
202 233
200 233
198 233
196 233
193 234
191 234
189 234
187 234
185 234
183 234
181 234
179 234
177 234
175 234
173 234
171 234
169 235
167 235
165 235
163 235
161 235
159 235
158 235
156 235
154 235
153 235
151 235
149 235
148 235
146 235
144 235
143 235
141 235
139 235
138 235
137 235
135 235
134 235
133 235
132 235
131 235
130 235
129 235
128 235
127 235
125 235
124 235
123 236
122 236
120 236
119 236
118 236
117 236
116 236
115 236
114 236
113 236
112 236
111 236
110 236
110 235
109 235
109 234
109 233
108 233
108 232
108 231
108 230
108 229
107 227
107 226
107 224
107 222
107 220
107 218
107 216
107 214
107 212
107 210
107 208
107 207
107 205
107 203
107 202
107 200
107 199
107 197
107 196
107 195
107 194
107 193
107 192
107 191
107 190
107 189
107 188
108 187
