497
116 155
120 155
121 155
123 155
125 155
127 155
130 155
132 155
135 155
138 155
140 156
143 156
146 156
149 156
152 156
155 156
158 156
161 156
164 156
167 156
170 156
173 156
175 156
178 157
180 157
182 157
184 157
185 157
187 157
188 157
189 157
190 157
191 157
192 157
193 157
193 156
193 155
193 154
193 153
193 152
193 150
193 149
193 147
193 145
193 143
193 141
193 139
193 136
193 133
193 131
193 127
193 124
193 121
193 118
193 114
193 111
193 107
193 104
192 100
192 97
192 94
192 90
192 87
192 84
192 82
192 79
191 76
191 74
191 72
191 69
191 68
191 66
191 64
191 63
190 62
190 61
190 60
190 61
190 62
190 63
190 64
190 65
191 66
191 67
192 68
192 70
193 71
193 73
194 75
195 76
195 78
196 80
197 82
199 85
200 87
201 89
203 92
204 94
206 97
207 100
209 103
211 106
213 109
214 112
216 115
218 118
220 121
222 125
224 128
226 131
227 134
229 137
231 139
233 142
234 145
236 147
237 149
239 151
240 153
241 155
242 156
243 157
244 158
245 159
246 160
247 161
248 161
248 162
248 161
248 160
247 159
247 158
247 157
247 156
247 155
247 154
247 152
247 150
247 149
247 147
247 145
247 142
247 140
247 137
247 134
246 132
246 128
246 125
246 122
246 118
246 114
246 111
245 107
245 103
245 99
245 96
245 92
245 89
244 85
244 82
244 79
244 77
244 74
244 71
244 69
244 67
244 65
244 64
244 62
244 61
244 60
244 59
243 59
243 58
243 57
243 58
244 59
244 60
244 61
245 61
245 62
245 63
246 63
246 64
247 65
248 67
248 68
249 70
250 71
251 73
252 75
253 77
255 80
256 82
258 85
259 88
261 91
263 94
265 98
267 101
270 105
272 108
274 112
277 116
279 120
282 123
284 127
286 131
289 134
291 137
294 140
296 143
298 145
300 148
302 150
304 152
305 153
307 155
308 156
309 157
310 158
311 159
312 159
313 160
314 160
314 159
314 158
314 157
315 156
315 155
315 154
315 152
315 150
315 149
315 146
315 144
315 141
315 138
315 135
315 131
315 127
314 122
314 118
314 113
314 109
314 105
315 100
315 96
315 92
315 88
315 84
315 80
315 76
315 73
314 70
314 67
314 64
314 62
314 60
314 58
314 57
314 55
313 54
313 53
313 52
313 53
313 54
313 55
314 56
314 57
315 57
315 58
316 59
316 61
317 62
318 64
318 65
319 67
320 70
321 72
322 75
323 77
324 80
325 83
326 86
327 89
328 93
329 96
331 100
332 103
333 107
334 110
335 114
336 118
337 121
338 125
339 128
340 131
341 134
342 137
342 140
343 142
344 144
345 146
345 148
346 149
347 151
347 152
348 153
348 154
349 154
350 155
350 156
351 156
352 156
353 156
353 155
354 155
355 155
356 155
357 155
358 155
359 155
361 155
362 155
363 155
365 154
367 154
369 154
371 154
373 154
375 154
377 154
380 154
382 154
384 153
387 153
389 153
391 153
393 152
395 152
396 152
398 152
399 152
401 152
402 152
403 153
404 153
404 154
405 154
405 155
406 156
406 157
406 158
406 159
407 160
407 161
407 162
407 164
408 166
408 167
408 169
409 172
409 174
409 176
410 179
410 182
411 184
411 187
412 190
412 192
413 195
413 197
414 200
414 202
415 204
415 206
415 208
416 210
416 212
416 213
416 215
417 216
417 217
417 218
417 219
417 220
417 221
416 220
415 220
414 220
412 220
411 220
409 220
407 219
405 219
402 219
400 219
397 219
393 219
390 219
386 219
382 219
378 219
374 219
370 219
365 219
361 219
356 219
351 219
346 220
341 220
336 220
330 220
324 220
319 220
313 221
307 221
301 221
295 221
289 221
283 222
276 222
270 222
264 223
258 223
252 223
246 224
239 224
233 224
227 225
221 225
215 225
210 226
204 226
198 227
193 227
187 227
182 227
177 228
171 228
167 228
162 228
157 229
153 229
149 229
145 229
141 229
138 229
135 229
132 229
129 229
127 229
125 229
123 229
121 229
120 228
119 228
117 228
117 227
116 227
115 226
115 225
114 224
114 223
114 221
114 220
114 219
114 217
114 216
114 214
114 212
115 209
115 207
115 204
115 201
115 198
116 195
116 192
116 188
116 185
116 182
116 178
116 175
116 172
116 169
116 166
116 164
116 161
116 160
115 158
115 156
115 155
115 154
115 153
114 153
114 152
