486
141 139
145 137
146 137
147 138
149 138
151 138
153 138
155 138
157 138
159 138
162 138
164 138
167 138
169 138
172 138
175 138
177 138
180 139
183 139
186 138
188 138
191 138
194 138
196 138
199 138
201 138
204 138
206 138
208 138
210 137
212 137
214 137
216 137
217 137
218 137
219 137
220 137
221 137
222 137
223 136
223 135
222 135
222 134
222 133
222 132
222 130
222 129
222 127
222 125
222 123
222 121
222 119
221 116
221 114
221 111
221 108
221 105
221 102
221 99
221 96
221 93
221 90
221 88
221 85
221 83
221 81
221 79
221 77
221 76
221 74
221 73
221 72
221 71
221 72
222 73
222 74
223 75
223 76
224 77
224 78
225 79
226 81
226 83
227 84
228 86
229 88
230 90
232 93
233 95
234 98
235 101
236 104
238 107
239 110
240 112
241 115
242 118
243 120
244 122
245 125
246 127
247 128
248 130
249 131
249 133
250 134
250 135
251 135
251 136
252 137
253 138
254 138
255 139
255 138
255 137
256 137
256 136
256 135
256 134
257 133
257 131
258 130
258 128
259 126
259 124
260 122
260 119
261 117
262 114
262 111
263 109
264 106
264 103
265 100
265 97
266 94
266 91
266 89
266 86
267 84
267 81
267 79
267 77
268 76
268 74
268 73
268 72
268 71
268 70
268 69
269 69
270 70
271 71
272 72
272 73
273 74
274 75
275 77
276 78
277 80
278 82
279 84
280 86
281 89
282 91
283 94
284 97
285 100
286 103
288 106
289 109
290 111
290 114
291 117
292 120
293 122
294 125
294 127
295 129
296 131
296 133
297 134
297 135
298 137
298 138
299 138
299 139
299 140
300 140
301 139
301 138
302 138
302 137
302 136
303 136
303 135
304 134
304 133
305 132
306 131
307 129
308 127
309 125
310 123
312 121
313 119
314 116
316 114
317 111
319 108
320 105
322 102
323 99
325 96
326 93
328 90
329 87
330 84
331 81
332 78
334 76
334 73
335 71
336 69
337 67
338 65
339 64
339 62
340 61
341 60
341 59
342 59
343 58
343 59
344 59
344 60
345 60
345 61
345 62
346 62
346 63
346 64
346 65
347 67
347 68
347 70
348 72
348 74
348 76
349 78
349 80
349 83
349 86
349 89
350 92
350 96
350 99
350 103
350 106
350 110
350 113
350 117
350 120
349 123
349 126
349 129
349 132
349 134
349 136
349 138
349 140
349 141
350 142
350 143
350 144
351 144
352 144
352 143
353 143
354 142
355 142
356 142
357 141
358 141
359 141
360 141
361 140
363 140
364 140
366 140
368 140
369 139
371 139
373 139
375 139
377 139
380 139
382 138
384 138
386 138
388 138
391 138
393 138
395 137
398 137
400 137
402 137
404 136
406 136
408 136
410 136
412 136
414 135
415 135
417 135
418 135
419 135
420 135
421 135
422 135
422 134
423 134
424 134
425 135
425 136
425 137
425 138
425 139
425 140
425 141
425 142
425 144
426 145
426 147
426 149
426 151
426 154
426 156
426 158
426 161
426 164
426 166
426 169
426 172
426 175
426 177
426 180
426 183
426 185
426 188
426 190
426 192
426 195
426 197
426 198
426 200
426 202
426 203
426 204
426 206
426 207
426 208
426 209
425 210
424 210
423 210
422 210
421 210
419 210
418 210
416 210
415 210
413 211
411 211
408 211
406 212
403 212
400 212
397 213
394 213
390 213
387 214
383 214
379 215
375 215
371 216
367 216
363 217
358 217
354 218
349 218
345 218
340 219
335 219
330 220
325 220
320 220
315 220
310 221
305 221
300 221
295 221
289 221
284 221
279 221
274 221
269 221
263 221
258 221
253 221
248 221
243 221
238 221
234 221
229 221
224 221
220 220
216 220
211 220
207 220
203 220
199 220
196 220
192 220
189 220
185 220
182 220
180 220
177 220
175 220
173 220
171 220
169 220
167 220
166 220
164 220
163 220
162 220
161 220
161 219
160 219
160 218
160 217
160 216
161 215
161 214
161 213
161 212
161 210
161 209
161 207
161 205
161 203
161 201
161 198
161 196
161 194
161 191
160 188
160 185
160 183
160 180
159 177
159 174
159 171
159 169
158 166
158 164
158 161
157 159
157 156
157 154
157 152
157 150
157 148
157 146
157 144
157 143
157 142
157 141
157 140
157 139
157 140
157 141
158 142
158 143
