536
159 158
162 159
163 159
164 159
166 159
167 159
169 159
170 159
172 159
174 159
176 159
178 159
180 159
182 159
184 160
186 160
188 160
190 160
191 160
193 160
195 160
196 160
198 160
199 160
201 160
202 161
203 161
204 161
205 161
206 161
207 161
208 161
209 161
210 161
211 161
212 162
213 162
214 161
214 160
214 159
214 158
214 157
214 155
214 154
214 153
214 152
214 151
214 149
214 148
214 146
214 145
214 143
214 142
214 140
213 138
213 137
213 135
212 134
212 133
212 131
212 130
212 128
212 127
212 125
212 124
212 122
212 121
212 119
212 118
212 116
212 115
212 114
212 112
212 111
212 110
212 109
212 108
212 107
212 106
212 105
212 104
213 104
213 105
214 105
214 106
215 106
215 107
216 108
217 109
218 110
218 111
219 112
220 113
221 114
222 116
223 117
224 118
225 119
226 121
227 122
229 125
230 126
231 127
232 129
232 130
233 132
234 133
235 134
236 136
236 137
237 139
238 140
239 141
239 143
240 144
241 145
242 146
243 147
243 148
244 150
245 151
246 152
247 153
248 154
249 155
249 156
250 157
251 157
251 158
252 158
252 159
253 159
253 160
254 161
255 162
255 161
256 160
256 159
256 158
256 156
257 155
257 154
257 152
258 151
258 149
258 148
258 146
259 144
259 143
259 141
259 139
259 138
259 136
260 134
260 133
260 131
260 130
260 128
260 127
260 126
260 124
260 123
260 122
260 121
260 119
260 118
260 117
260 116
260 115
260 114
260 113
260 112
260 111
260 110
259 109
259 108
259 107
260 108
261 109
261 110
262 110
262 111
263 112
264 113
264 114
265 115
266 116
266 118
267 119
268 120
269 121
270 123
271 124
272 125
273 126
274 128
275 129
276 130
277 132
278 133
279 134
280 135
281 137
282 138
283 139
284 141
285 142
286 143
287 144
287 145
288 146
289 147
290 148
290 149
291 150
292 150
292 151
293 152
294 153
294 154
295 154
295 155
296 155
296 156
297 156
297 157
298 157
298 158
299 158
300 159
300 158
300 157
301 156
301 155
301 154
301 152
301 151
301 150
301 148
301 147
301 145
301 144
301 142
302 140
301 139
301 137
301 136
301 134
301 133
301 131
301 129
301 128
301 127
301 126
301 124
301 123
301 122
301 121
301 120
301 119
301 118
301 117
301 116
301 115
301 114
301 113
302 113
303 114
303 115
304 116
305 117
305 118
306 119
306 120
307 121
307 122
308 123
309 124
309 125
310 126
311 128
312 129
312 130
313 131
314 132
315 133
315 135
316 136
317 137
317 138
318 139
319 141
319 142
320 143
320 144
321 145
321 146
322 147
323 148
324 149
324 150
325 151
325 152
326 153
327 154
327 155
328 156
328 157
329 157
329 158
330 158
330 159
331 159
332 159
333 159
333 158
334 158
335 158
336 158
337 158
338 158
340 158
341 157
343 157
344 157
346 157
348 157
350 157
351 157
353 157
355 157
357 157
359 157
361 157
363 157
365 157
366 157
368 157
370 157
371 157
373 156
374 156
375 156
376 156
377 156
378 156
379 156
380 156
381 156
382 156
383 156
383 157
384 157
385 158
385 159
386 159
386 160
386 161
386 162
386 163
386 164
387 165
387 166
387 167
387 168
387 170
387 171
388 172
388 173
388 174
388 175
389 177
389 178
389 179
389 180
390 181
390 182
390 183
390 185
391 186
391 187
391 188
392 188
392 189
392 190
392 191
393 192
393 193
393 194
393 195
393 196
393 197
393 198
392 198
392 199
391 199
390 199
389 199
388 200
387 200
386 200
384 200
382 200
380 201
378 201
376 201
373 201
371 201
369 201
367 202
364 202
362 202
359 202
356 202
352 202
349 202
346 202
342 202
339 202
336 202
333 203
330 203
327 203
325 203
322 203
319 203
317 203
314 203
312 203
309 203
307 203
304 203
302 203
300 203
297 203
295 203
292 203
290 203
288 203
286 203
283 203
281 203
278 203
276 203
273 203
271 203
268 203
266 203
263 203
261 203
258 203
255 203
253 204
250 204
248 204
245 204
242 204
240 204
237 204
235 204
232 204
230 204
227 204
225 204
223 204
220 204
218 204
216 204
214 204
212 204
210 204
207 204
206 204
204 204
202 204
200 204
198 204
196 204
194 204
192 204
190 205
188 205
186 205
185 205
183 205
182 205
181 205
180 205
179 205
178 205
177 205
176 205
175 205
174 205
173 205
172 205
171 205
170 204
169 204
168 204
168 203
167 203
166 202
166 201
166 200
166 199
166 198
166 197
166 195
166 194
166 192
166 191
166 189
166 188
166 186
167 184
167 182
167 181
167 179
167 177
167 176
167 174
167 173
167 172
167 171
167 170
167 169
167 168
167 167
167 166
167 165
167 164
167 163
168 162
168 161
169 160
