394
165 195
169 193
171 192
174 192
178 192
181 192
185 192
188 192
193 192
198 192
201 192
204 192
207 192
210 192
213 192
216 192
219 191
222 191
226 191
229 191
232 191
235 191
238 191
241 191
244 190
248 190
251 190
254 190
255 188
255 185
255 182
255 178
255 174
255 169
255 166
255 163
254 160
254 157
254 154
254 151
254 147
254 144
254 141
253 138
253 135
253 130
252 127
252 124
252 119
251 117
251 113
251 110
250 108
250 105
252 106
254 108
256 110
258 111
261 113
263 115
265 117
267 118
269 120
271 122
273 125
276 127
278 129
281 131
283 134
286 136
289 139
291 141
294 144
297 146
300 149
303 152
306 155
309 157
311 160
314 163
317 165
319 168
322 170
325 173
327 175
330 178
333 180
336 182
338 184
341 186
343 187
345 189
348 191
350 192
353 194
355 195
357 196
359 197
359 194
359 191
359 188
359 184
359 179
359 174
359 171
359 168
359 165
359 162
359 158
359 155
359 151
359 148
358 145
358 142
358 139
358 136
358 133
358 130
358 127
358 124
357 122
357 119
357 114
357 110
357 106
357 103
357 100
358 98
360 100
362 102
364 104
366 106
367 108
369 110
370 112
372 115
373 117
375 120
377 123
379 126
381 129
383 132
385 135
387 138
389 142
391 145
393 148
396 151
398 154
400 158
402 161
404 164
406 167
409 169
411 172
413 175
415 177
417 180
420 182
422 185
424 187
426 189
428 190
430 192
432 194
435 196
436 198
438 199
440 200
442 202
443 200
444 198
444 195
444 192
445 190
445 185
446 182
446 179
446 176
447 173
447 170
448 167
448 163
448 159
449 156
449 153
450 150
450 146
450 143
451 140
451 137
451 132
451 129
451 124
451 119
451 114
451 110
451 107
451 104
452 102
452 99
453 97
455 99
457 101
458 103
461 106
463 108
464 110
466 112
468 114
469 117
471 119
473 122
474 125
476 128
478 131
479 133
481 136
483 139
484 142
486 146
488 149
489 151
491 154
492 157
494 160
496 163
497 165
499 168
500 170
502 173
504 175
505 177
507 180
508 182
509 184
511 186
512 188
515 190
516 192
518 194
520 195
521 197
523 198
525 199
527 200
530 200
533 200
536 200
539 200
543 200
547 200
551 200
554 200
559 200
564 200
567 200
569 201
572 201
577 201
581 201
585 201
590 202
593 202
597 202
599 203
602 203
603 205
604 207
604 210
605 212
605 216
605 220
605 224
605 227
605 231
605 234
605 238
605 241
605 245
605 248
605 252
606 255
606 258
607 260
608 263
606 265
602 265
598 265
594 265
589 265
584 265
581 265
577 265
574 265
571 265
567 265
564 265
560 265
556 265
553 265
549 265
545 265
541 265
537 265
533 265
529 265
524 265
520 265
515 266
511 266
506 266
501 266
496 266
491 266
486 266
481 266
476 267
470 267
465 267
459 267
454 267
448 268
442 268
436 268
430 269
423 269
417 269
411 270
404 270
398 270
392 270
385 271
379 271
373 271
366 270
360 270
353 270
347 270
340 270
334 270
327 270
320 269
314 269
307 269
301 269
295 268
288 268
282 268
275 267
269 267
263 267
257 267
251 266
245 266
240 266
234 266
229 265
224 265
219 265
215 264
211 264
207 264
203 263
200 263
197 263
194 263
191 263
187 263
185 262
182 262
179 262
178 260
177 258
177 255
177 252
177 247
177 242
178 239
178 236
178 233
179 230
179 227
179 224
180 221
180 218
181 215
181 212
182 208
182 204
183 201
183 198
184 196
184 194
