505
122 140
125 138
127 138
128 138
130 138
132 138
134 138
136 138
139 138
141 138
144 138
146 138
149 138
152 138
155 137
159 137
162 137
165 137
168 137
171 137
174 137
177 137
180 136
183 136
186 136
188 136
191 136
193 136
195 136
197 136
198 136
199 136
201 136
202 136
202 137
203 137
204 137
204 136
204 135
204 134
204 133
204 132
204 131
204 130
204 128
204 126
203 124
203 122
203 120
203 118
203 115
203 112
203 110
203 107
203 104
204 101
204 97
204 94
204 91
204 88
204 85
204 82
204 80
204 77
204 75
204 72
204 70
204 68
204 67
204 65
204 64
204 63
204 62
204 61
204 60
204 61
205 62
205 63
206 64
206 65
207 67
208 68
209 70
210 72
211 73
213 75
214 77
216 80
217 82
219 84
221 86
223 89
224 91
226 94
228 97
230 99
232 102
234 105
236 107
238 110
241 112
243 115
245 117
247 119
248 122
250 124
252 126
253 128
255 129
256 131
257 133
258 134
259 135
259 136
260 137
260 138
261 138
261 139
262 140
262 139
262 138
262 137
262 136
262 135
262 134
262 133
262 132
262 131
262 130
262 128
262 126
263 125
263 123
263 120
263 118
263 115
263 113
263 110
263 107
263 104
263 101
263 98
263 95
263 92
263 89
263 85
263 82
263 80
263 77
263 74
264 71
264 69
264 67
264 65
264 63
265 61
265 60
265 59
265 58
265 57
265 56
265 55
265 56
265 57
266 57
266 58
266 59
267 59
267 60
268 61
269 61
270 62
270 63
271 64
272 65
273 66
274 68
276 70
277 71
278 73
280 75
281 77
283 80
285 82
287 84
289 87
291 89
293 92
295 94
297 97
299 100
302 102
304 105
306 108
308 110
310 113
313 116
315 118
317 121
319 123
321 125
323 127
324 129
326 131
327 133
329 134
330 135
331 136
332 137
333 138
334 139
335 140
335 139
335 138
335 137
335 136
335 135
335 134
335 133
336 131
336 130
336 128
336 125
336 123
336 120
336 116
336 113
336 110
336 106
335 102
335 98
335 95
335 91
335 88
335 84
334 81
334 78
334 75
334 72
333 70
333 67
333 65
333 63
333 61
332 60
332 58
332 57
332 56
332 55
333 56
334 57
334 58
335 58
335 59
336 60
337 61
337 62
338 63
339 65
341 66
342 68
343 70
345 72
346 73
348 75
349 77
351 79
353 82
354 84
356 86
358 88
360 91
361 93
363 96
365 99
367 101
369 104
371 107
373 110
375 113
377 115
378 118
380 121
382 124
384 126
385 128
387 131
388 133
390 135
391 136
392 138
393 139
394 140
396 141
396 142
397 143
398 143
399 143
400 143
401 143
402 143
403 143
404 143
405 143
406 143
407 143
408 143
409 143
410 143
411 143
412 143
413 143
415 143
416 143
418 143
420 143
422 143
424 143
426 143
428 143
430 143
433 143
435 143
437 143
439 143
441 143
443 143
445 143
446 143
448 143
449 143
451 143
452 143
453 143
453 144
454 144
455 144
456 144
456 145
456 146
456 147
457 148
457 149
457 150
457 152
457 153
457 154
457 155
457 157
458 159
458 161
458 162
458 164
459 166
459 169
459 171
459 173
460 176
460 178
461 181
461 183
461 186
461 188
462 190
462 192
462 194
462 196
463 198
463 200
463 201
463 202
463 204
463 205
463 206
463 207
463 208
462 208
461 208
460 208
459 208
458 208
457 208
456 208
454 208
452 208
450 208
448 208
446 208
443 208
441 208
438 208
435 209
432 209
428 209
425 209
421 209
418 210
414 210
410 210
405 210
401 210
397 211
392 211
388 211
383 211
379 211
374 211
369 211
364 211
359 211
354 211
349 212
344 212
339 212
334 212
329 212
323 212
318 213
312 213
307 213
301 213
296 214
290 214
285 214
279 214
274 214
268 215
263 215
257 215
252 215
247 215
241 215
236 215
231 215
226 215
222 215
217 214
213 214
208 214
204 214
200 214
196 214
192 214
188 213
184 213
181 213
177 213
174 213
171 213
168 213
165 213
163 212
160 212
158 212
156 212
154 212
152 212
151 212
149 212
148 212
147 212
146 212
145 211
144 211
143 211
142 211
141 210
140 209
140 208
140 207
139 206
139 205
139 203
139 202
139 200
139 198
139 196
140 194
140 192
140 189
140 187
140 184
140 181
140 178
140 175
140 172
139 169
139 166
139 163
139 161
139 158
139 155
139 153
139 151
139 149
139 147
139 145
139 144
139 142
138 141
138 140
138 139
139 140
139 141
140 142
