461
174 216
179 213
182 213
184 212
188 212
192 212
196 211
200 211
205 211
210 211
215 210
218 210
221 210
224 210
227 210
230 210
233 209
236 209
239 209
242 209
245 209
248 209
251 209
254 208
259 208
263 208
266 208
269 208
272 208
272 205
272 202
272 199
273 197
273 193
273 190
273 186
273 182
273 178
272 175
272 170
272 167
271 162
271 159
270 156
270 153
269 149
268 146
268 143
267 140
266 136
265 133
265 130
264 127
264 124
263 121
263 118
262 115
262 112
262 109
262 106
261 104
261 99
261 96
261 93
263 94
264 96
265 98
267 101
269 103
272 106
273 108
275 110
276 113
278 115
280 117
282 120
284 122
286 125
288 128
291 131
293 133
295 136
298 139
300 142
303 144
305 147
308 150
310 152
313 155
315 158
318 161
320 163
322 166
325 169
327 171
329 174
332 177
334 179
336 182
338 185
340 187
342 189
344 192
346 194
348 196
350 198
351 201
353 203
355 204
356 206
358 208
359 210
361 211
362 213
364 215
365 217
367 218
368 216
369 214
369 211
370 207
370 204
370 200
370 197
371 195
371 190
371 187
371 182
371 179
371 176
371 173
371 170
371 167
371 164
371 160
371 157
371 154
371 150
371 147
371 144
371 141
371 138
371 134
371 131
371 128
371 125
371 122
372 119
372 116
372 111
372 106
372 102
372 98
372 94
372 91
372 88
373 86
375 87
376 89
378 92
379 95
380 97
381 99
382 101
383 104
384 106
385 108
386 111
388 113
389 116
390 119
391 122
393 125
394 128
395 131
397 134
398 137
400 140
401 143
403 146
405 149
406 153
408 156
409 159
411 162
412 165
414 169
415 172
416 175
418 178
419 181
420 184
421 187
423 190
424 193
425 195
426 198
428 200
429 203
430 205
432 207
433 209
434 211
436 214
437 216
439 218
440 220
441 218
442 215
442 212
443 209
443 205
444 203
445 199
445 196
445 193
446 191
446 188
447 185
447 181
448 178
448 175
449 172
450 168
450 165
451 162
451 159
452 155
452 152
453 149
453 146
454 142
454 139
454 136
454 133
455 130
455 127
455 124
455 121
455 116
456 113
456 109
456 104
456 101
457 99
457 96
457 93
458 91
458 88
460 87
461 90
462 92
463 94
464 97
465 99
467 102
468 104
469 106
470 109
471 111
472 113
473 116
475 118
476 121
477 123
478 126
479 129
480 131
481 134
482 137
484 139
485 142
486 145
487 148
488 150
489 153
490 156
491 158
491 161
492 163
493 166
494 168
495 171
496 174
497 178
498 181
499 185
500 189
501 193
502 196
503 199
504 202
505 205
506 207
508 208
511 208
513 209
517 209
520 209
523 210
526 210
529 210
532 211
536 212
540 212
544 212
548 213
552 213
555 213
559 213
563 213
568 213
570 214
574 214
578 214
582 214
585 214
588 215
591 215
594 215
595 217
595 220
596 222
596 226
595 229
595 232
595 235
595 239
595 243
594 246
594 250
593 252
593 256
592 258
592 262
591 264
590 267
590 270
589 273
589 276
588 278
586 280
584 281
581 281
578 282
575 282
571 282
567 282
565 283
562 283
557 283
554 283
552 284
549 284
546 284
543 284
539 284
536 285
533 285
530 285
526 285
523 285
519 285
515 285
512 286
508 286
504 286
500 286
496 286
492 286
488 286
484 286
480 286
476 286
472 287
468 287
463 287
459 287
455 287
451 288
446 288
441 288
437 288
432 288
427 288
422 288
417 288
412 288
408 289
403 289
398 289
393 289
388 289
383 289
377 289
372 290
367 290
362 290
357 290
351 290
346 290
341 290
335 290
330 290
325 290
320 290
314 290
309 290
304 290
299 290
294 290
289 290
284 290
279 290
274 290
268 291
263 291
258 291
253 291
248 291
243 291
238 291
234 291
229 291
225 290
221 290
217 290
213 290
210 290
206 290
203 289
200 289
197 289
194 289
191 289
187 289
183 289
181 288
178 287
176 285
176 282
175 279
175 275
176 271
176 268
176 263
176 260
176 257
177 254
177 251
177 248
178 245
178 242
178 239
179 234
179 231
179 226
179 222
180 219
180 216
179 216
