370
167 197
171 196
174 196
178 196
182 196
184 195
187 195
190 195
193 195
196 195
199 195
202 195
205 195
208 195
211 195
214 195
218 195
221 195
224 194
227 194
230 194
233 194
238 194
240 193
244 193
247 193
250 193
250 190
251 188
251 185
251 181
251 177
251 172
251 167
251 163
251 160
250 158
250 155
250 152
250 147
249 144
249 141
249 136
248 134
248 131
248 127
247 123
247 119
247 116
247 113
245 114
248 113
250 114
253 116
256 119
258 120
260 122
262 124
264 126
266 128
269 130
271 132
274 135
276 137
279 139
281 142
284 144
287 147
289 150
292 153
294 156
297 159
299 161
302 164
304 167
307 169
309 172
312 174
314 177
317 179
319 181
322 182
324 184
326 186
328 187
330 188
332 189
334 190
336 192
338 193
340 194
340 191
340 187
340 183
341 181
341 176
342 171
342 168
342 165
343 162
343 159
343 156
343 153
343 149
344 146
344 143
344 140
344 137
344 132
345 129
345 124
345 119
345 115
345 112
345 109
346 107
349 107
351 108
353 110
355 111
357 113
360 116
362 118
364 121
366 123
368 125
370 128
372 131
374 133
376 136
379 139
381 142
383 145
385 148
388 150
390 153
392 156
394 159
396 162
398 164
400 167
403 169
405 172
407 174
409 176
411 178
413 180
415 182
417 183
418 185
420 186
421 188
423 189
425 191
427 192
429 194
431 195
432 193
432 190
433 188
433 184
433 180
434 178
434 175
434 172
435 170
435 167
436 164
436 161
437 158
437 155
437 152
438 149
438 146
438 143
438 140
438 137
439 134
439 131
439 126
439 123
439 120
440 118
440 113
441 109
441 106
441 103
442 101
444 102
446 105
449 107
450 109
451 111
454 114
455 116
457 119
458 121
460 123
461 126
463 129
465 132
466 135
468 137
469 140
471 144
472 147
473 150
475 153
476 156
478 159
479 161
480 164
482 167
483 169
484 172
486 174
487 176
488 178
490 180
491 182
493 185
494 187
496 189
497 191
498 193
500 194
502 195
505 195
509 195
512 195
516 195
518 194
522 194
525 194
529 194
532 194
537 194
542 194
545 195
550 195
555 195
558 195
563 195
567 195
570 195
574 195
577 195
580 195
583 195
585 196
586 199
586 203
586 207
587 209
587 213
587 218
587 223
587 228
587 233
587 238
588 242
588 245
588 248
588 251
588 254
587 256
585 257
582 257
579 258
576 259
572 259
569 260
564 260
559 261
556 261
553 261
549 262
546 262
543 262
539 262
535 263
532 263
528 263
524 263
520 264
517 264
513 264
509 264
505 264
500 264
496 264
492 264
487 264
483 264
478 264
473 264
468 264
463 264
458 264
453 264
447 264
441 264
435 264
429 264
423 264
417 264
410 264
404 264
398 264
392 264
385 264
379 264
373 264
367 264
360 264
354 264
347 264
341 264
334 264
328 264
321 264
315 264
309 264
302 264
296 263
290 263
283 263
277 263
270 262
264 262
257 262
251 262
244 262
238 262
232 262
226 262
220 262
214 262
209 262
204 262
199 262
195 262
190 262
187 262
183 262
180 262
177 262
173 261
170 261
167 261
165 259
164 257
164 254
164 250
164 247
164 242
165 237
165 234
166 229
166 226
167 221
168 217
168 213
169 211
170 207
171 203
172 199
173 196
174 193
172 192
