493
162 210
165 209
168 209
171 209
174 208
177 208
180 208
184 208
188 208
192 208
196 208
199 208
204 208
209 208
214 208
217 208
220 207
225 207
228 207
231 207
236 207
241 207
246 207
250 207
253 207
256 207
258 206
257 203
257 200
257 197
257 194
256 190
256 186
256 181
255 179
255 174
255 169
255 166
255 161
254 158
254 155
254 150
254 147
254 142
253 137
253 133
253 128
253 125
253 120
252 118
252 115
252 112
252 107
252 102
252 98
252 95
252 91
252 87
252 84
253 82
253 79
255 80
257 82
259 84
261 86
262 88
264 89
265 91
267 93
269 95
270 97
272 99
274 101
276 103
279 105
281 108
283 110
285 113
286 115
288 118
290 121
292 123
294 126
297 129
299 132
301 135
303 137
305 140
308 143
310 146
312 148
314 151
317 154
319 157
321 159
324 162
326 165
328 167
331 170
333 173
335 175
338 178
340 181
342 184
344 186
347 189
349 191
351 194
353 196
355 199
357 201
358 203
360 205
361 207
362 209
364 210
365 212
366 214
368 216
369 218
369 215
368 212
368 209
369 206
369 202
369 198
369 193
369 188
370 186
370 183
370 180
370 176
370 173
370 170
370 166
370 163
370 159
371 155
371 152
371 149
372 145
372 142
372 138
373 135
373 132
373 129
374 126
374 122
374 119
374 116
375 113
375 109
375 106
376 103
376 100
376 97
376 92
377 90
377 86
377 83
377 80
379 81
381 83
383 85
384 87
386 88
387 90
388 92
390 94
392 96
393 98
395 101
397 103
399 105
401 108
403 110
405 113
407 116
409 119
411 121
413 124
415 127
417 130
419 133
421 135
423 138
425 141
427 144
428 147
430 149
432 152
434 155
436 158
438 161
440 164
441 166
443 169
444 171
446 174
447 176
449 179
450 181
451 184
453 186
454 188
455 190
456 192
457 194
458 196
459 198
460 200
461 202
463 204
464 206
465 208
466 210
468 212
468 209
468 206
469 204
469 200
470 198
471 194
471 191
472 189
472 186
473 183
473 180
474 177
474 174
474 171
475 167
475 164
476 161
476 158
476 155
477 152
477 149
477 146
477 143
478 140
478 137
478 134
479 131
479 128
479 125
479 122
480 119
480 114
481 111
481 108
481 103
481 100
482 98
482 95
482 90
482 86
482 82
483 78
483 75
485 76
487 78
488 80
490 82
491 84
492 86
493 88
495 92
497 94
498 96
500 98
501 101
502 103
504 106
505 109
507 111
508 114
510 117
511 119
512 122
514 125
515 128
516 130
518 133
519 136
520 139
522 141
523 144
524 147
526 150
527 153
528 156
529 159
531 162
532 164
533 167
535 170
536 172
537 175
538 177
540 180
541 182
542 185
543 187
544 189
545 191
546 193
547 195
548 199
549 201
550 203
551 207
552 209
552 212
553 214
555 216
558 216
560 217
563 217
567 217
570 217
575 217
579 217
581 218
584 218
588 218
591 219
596 219
601 219
605 220
608 220
612 220
616 220
619 220
622 220
624 221
625 223
625 227
625 230
625 233
625 237
625 241
624 245
624 249
624 253
623 255
623 258
623 262
622 264
622 268
621 272
621 276
621 279
620 281
620 284
620 287
619 289
617 290
614 290
610 290
607 290
603 291
598 291
593 291
588 291
585 292
582 292
579 292
576 292
573 292
570 292
566 292
563 292
560 293
556 293
553 293
549 293
545 293
541 293
538 293
534 293
530 293
526 293
521 294
517 294
513 294
508 294
504 294
499 295
494 295
489 295
485 295
480 295
475 296
470 296
466 296
461 296
456 296
452 296
447 296
442 296
437 296
432 296
427 297
422 297
416 297
411 297
406 298
401 298
395 298
390 298
384 298
379 299
374 299
368 299
362 299
357 300
351 300
346 300
340 300
335 301
329 301
324 301
319 301
313 301
308 302
303 302
298 302
292 302
287 302
282 302
277 302
272 302
267 302
262 302
257 302
252 302
248 302
243 301
238 301
233 301
228 301
223 301
218 301
214 301
209 301
205 301
201 301
197 301
193 301
189 301
186 301
182 300
179 300
176 300
173 300
170 300
167 300
163 300
159 300
156 300
154 299
152 298
151 296
152 293
152 289
152 286
153 282
153 278
153 275
154 273
154 270
154 267
154 264
155 261
155 258
155 255
156 252
156 249
156 246
157 243
157 240
158 237
158 234
159 232
159 229
160 227
161 223
162 219
163 215
164 213
165 211
164 209
