502
326 151
333 150
335 150
336 150
338 150
340 150
342 149
344 149
346 149
348 149
351 148
353 148
356 148
358 147
361 147
363 146
366 146
368 145
371 145
373 144
375 144
378 144
380 143
381 143
383 143
385 142
386 142
387 142
388 142
389 142
390 141
391 141
392 141
392 140
392 139
392 138
392 137
392 136
392 135
392 134
392 132
392 130
392 129
392 127
393 124
393 122
393 119
393 116
393 114
393 111
393 108
393 105
393 101
393 98
394 95
394 92
394 90
394 87
394 84
394 82
394 80
394 78
394 76
394 74
394 72
394 71
394 70
394 68
394 67
394 66
394 65
394 66
395 67
395 68
395 69
396 69
397 71
398 72
399 73
400 74
401 76
402 77
403 79
404 81
406 83
407 84
408 86
410 89
411 91
412 93
414 96
415 98
416 101
418 103
419 106
420 109
421 112
422 115
423 118
425 121
426 124
427 126
428 129
429 132
429 134
430 137
431 139
432 141
433 143
434 145
434 146
435 148
436 149
437 150
437 151
438 152
439 153
439 154
440 154
440 155
441 155
442 156
443 156
443 155
443 154
443 153
444 153
444 152
444 151
444 150
444 149
445 148
445 147
445 146
446 144
446 143
446 141
447 139
447 137
447 135
447 133
448 130
448 128
448 125
448 122
449 119
449 116
449 113
449 110
450 107
450 104
450 100
451 97
451 94
451 91
451 88
452 86
452 83
452 81
452 79
452 77
452 75
453 74
453 73
453 71
453 70
453 69
453 68
453 67
454 68
454 69
455 69
456 69
456 70
457 71
458 71
459 72
459 73
460 74
461 76
462 77
464 79
465 80
466 82
467 84
469 86
470 88
472 91
474 93
475 96
477 98
479 101
481 103
483 106
485 109
487 111
489 114
491 116
493 119
495 121
497 124
499 126
500 128
502 130
503 132
505 134
506 136
507 137
508 139
509 140
510 142
511 143
512 144
513 145
513 146
514 147
514 148
515 148
515 149
515 148
515 147
515 146
515 145
516 145
516 144
516 143
517 141
517 140
518 138
518 136
519 134
520 132
520 129
521 126
522 123
522 120
523 117
524 113
524 110
525 107
525 104
526 101
526 98
527 95
527 92
528 90
528 88
528 86
528 84
529 82
529 81
529 80
529 79
529 78
529 77
529 76
530 76
530 75
530 74
531 75
532 76
532 77
533 77
533 78
534 79
534 80
535 81
536 83
536 84
537 86
538 88
539 90
539 93
540 95
540 98
541 101
542 104
543 107
543 110
544 113
545 116
546 119
547 123
547 125
548 128
549 131
550 133
551 135
551 137
552 139
553 140
554 141
555 143
555 144
556 144
557 145
557 146
558 146
558 147
559 147
560 148
561 148
562 148
563 148
564 148
565 147
566 147
567 147
568 146
570 146
571 146
573 145
574 145
576 145
578 144
580 144
582 143
585 143
587 142
589 141
592 141
594 140
596 140
598 139
600 139
602 138
604 138
606 138
608 137
609 137
611 136
612 136
613 136
614 136
615 135
616 135
617 135
618 136
619 137
619 138
620 139
620 140
620 141
621 142
621 144
621 145
622 147
622 148
623 150
623 152
623 155
624 157
624 159
625 162
625 164
626 167
626 169
627 172
627 175
628 177
628 180
628 182
629 184
629 187
630 189
630 191
631 192
631 194
632 196
632 197
632 199
633 200
633 201
633 202
634 203
634 204
634 205
634 206
633 206
632 206
631 206
630 207
629 207
628 207
626 207
625 207
623 207
621 207
619 208
616 208
614 208
611 208
608 209
605 209
602 209
598 209
595 210
591 210
587 210
584 210
580 210
575 210
571 211
567 211
563 211
558 211
554 211
549 211
545 211
540 211
535 211
530 211
525 211
520 212
515 212
510 212
505 212
500 212
495 213
490 213
485 214
480 214
474 214
469 215
464 215
459 216
454 216
449 217
444 217
439 218
434 219
429 219
425 220
420 220
416 221
412 221
407 221
403 222
399 222
395 223
392 223
388 224
385 224
381 224
378 225
375 225
373 225
370 225
368 225
366 226
364 226
362 226
360 225
359 225
358 225
357 225
356 225
355 224
354 224
354 223
353 222
352 221
352 220
351 219
351 218
351 217
350 216
350 214
350 213
350 211
350 209
350 207
349 204
349 202
349 199
349 196
349 194
349 191
348 188
348 185
348 182
348 179
347 176
347 173
347 170
346 168
346 165
346 163
345 161
345 159
345 157
345 155
344 154
344 152
344 151
344 150
343 150
343 149
344 149
344 150
345 151
345 152
