573
129 206
135 205
136 205
137 204
139 204
140 204
142 204
144 204
147 204
149 203
152 203
154 203
157 203
160 203
163 202
166 202
170 202
173 202
177 202
180 201
184 201
188 201
191 201
195 201
199 200
202 200
206 200
209 200
212 200
216 200
219 200
222 200
225 200
227 200
230 200
232 200
234 200
236 200
237 200
239 200
240 199
241 199
241 198
242 197
242 196
242 195
242 194
242 193
242 191
243 190
243 188
243 186
244 185
244 183
244 181
245 178
245 176
245 174
246 171
246 169
246 167
246 164
246 162
246 159
246 156
246 153
246 151
246 148
246 145
246 142
246 139
246 136
246 133
246 130
246 127
246 123
246 121
246 118
246 115
245 112
245 109
245 107
245 104
245 102
245 100
245 98
245 96
245 94
245 93
245 92
245 91
245 90
245 89
245 88
246 88
246 89
247 89
248 90
248 91
249 92
251 93
252 94
253 95
254 97
256 99
257 101
259 103
260 105
262 107
264 109
266 111
267 114
269 116
271 118
273 121
275 123
277 126
279 129
281 131
283 134
285 137
287 140
289 142
292 145
294 148
296 151
298 154
300 156
302 159
304 162
306 165
308 167
310 170
312 173
314 175
316 178
318 180
320 183
322 185
324 187
325 189
327 191
328 193
329 194
330 196
331 197
332 198
333 199
334 199
334 200
335 200
335 201
336 201
336 200
336 199
336 198
336 197
336 196
336 194
336 192
336 191
336 189
336 186
336 184
337 182
337 180
337 177
337 175
337 172
337 172
337 169
337 167
337 164
337 161
337 161
337 159
337 156
337 153
337 150
337 148
337 145
337 142
337 140
337 137
337 134
338 131
338 129
338 126
338 123
338 121
338 118
338 116
338 113
338 111
339 109
339 106
339 104
339 102
339 100
340 99
340 97
340 96
340 94
340 93
340 92
341 91
341 90
341 89
342 90
343 91
343 92
344 93
345 94
346 96
347 97
348 99
349 100
350 102
351 104
353 106
354 108
355 110
356 112
358 114
359 117
360 119
362 121
363 124
365 126
366 129
368 132
369 135
371 138
372 140
373 143
375 146
376 149
378 152
379 154
381 157
382 160
384 163
385 165
387 168
389 170
390 173
392 175
394 177
395 180
397 182
398 184
400 186
401 188
402 189
403 191
405 192
405 193
406 195
407 196
408 197
409 198
409 199
410 199
410 198
410 197
410 195
411 194
411 193
411 191
411 190
411 188
412 186
412 184
412 182
413 179
413 177
413 175
414 172
414 170
415 167
415 164
415 161
416 158
416 155
416 153
417 149
417 146
417 143
417 140
417 137
417 134
418 131
418 129
418 126
418 123
418 120
419 117
419 115
419 112
419 109
420 107
420 104
420 102
420 100
420 98
420 96
420 94
421 93
421 92
421 91
421 90
421 89
421 88
421 87
422 88
423 89
424 90
425 91
425 92
426 94
427 95
428 97
429 99
430 101
431 103
432 105
433 107
433 109
434 111
435 114
436 116
437 119
437 121
438 124
439 127
440 130
440 133
441 135
442 138
442 141
443 144
444 147
445 150
445 152
446 155
447 158
448 160
449 163
450 165
450 168
451 170
452 172
453 175
453 177
454 178
455 180
455 182
456 184
456 185
457 186
457 187
457 188
458 189
458 190
458 191
459 191
459 192
460 192
460 193
461 193
462 193
463 193
464 193
465 193
466 193
468 193
470 193
471 193
474 193
476 193
479 193
481 193
484 193
487 193
490 193
493 193
497 193
500 193
503 193
507 193
510 193
514 193
517 193
520 193
523 193
526 193
529 193
532 193
535 193
537 193
539 193
541 193
542 193
544 193
545 193
546 193
547 193
547 194
548 194
548 195
549 196
549 197
549 198
549 199
549 200
550 201
550 202
550 204
550 205
550 207
550 209
550 211
550 213
550 215
550 217
550 220
550 222
550 224
550 226
550 229
550 231
550 233
550 236
550 238
550 240
550 242
550 244
550 245
550 246
550 247
550 248
550 249
550 250
551 251
550 251
551 251
550 251
549 251
548 252
546 252
545 252
544 253
542 253
541 253
539 253
537 254
535 254
533 254
530 254
528 254
525 255
522 255
519 255
516 256
512 256
509 256
505 256
501 257
497 257
492 257
488 258
484 258
479 258
474 258
469 258
464 259
459 259
454 259
449 259
443 259
438 259
432 259
426 259
421 259
415 259
409 260
402 260
396 260
389 260
383 260
376 260
369 261
362 261
355 261
347 261
340 261
332 261
325 262
318 262
310 262
303 262
296 262
288 262
281 262
274 262
267 262
260 262
253 262
246 262
239 262
232 262
226 262
219 262
213 262
207 262
201 262
196 262
190 262
185 262
180 261
175 261
171 261
166 261
162 261
158 261
155 261
152 261
149 261
146 261
144 261
142 261
140 261
138 261
137 261
136 261
135 261
134 261
133 261
132 261
131 261
131 260
131 259
131 258
131 257
131 256
131 254
131 253
131 251
131 249
132 246
132 244
132 241
132 238
133 235
133 232
133 229
133 226
134 223
134 220
134 217
135 215
135 213
135 211
135 209
135 208
136 207
136 206
136 205
137 204
138 204
139 204
139 203
139 203
