584
120 204
124 203
125 203
127 203
128 203
129 202
131 202
132 202
134 202
136 202
138 202
140 202
142 201
145 201
147 201
149 201
152 201
154 201
157 201
160 201
162 201
165 201
168 201
170 201
173 200
176 200
179 200
181 200
184 200
187 200
189 200
192 200
194 200
196 200
198 200
200 199
202 199
204 199
206 199
207 198
208 198
209 198
210 198
211 198
211 198
212 198
212 197
212 197
213 197
214 197
214 196
215 195
215 194
215 193
216 193
216 191
216 190
216 189
217 187
217 186
218 184
218 182
218 180
219 178
219 176
219 174
219 172
219 170
219 167
219 165
219 163
219 160
219 158
219 155
219 152
219 149
219 147
219 144
218 141
218 138
218 136
218 133
218 130
217 128
217 125
217 122
217 120
217 117
217 115
217 113
217 110
217 108
217 106
217 105
217 103
217 102
217 100
217 99
217 98
218 97
219 97
220 98
221 98
222 99
223 99
224 100
226 101
227 102
228 103
230 105
232 106
233 108
235 110
237 111
239 113
240 115
242 117
244 119
246 121
248 123
250 125
251 128
253 130
255 132
257 135
259 137
261 140
263 143
265 145
267 148
269 150
271 153
272 155
274 158
276 160
277 163
279 165
280 168
282 170
284 172
285 175
286 177
288 179
289 181
290 183
291 184
292 186
293 187
294 189
295 189
295 190
296 191
296 192
297 192
297 193
298 194
299 194
299 193
299 192
299 191
299 189
299 188
299 186
299 184
299 182
300 180
300 178
300 176
300 173
301 171
301 168
301 165
302 162
302 159
302 157
303 154
303 151
304 148
304 145
304 143
305 140
305 137
306 134
306 132
306 129
307 126
307 123
307 121
308 118
308 116
309 113
309 111
309 109
310 107
310 104
310 102
310 101
311 99
311 97
311 96
311 95
312 94
312 93
312 92
312 91
313 91
313 90
313 91
314 91
314 92
315 92
315 93
316 94
317 95
318 97
318 98
319 99
320 101
321 103
323 105
324 106
325 108
326 110
328 112
329 114
331 117
332 119
333 121
335 123
336 125
338 128
339 130
341 132
342 135
344 137
345 140
346 142
348 144
349 147
350 149
352 152
353 154
354 157
355 159
357 161
358 164
359 166
361 169
362 171
363 173
365 175
366 177
367 179
368 181
369 183
371 185
371 186
372 188
373 189
374 190
374 191
375 192
375 193
376 194
377 195
377 196
378 196
378 197
379 196
379 195
379 194
379 193
379 191
379 190
379 189
380 187
380 185
380 183
381 181
381 179
381 177
382 175
382 172
383 170
383 167
384 165
384 162
384 159
385 157
385 154
386 151
386 149
387 146
387 143
387 140
388 138
388 135
388 132
389 130
389 127
389 125
390 122
390 120
390 118
390 116
390 114
390 111
390 109
390 107
390 106
390 104
390 102
390 101
390 100
390 98
390 97
390 96
390 95
390 96
391 97
392 98
393 100
394 101
395 102
396 104
397 105
398 107
399 109
400 110
401 112
402 114
403 116
404 118
405 121
407 123
408 125
409 128
410 130
411 132
413 135
414 137
415 140
417 142
418 145
419 147
420 150
422 152
423 155
424 157
425 160
427 162
428 165
429 167
430 170
431 172
433 174
434 176
435 178
436 180
436 182
437 184
438 185
439 187
439 188
440 190
440 191
441 192
441 193
442 193
442 194
443 195
444 195
445 195
446 195
447 195
448 194
449 194
450 194
452 194
453 194
455 194
457 194
459 194
461 194
463 194
465 194
468 194
470 194
473 194
476 194
478 194
481 194
484 194
487 194
490 195
493 195
496 195
499 195
502 195
504 195
507 195
510 195
512 195
514 196
517 196
519 196
520 196
522 196
524 196
525 196
526 196
527 196
528 196
529 196
530 196
531 197
531 198
531 199
531 200
531 201
531 202
531 203
531 205
531 206
531 208
530 210
530 211
530 213
530 216
530 217
530 220
530 222
530 224
530 226
530 228
530 231
530 233
530 235
530 238
530 240
530 242
530 244
530 246
530 248
530 250
530 251
530 253
529 254
529 255
529 256
529 257
529 258
528 259
528 260
527 260
526 261
525 261
524 262
523 262
522 262
520 263
519 263
517 263
515 264
513 264
511 264
508 265
505 265
502 265
499 266
496 266
492 266
489 267
485 267
481 267
477 268
473 268
469 268
465 269
460 269
455 269
451 269
446 269
441 269
436 270
431 270
426 270
420 270
415 270
410 270
404 270
398 271
393 271
387 271
381 271
375 271
369 271
363 271
357 271
350 271
344 271
337 271
330 271
323 271
316 272
309 272
302 272
294 272
287 272
279 272
271 272
264 272
256 272
248 273
240 273
233 273
225 273
217 273
210 273
202 274
195 274
188 274
181 274
174 274
167 274
161 274
155 274
149 274
144 274
139 274
135 274
131 274
127 274
124 274
121 274
118 273
116 273
114 273
113 272
112 272
111 272
110 272
109 271
109 270
109 269
109 268
109 267
109 266
109 265
109 264
110 262
110 261
110 260
111 258
111 256
111 255
112 253
112 251
112 249
113 246
113 244
113 242
113 240
113 237
113 235
113 232
113 230
113 227
113 225
113 223
113 221
113 219
113 217
113 216
113 214
113 213
113 212
113 210
113 209
113 208
113 207
114 206
114 205
114 205
