392
173 195
178 194
181 194
184 194
188 194
193 194
198 194
201 194
204 194
207 194
211 194
214 194
217 194
221 193
224 193
227 193
230 193
233 193
236 193
239 193
242 193
245 193
249 193
253 193
256 193
259 193
261 192
261 189
261 186
261 183
261 179
261 175
261 170
261 165
261 160
261 157
261 154
260 151
260 148
260 143
259 140
259 137
258 134
257 129
257 126
256 124
255 121
254 116
253 114
253 111
252 109
251 107
250 103
249 100
248 97
250 98
252 100
254 101
255 103
257 105
259 107
262 110
264 112
265 114
267 117
269 119
271 122
273 125
275 127
277 130
279 133
281 135
283 138
285 141
287 144
290 146
292 149
294 152
297 155
299 158
302 161
304 164
307 167
309 170
311 172
314 175
316 178
318 180
321 182
323 185
325 187
327 188
329 190
330 192
332 193
334 195
336 196
338 198
339 196
339 192
340 190
340 186
341 181
342 176
342 173
343 170
343 167
344 164
345 161
345 157
346 154
347 151
347 147
347 144
348 140
348 137
348 133
349 129
349 126
349 122
349 119
349 116
349 113
349 110
349 107
350 104
350 99
350 95
350 91
351 88
351 85
352 83
353 85
355 88
357 91
358 93
360 95
361 97
362 100
364 102
365 105
367 107
368 110
370 113
372 115
374 118
376 121
378 124
380 127
382 131
384 134
386 137
388 140
390 143
392 146
394 150
396 153
398 156
400 159
402 162
404 166
406 169
407 172
409 175
411 177
413 180
414 183
416 185
417 187
418 189
420 192
422 194
424 196
425 194
425 190
425 186
426 184
426 179
427 176
428 171
428 167
429 164
429 161
430 157
431 154
432 151
432 147
433 144
434 140
434 137
435 134
435 130
436 127
436 124
437 121
437 117
437 114
438 111
438 108
438 103
438 98
439 94
439 91
439 88
440 85
440 82
442 81
444 83
446 85
448 88
449 90
450 92
451 94
452 96
453 99
454 101
455 104
456 107
457 110
459 112
460 115
462 118
463 121
465 124
466 127
468 130
469 133
471 136
472 139
473 142
475 145
476 149
477 152
478 155
479 158
481 161
482 164
483 167
484 170
485 172
486 174
487 177
488 180
489 182
490 184
491 186
493 187
495 188
499 188
502 188
506 188
508 187
513 187
516 187
519 187
524 187
527 187
530 187
533 188
536 188
539 188
542 188
544 189
549 189
553 189
556 190
559 190
561 191
563 192
563 196
564 198
564 202
564 206
564 211
564 215
564 218
563 221
563 224
563 227
562 230
562 234
562 237
561 240
561 243
560 247
560 250
559 252
559 255
559 258
559 262
559 265
559 268
559 271
556 271
553 272
550 272
546 273
541 273
536 273
533 273
531 274
528 274
525 274
521 274
518 274
515 275
511 275
508 275
504 275
500 275
496 275
491 275
487 275
483 275
478 275
473 275
468 275
463 274
458 274
452 274
446 274
440 274
434 275
428 275
422 275
415 275
408 275
402 275
395 275
388 276
381 276
374 276
367 275
360 275
353 275
346 275
339 275
332 275
325 275
318 275
310 275
303 275
297 275
290 275
283 275
277 275
271 274
265 274
259 274
253 274
247 273
242 273
236 273
231 273
226 273
221 273
217 272
213 272
209 272
206 272
203 272
200 272
197 272
193 272
189 272
186 272
184 271
183 269
182 267
182 263
182 260
183 258
183 253
184 248
184 245
184 242
185 239
185 235
185 232
185 228
186 225
186 222
186 218
186 215
186 212
186 209
186 204
187 202
187 199
187 196
188 194
189 193
