547
140 155
144 156
145 156
147 156
148 156
150 156
152 155
154 155
156 155
158 155
160 155
162 155
164 155
166 155
169 155
171 155
173 155
175 155
177 155
179 155
180 155
182 155
183 155
185 155
186 155
187 155
188 155
189 155
190 155
191 155
192 155
193 155
194 155
195 155
195 154
196 154
196 153
196 152
196 151
196 150
197 149
197 148
197 147
197 146
197 144
197 143
198 142
198 140
198 138
198 137
198 135
198 134
198 132
198 131
198 129
198 128
198 126
198 125
198 123
197 122
197 121
197 119
197 118
197 117
197 115
197 114
197 113
197 111
197 110
197 109
197 108
196 107
196 106
196 105
196 104
196 103
196 102
196 101
196 100
197 101
198 102
199 103
200 104
200 105
201 105
202 106
202 107
203 108
204 109
205 110
205 112
206 113
207 114
208 115
209 117
209 118
210 119
211 121
212 122
212 123
213 125
214 126
214 127
215 129
216 130
216 131
217 132
218 134
218 135
219 136
220 137
220 138
221 140
222 141
222 142
223 143
224 144
224 145
225 145
225 146
226 147
226 148
227 149
228 150
229 151
229 152
230 152
230 153
231 153
231 154
232 155
233 156
233 155
234 155
234 154
234 153
234 152
234 151
235 150
235 149
235 148
235 147
235 145
235 144
236 143
236 141
236 140
236 139
236 138
236 136
236 135
236 134
236 133
236 132
236 130
236 129
236 128
236 127
236 126
236 125
236 123
236 122
236 121
236 120
236 119
236 118
236 117
236 116
236 115
236 114
236 113
236 112
236 111
236 110
236 109
236 108
236 107
236 106
236 105
236 104
236 103
236 102
236 101
237 102
237 103
238 104
239 105
240 106
240 107
241 107
242 108
242 109
243 111
244 112
245 113
246 114
247 115
248 117
248 118
249 119
250 120
251 121
252 122
253 123
254 124
255 126
255 127
256 128
257 129
258 130
259 131
259 132
260 133
261 134
262 135
263 137
263 138
264 139
265 140
266 141
267 142
268 142
269 143
269 144
270 145
271 146
272 147
273 147
273 148
274 149
275 149
276 150
277 151
278 152
279 152
279 153
280 153
280 154
281 154
281 155
282 155
282 156
283 156
283 155
284 154
284 153
284 152
284 151
285 150
285 149
285 147
285 146
285 145
286 143
286 142
286 140
287 138
287 137
287 135
287 133
288 132
288 130
288 128
288 127
288 126
288 124
288 123
289 122
289 120
289 119
289 118
289 117
289 116
289 114
289 113
289 112
289 111
289 110
290 109
290 108
290 107
290 106
290 105
290 104
290 105
291 106
291 107
292 108
292 109
293 110
294 111
294 112
295 113
296 114
296 115
297 116
298 118
299 119
300 120
301 121
302 122
303 124
304 125
305 126
306 127
306 128
307 129
308 131
309 132
310 133
310 134
311 135
312 136
312 137
313 139
313 140
314 141
315 142
315 143
316 144
317 145
317 146
318 146
318 147
318 148
319 148
319 149
320 150
321 151
321 152
322 152
322 153
323 153
323 154
324 154
325 154
326 154
327 154
328 154
329 154
330 154
331 154
332 153
334 153
335 153
337 153
338 153
340 153
341 153
343 152
345 152
347 152
349 152
350 152
352 152
354 152
355 152
357 152
358 152
360 152
361 152
362 152
363 152
364 152
365 152
366 153
367 153
368 153
369 153
369 154
370 154
370 155
371 155
371 156
372 157
372 158
372 159
372 160
372 161
372 162
372 164
372 165
372 166
372 167
372 168
373 169
373 171
373 172
373 173
373 174
373 176
373 177
372 178
372 180
372 181
372 182
372 183
372 184
372 185
372 186
372 187
372 188
372 189
372 190
372 191
372 192
372 193
371 194
371 195
371 196
371 197
370 198
370 199
369 199
369 200
368 200
367 200
366 200
365 201
364 201
363 201
362 201
360 201
358 201
356 201
354 201
352 201
350 201
347 202
345 202
342 202
339 202
337 202
334 202
331 202
328 202
325 202
322 202
319 203
316 203
313 203
309 203
306 203
303 203
300 203
296 204
293 204
290 204
287 204
284 204
281 204
278 205
275 205
271 205
268 205
264 205
261 206
258 206
255 206
251 206
245 207
242 207
240 207
237 207
234 207
231 207
228 208
225 208
222 208
219 208
216 208
213 208
211 208
208 209
205 209
202 209
200 209
197 209
194 209
192 209
189 209
186 209
184 210
182 210
180 210
178 210
176 209
174 209
172 209
170 209
168 210
166 210
164 209
162 209
161 209
159 209
158 209
156 209
155 209
154 209
153 209
152 209
151 209
150 209
149 209
148 209
147 209
146 209
146 208
145 208
145 210
145 209
145 208
145 207
145 206
145 204
145 203
145 198
145 197
145 195
145 194
145 192
145 190
145 188
145 187
145 185
145 183
145 182
145 180
145 179
145 177
145 176
145 175
145 174
145 173
145 172
145 171
145 170
145 169
145 168
145 167
146 166
146 165
146 164
146 163
146 162
147 161
