355
252 134
257 132
261 132
264 132
266 131
270 131
273 131
278 131
283 131
286 130
291 130
294 130
297 130
300 130
302 129
307 129
310 129
312 128
315 128
317 129
318 131
318 134
319 136
320 140
321 144
321 149
322 154
322 159
323 161
323 164
323 167
324 172
324 175
324 180
323 183
323 186
323 189
322 192
322 195
322 198
321 201
321 204
321 207
320 210
320 213
320 218
320 221
319 223
319 226
319 229
318 232
318 235
317 238
317 241
316 244
316 247
315 250
315 255
314 258
314 263
313 267
313 271
312 273
312 276
313 278
316 278
319 278
322 278
326 278
330 278
334 278
337 278
341 278
344 278
347 278
352 277
355 277
358 277
361 277
366 277
369 277
372 277
375 277
380 277
383 278
386 278
389 278
392 278
395 278
398 278
401 278
404 278
407 278
411 278
414 278
417 278
420 279
423 279
426 279
429 279
432 279
435 279
440 279
445 279
449 279
452 279
455 279
458 279
460 278
459 275
459 272
459 269
459 265
459 261
459 257
459 253
459 250
459 246
459 242
459 238
458 233
458 228
458 223
458 218
458 214
458 211
457 206
457 201
456 196
456 193
455 188
455 183
455 180
454 176
454 173
454 169
454 165
453 161
453 157
453 153
453 149
453 146
453 143
453 140
453 137
452 135
453 133
456 133
458 132
461 132
464 132
467 131
470 131
474 131
478 131
481 131
485 130
489 130
493 130
497 129
501 129
504 129
507 129
509 128
510 130
511 133
511 136
512 139
512 143
512 147
511 149
511 154
512 158
512 162
513 166
513 170
514 172
514 177
514 180
513 185
513 188
513 191
512 193
512 196
512 199
511 202
511 207
511 210
511 213
511 216
511 219
511 222
511 225
511 228
510 231
510 234
510 237
510 240
509 243
509 246
509 249
509 254
509 257
509 260
509 265
509 268
509 273
509 277
509 280
509 285
509 289
510 292
510 296
511 300
512 304
512 308
513 310
513 313
513 316
512 318
510 319
508 320
505 320
503 321
500 322
497 322
493 323
489 323
485 324
481 324
478 325
474 325
471 325
467 326
464 326
459 326
456 326
454 327
451 327
448 327
445 328
442 328
439 328
436 328
433 329
430 329
427 329
423 329
420 329
416 330
413 330
409 330
406 331
402 331
399 331
395 332
391 332
388 332
384 332
380 332
376 332
372 333
369 333
365 333
361 333
357 333
353 333
349 333
345 333
342 333
338 333
334 333
330 333
326 333
322 333
318 333
315 333
311 333
307 333
303 333
299 333
295 333
292 333
288 333
285 333
281 333
278 333
275 333
272 333
269 333
264 333
260 333
257 333
254 333
252 332
252 329
251 327
251 324
251 321
251 316
251 311
252 309
252 306
252 303
252 300
252 296
252 293
252 290
253 287
253 283
253 280
254 277
254 274
254 270
254 267
255 264
255 260
255 257
255 254
255 250
255 247
256 244
256 241
256 237
256 234
256 231
256 228
257 225
257 222
257 219
257 216
257 213
257 210
258 207
258 204
258 201
258 198
259 195
259 190
260 185
260 180
261 178
261 173
262 171
263 166
264 162
265 158
265 154
266 151
267 149
268 146
269 144
269 141
270 143
270 144
