480
101 116
116 114
120 113
123 113
127 112
130 112
133 111
136 111
139 111
142 110
144 110
147 109
149 109
151 109
153 109
154 108
155 108
157 108
158 108
159 108
160 108
160 109
161 109
162 109
162 110
162 111
163 112
163 113
163 114
164 116
164 117
165 119
165 121
166 124
166 126
167 129
167 131
168 134
168 138
168 141
169 144
169 147
170 150
170 153
170 156
170 158
171 161
171 164
171 166
171 169
171 171
171 174
171 176
171 179
171 181
171 183
171 185
171 187
171 189
171 191
171 193
171 195
171 197
171 198
171 200
172 202
172 204
172 205
172 207
172 208
172 210
172 211
173 213
173 214
173 215
173 216
174 217
174 218
174 219
175 219
175 220
176 220
177 221
178 221
179 221
180 221
181 221
183 221
184 221
186 221
188 221
190 221
192 221
194 221
197 221
199 221
201 221
203 222
205 222
208 222
210 222
212 222
214 223
216 223
218 223
220 223
222 223
224 223
226 223
228 223
229 223
231 223
232 223
233 223
235 223
236 223
237 223
238 223
239 223
240 223
241 223
241 222
242 222
243 222
244 222
244 221
244 220
244 219
244 218
244 217
244 215
243 214
243 212
243 210
242 208
242 206
241 203
241 201
241 198
240 195
240 192
240 189
239 186
239 183
239 180
238 177
238 174
238 171
237 168
237 165
237 162
236 159
236 156
236 153
236 151
235 148
235 146
235 143
235 141
234 139
234 136
234 134
234 132
234 130
233 129
233 127
233 125
233 123
233 121
233 119
233 116
233 114
233 112
233 111
233 109
233 108
233 107
233 106
233 105
232 104
232 103
232 102
232 101
232 100
233 100
234 100
235 101
236 101
237 101
238 101
240 101
241 101
243 101
245 102
246 102
248 102
250 102
252 102
255 102
257 102
259 102
261 102
263 102
265 102
267 102
269 102
270 102
272 102
273 102
274 103
276 103
277 103
278 103
279 103
280 103
281 104
282 104
283 104
284 104
285 105
286 105
287 105
288 105
288 106
289 106
289 107
289 108
290 108
290 109
290 110
290 111
290 112
290 114
290 115
290 116
290 118
290 120
290 121
290 123
290 125
290 126
291 128
291 130
291 132
291 134
291 137
291 139
291 141
291 144
291 146
291 148
290 151
290 153
291 155
291 158
291 160
291 162
291 164
291 166
291 169
291 171
292 173
292 175
292 178
292 180
292 182
292 184
292 186
292 188
292 190
292 191
292 193
292 195
292 196
292 198
292 199
292 201
291 202
291 204
291 205
291 206
291 208
291 209
290 212
290 213
290 214
290 215
290 217
289 218
289 219
289 220
289 221
288 223
288 224
288 225
288 226
287 228
287 229
287 230
286 231
286 232
286 234
286 235
286 236
285 237
285 238
285 239
285 240
285 241
285 242
285 243
285 244
284 245
284 246
284 247
284 248
284 249
284 250
283 250
283 251
282 252
281 253
280 253
279 253
277 254
276 254
274 255
272 255
270 255
268 256
265 256
263 256
260 256
257 256
255 257
252 257
249 257
246 257
244 257
241 257
239 258
236 258
234 258
231 258
229 259
226 259
224 260
221 260
219 260
216 261
214 261
212 261
210 261
208 262
206 262
204 262
202 262
200 262
198 262
196 262
194 262
192 262
190 261
188 261
186 261
183 261
181 261
179 261
177 261
175 261
173 261
171 261
168 261
166 261
164 261
162 261
160 261
158 261
156 261
154 262
152 262
151 262
149 262
147 262
146 262
145 262
143 262
142 262
141 262
140 262
139 262
138 262
137 261
136 260
136 259
136 258
136 256
136 255
136 253
136 251
136 249
136 246
136 244
136 241
136 239
136 236
136 233
136 231
135 228
135 226
135 223
135 220
135 218
134 215
134 213
134 210
134 208
133 206
133 204
133 202
133 200
133 197
132 195
132 193
132 191
132 189
132 187
131 185
131 183
131 182
131 180
131 178
131 176
131 174
131 172
131 171
131 169
131 167
131 166
131 164
131 163
131 162
131 160
131 159
131 157
131 156
131 154
130 153
130 152
130 150
130 149
130 148
130 147
130 145
130 144
130 143
130 141
130 140
129 139
129 137
129 136
129 135
128 134
128 133
128 132
127 131
127 130
127 129
126 128
126 127
126 126
125 125
125 124
125 123
125 122
125 121
125 120
124 120
124 119
125 119
