476
158 71
162 70
163 70
165 70
168 69
170 69
172 69
175 69
178 68
181 68
184 68
188 68
191 68
195 68
198 68
201 68
204 68
207 68
210 68
212 68
215 68
217 68
219 68
221 68
223 68
225 67
226 67
227 67
228 67
229 67
230 67
229 67
229 68
229 69
229 70
228 71
228 72
228 73
228 75
228 76
227 77
227 79
227 80
227 82
227 83
227 85
227 86
227 88
227 89
227 90
227 92
227 93
227 94
227 95
227 97
227 99
227 100
227 102
227 104
226 106
226 108
226 110
226 111
226 113
226 115
226 117
226 119
226 121
226 123
226 125
226 127
226 129
226 132
226 134
226 136
226 138
226 140
226 143
226 145
226 148
226 150
226 152
226 155
226 157
226 159
225 162
225 164
225 166
225 168
225 171
225 173
225 175
225 177
225 179
226 181
226 183
226 185
226 186
226 188
226 189
226 191
226 192
226 193
226 195
226 196
226 197
226 198
226 199
226 200
226 201
227 201
228 201
229 201
230 201
231 201
232 201
233 201
234 201
236 201
237 201
238 201
240 200
241 200
243 200
244 200
246 200
248 200
250 200
253 200
255 200
258 199
260 199
263 199
266 199
268 199
271 199
274 198
276 198
279 198
281 198
284 198
286 197
288 197
290 197
292 197
294 197
295 197
297 197
298 196
300 196
301 196
302 196
303 196
303 195
302 195
302 194
302 193
303 193
303 192
303 191
303 190
303 189
303 188
303 187
303 185
304 184
304 183
304 181
304 179
304 178
304 176
304 174
305 172
305 170
305 168
305 165
305 163
305 161
305 159
305 157
306 155
306 153
306 151
306 148
306 146
306 144
306 142
307 140
307 138
307 136
307 134
307 132
306 129
306 127
306 125
306 122
306 120
306 118
306 116
306 114
306 112
306 109
306 107
306 105
306 103
305 101
305 98
305 96
305 94
305 92
305 91
304 89
304 87
304 85
304 84
304 82
304 81
304 79
304 78
304 77
303 76
303 75
303 74
303 73
304 72
305 72
306 72
307 72
308 72
309 72
310 72
311 72
312 72
314 72
315 72
317 72
318 72
320 72
322 72
324 72
325 72
327 72
329 72
331 72
333 72
334 72
336 72
338 72
340 72
341 73
343 73
345 73
346 73
348 73
349 73
350 73
351 73
352 73
353 73
353 74
353 75
353 76
353 77
353 78
354 79
354 80
354 81
354 82
354 84
354 85
354 86
354 88
354 89
354 91
354 92
354 94
355 96
355 98
355 100
355 102
355 104
355 107
355 109
356 111
356 114
356 116
356 119
356 122
356 124
356 127
357 130
357 133
357 136
357 139
356 142
356 145
356 148
356 150
356 153
356 157
356 160
355 163
355 166
355 169
355 172
355 175
355 178
355 180
355 183
355 186
355 189
355 191
355 194
355 197
355 199
355 202
355 205
356 207
356 209
355 212
355 214
355 217
355 219
356 221
356 223
356 225
356 227
356 228
357 229
357 231
357 232
357 233
357 234
357 235
357 236
357 237
357 238
358 238
357 238
357 239
356 239
355 239
354 239
353 239
352 240
350 240
349 240
347 241
344 241
342 241
340 242
337 242
334 242
331 242
327 243
324 243
320 243
316 243
312 244
307 244
303 244
298 244
293 244
289 244
284 244
279 244
274 245
269 245
264 245
258 245
253 245
248 245
243 245
238 245
233 245
228 245
223 245
218 245
214 245
209 245
205 245
201 245
197 245
193 245
189 245
186 245
183 245
180 244
178 244
176 244
175 244
174 244
173 244
172 243
171 243
171 242
171 241
171 240
171 239
171 238
171 237
171 236
171 235
171 234
171 233
171 232
171 230
171 229
171 227
171 226
171 224
171 222
171 220
171 218
171 215
171 213
171 211
171 208
171 206
171 203
171 201
171 198
171 196
171 193
171 190
171 187
171 185
171 182
171 179
170 177
170 174
170 171
170 169
170 166
170 163
169 160
169 157
169 155
168 152
168 149
167 147
167 144
167 141
166 139
166 136
165 134
165 131
164 129
164 126
164 123
163 121
163 119
163 116
162 114
162 112
162 110
161 107
161 105
161 103
161 101
161 99
161 97
161 96
160 94
160 93
160 92
160 91
160 90
160 89
160 88
160 87
160 86
160 85
161 85
161 86
162 86
