619
148 104
151 107
152 107
153 107
155 107
156 107
158 106
160 106
162 106
164 105
167 105
169 105
172 104
174 104
177 103
179 103
182 103
184 102
186 102
188 102
190 102
192 102
194 101
196 101
197 101
199 101
201 101
202 100
203 100
205 100
206 100
207 100
208 100
209 100
210 100
211 100
212 100
213 100
213 101
213 102
213 103
213 104
213 106
213 107
213 108
213 110
213 112
213 114
213 116
213 118
213 120
213 122
214 124
214 127
214 129
214 131
214 133
214 135
214 138
214 140
214 142
214 145
214 147
214 149
214 151
214 153
214 155
214 156
214 158
215 160
215 161
215 163
215 165
215 166
215 168
215 169
215 171
215 173
215 174
214 176
214 177
214 179
214 181
214 182
214 184
214 185
214 187
214 189
214 190
214 192
214 194
214 195
214 197
214 198
214 200
214 202
214 203
214 205
214 206
214 207
214 209
214 210
214 211
213 212
213 213
213 214
213 215
213 216
213 217
213 218
214 218
214 219
215 219
216 219
216 220
217 220
218 220
219 220
220 220
221 220
222 220
223 220
224 220
225 220
226 220
228 220
229 220
230 220
231 220
232 220
234 220
235 220
236 220
238 220
239 220
240 220
242 220
243 220
245 220
246 220
247 220
249 220
250 220
251 219
253 219
254 219
255 219
257 219
258 219
259 219
261 219
262 219
263 219
265 219
266 219
267 218
268 218
269 218
270 218
271 218
272 218
273 218
274 218
275 218
276 218
277 218
278 218
279 218
280 218
281 218
282 218
283 218
284 218
285 218
285 217
285 216
285 215
284 214
284 213
284 212
284 211
284 210
284 209
284 208
284 207
283 205
283 204
283 203
283 201
283 200
283 198
283 197
283 195
283 194
282 192
282 191
282 189
282 188
282 187
282 185
282 184
282 182
281 181
281 180
281 178
281 177
281 175
281 174
281 172
281 171
280 169
280 168
280 166
280 164
280 163
280 161
280 160
280 158
280 156
280 155
280 153
280 152
279 150
279 149
279 147
279 146
279 144
279 143
279 141
279 140
279 138
279 137
279 135
279 134
279 132
279 131
279 129
279 128
280 127
280 126
280 124
280 123
280 122
280 121
280 120
280 119
280 118
280 117
280 116
280 114
280 113
280 112
280 111
280 110
280 109
279 108
279 107
279 106
279 105
279 104
279 103
279 102
279 101
279 100
279 99
278 98
279 97
280 97
281 97
282 97
283 96
284 96
285 96
286 96
288 96
289 96
290 96
291 96
292 96
294 95
295 95
296 95
297 95
299 95
300 95
301 95
302 95
303 95
305 95
306 95
307 95
308 95
309 95
310 95
311 95
312 95
313 95
314 95
315 95
316 95
317 95
318 95
319 95
320 95
321 95
322 95
323 95
324 95
325 95
326 95
327 95
328 95
329 95
330 95
331 95
332 96
333 96
333 97
333 98
333 99
334 100
334 101
334 102
334 103
334 104
334 105
334 106
335 108
335 109
335 111
335 112
335 114
335 116
335 117
335 119
335 120
336 122
336 123
336 125
336 126
336 128
336 129
336 131
336 132
336 134
336 135
336 137
336 138
336 140
336 142
336 144
336 146
336 147
336 149
336 151
336 153
336 154
337 155
337 157
337 160
337 161
337 163
337 164
338 166
338 168
338 170
338 172
338 174
338 176
338 177
339 179
339 181
339 183
339 184
339 186
339 188
339 190
339 192
339 194
340 196
340 198
340 200
340 202
340 203
340 205
340 206
340 208
340 209
340 211
340 212
340 213
340 215
340 216
340 218
340 219
340 221
340 222
340 224
340 225
340 227
340 228
340 229
340 231
340 232
340 233
340 235
340 236
340 237
340 239
340 240
340 241
340 242
340 244
340 245
340 246
340 247
340 248
340 249
340 250
339 250
339 251
339 252
338 253
337 253
336 254
335 254
334 254
333 254
332 255
330 255
329 255
328 255
326 256
324 256
322 256
321 257
319 257
317 257
315 257
313 258
311 258
308 258
306 258
304 258
302 259
300 259
298 259
296 259
294 260
292 260
290 260
288 260
287 260
285 261
283 261
282 261
280 261
279 261
277 261
275 261
274 261
272 261
271 261
269 261
268 261
266 261
264 261
263 261
261 262
260 262
258 262
254 262
252 262
250 262
248 262
246 262
244 262
242 262
240 263
238 263
236 263
234 263
232 263
230 263
227 263
225 263
223 263
221 263
218 263
216 263
214 263
211 263
209 263
207 263
205 263
202 263
200 263
198 263
195 264
193 264
191 264
188 264
186 264
184 264
182 265
180 265
178 265
176 265
175 266
173 266
172 266
171 266
169 266
168 266
167 266
166 266
165 266
166 265
166 264
166 263
166 262
166 261
166 260
166 258
166 257
166 256
166 254
166 252
166 251
166 249
166 247
165 245
165 243
165 241
165 239
165 237
165 236
165 234
165 232
164 230
164 228
164 227
164 225
164 223
165 221
165 218
164 216
164 214
164 212
164 210
164 208
164 206
164 204
164 202
164 200
164 198
164 196
164 194
164 192
164 190
163 188
163 186
163 184
163 182
163 180
163 178
163 176
163 174
163 172
163 170
163 168
163 166
163 164
163 163
163 161
163 159
163 157
163 155
163 153
163 152
163 150
163 148
162 147
162 145
162 144
162 142
162 141
162 139
161 138
161 136
161 135
161 133
161 132
161 131
161 129
160 128
160 127
160 126
160 125
160 124
160 123
160 122
159 121
159 120
159 119
159 118
159 117
159 116
159 115
159 114
159 113
159 112
158 111
158 110
158 109
159 108
159 109
160 109
160 110
