504
184 152
190 152
192 152
194 151
196 151
199 151
202 150
205 150
209 149
213 149
216 148
220 148
224 147
227 147
231 146
234 146
238 146
240 145
243 145
245 145
248 145
249 145
251 145
252 145
253 145
254 145
255 145
256 145
257 145
258 144
259 144
260 144
261 145
262 145
262 146
262 147
263 147
263 148
264 149
264 150
265 152
265 153
266 155
266 158
267 160
268 163
268 166
269 169
269 172
269 176
270 179
270 182
270 186
271 189
271 192
271 195
271 198
272 202
272 205
272 208
272 212
273 215
273 219
273 222
273 225
273 228
273 231
273 233
273 236
273 238
273 240
274 242
274 244
274 246
274 247
274 249
274 251
274 252
274 254
273 255
273 257
273 258
273 259
273 260
273 261
273 262
273 263
273 264
273 265
273 266
274 266
275 266
276 266
277 266
278 266
279 266
280 265
281 265
282 265
283 265
284 265
285 265
286 264
287 264
288 264
290 264
291 264
292 264
294 263
296 263
298 263
299 263
301 262
303 262
305 262
307 262
309 261
311 261
313 261
314 261
316 260
318 260
319 260
321 259
323 259
325 259
326 259
328 259
330 258
331 258
332 258
334 258
335 258
336 258
337 258
338 258
339 257
340 257
341 257
342 257
343 257
343 256
343 255
343 254
343 253
343 252
342 251
342 250
342 248
342 247
341 246
341 244
340 242
340 241
340 239
339 237
339 235
338 233
338 231
338 229
337 227
337 224
336 222
336 220
335 217
335 215
335 213
334 210
334 208
334 206
333 204
333 201
332 199
332 197
332 194
331 192
331 190
331 187
330 185
330 183
330 181
329 179
329 177
328 175
328 173
327 172
327 170
327 168
326 166
326 164
326 162
326 160
325 159
325 157
325 156
325 154
325 153
324 152
324 151
324 150
324 149
323 148
323 147
323 146
323 145
323 144
323 143
324 142
325 142
326 142
327 142
327 141
329 141
330 141
331 140
333 140
335 139
337 139
339 138
341 137
343 137
345 136
348 135
350 134
353 133
355 133
358 132
361 131
363 130
365 130
367 129
369 129
371 128
373 128
374 128
375 128
376 127
377 127
378 127
379 128
380 128
381 128
382 129
383 129
383 130
384 130
384 131
385 131
385 132
386 133
386 134
387 135
387 136
388 137
388 138
388 140
389 142
389 144
389 146
389 148
389 151
389 154
390 157
390 160
390 163
390 167
390 170
390 174
390 178
390 182
390 186
390 190
390 194
390 198
390 201
390 205
390 209
390 212
391 216
391 219
391 222
391 225
392 228
392 231
393 234
393 237
393 240
393 242
393 245
393 248
393 251
393 254
392 257
392 259
392 262
392 264
391 267
391 269
391 271
391 274
391 276
390 278
390 280
390 282
390 283
390 285
390 287
390 288
389 289
389 291
389 292
389 293
389 294
389 295
389 296
389 297
389 298
388 299
387 299
386 300
385 300
384 300
383 300
382 300
380 300
378 300
376 300
374 301
372 301
369 301
367 301
364 301
362 301
359 301
357 302
354 302
352 302
349 302
347 302
344 303
341 303
339 303
336 303
333 303
330 304
327 304
324 304
321 304
319 305
316 305
313 305
310 305
307 305
304 306
301 306
298 306
294 307
291 307
288 307
285 307
283 308
280 308
277 308
275 308
272 308
270 309
268 309
265 309
263 309
261 309
259 309
257 310
255 310
253 310
251 310
249 310
248 310
246 310
244 310
243 311
242 311
240 311
239 311
238 311
237 311
236 311
235 311
234 311
233 311
232 311
231 311
230 311
228 311
227 311
226 311
225 311
224 311
223 311
222 310
221 310
220 310
219 310
218 310
217 310
216 310
215 310
214 310
213 310
213 309
212 309
212 308
211 308
211 307
211 306
211 305
210 304
210 303
210 302
209 301
209 299
208 298
208 296
208 294
207 292
207 289
206 287
206 285
206 283
206 280
205 278
205 276
205 273
205 271
205 268
205 266
205 263
205 260
205 257
204 255
204 252
204 249
204 247
204 245
203 242
203 240
203 238
202 236
202 234
202 231
202 229
201 227
201 224
201 221
201 219
201 216
200 214
200 212
200 210
200 208
199 206
199 205
199 203
199 201
199 199
199 197
199 196
199 194
199 192
199 191
199 189
199 188
199 186
198 185
198 184
198 182
198 181
198 179
198 178
198 177
198 175
198 174
198 172
198 171
198 170
197 168
197 167
197 166
197 165
197 164
197 163
197 162
197 161
197 160
197 159
197 158
197 157
197 156
197 155
197 154
196 154
196 153
197 152
197 151
198 151
