587
174 63
177 62
178 62
179 63
181 63
182 62
184 62
186 62
189 62
191 62
193 62
196 62
198 62
200 62
203 62
205 62
208 61
210 61
212 61
215 61
217 61
219 61
222 61
224 60
226 60
228 60
230 60
232 59
234 59
236 59
238 59
240 59
241 59
242 59
244 59
245 58
246 58
247 58
248 58
249 58
250 58
250 59
250 60
250 61
250 62
250 63
250 64
250 65
250 66
250 67
251 68
251 69
251 70
251 71
251 72
251 73
251 75
251 76
252 78
252 80
252 81
252 83
252 85
252 87
252 89
252 90
252 92
252 94
252 95
252 97
252 99
252 102
252 104
252 106
252 108
252 110
252 113
252 115
252 117
252 119
253 121
253 124
253 126
253 129
253 131
253 133
253 136
253 138
253 140
253 143
254 145
254 147
254 150
254 152
254 154
254 157
255 159
255 161
255 163
255 165
256 167
256 169
256 171
256 174
256 176
256 178
256 180
256 181
256 183
257 185
257 186
257 188
257 189
257 191
257 193
257 194
258 196
258 197
258 199
258 200
258 201
258 202
258 203
258 204
259 205
259 206
259 207
259 208
259 209
259 210
260 210
260 211
261 212
262 212
263 212
264 212
265 212
266 212
267 212
268 212
269 212
271 212
272 212
273 212
275 212
276 212
278 212
280 212
281 212
283 212
285 212
287 211
288 211
290 211
292 211
294 211
296 211
298 211
300 211
303 211
305 211
307 211
309 211
311 211
313 211
315 210
317 210
319 210
321 210
323 210
325 210
327 210
329 210
331 209
333 209
335 209
337 209
338 209
340 209
341 209
343 209
344 209
345 208
347 208
348 208
349 208
350 208
351 208
352 208
352 207
352 206
352 205
352 204
352 203
352 202
352 201
352 200
352 198
352 197
352 195
352 194
352 192
352 190
352 189
352 187
352 185
352 184
352 182
352 180
351 179
351 177
351 175
351 173
351 171
351 168
351 166
351 164
351 162
351 160
351 158
351 156
351 154
351 152
351 150
351 147
351 145
350 143
350 141
350 139
350 137
350 134
349 132
349 130
349 128
349 126
349 124
349 122
348 120
348 117
348 115
348 113
348 111
348 109
348 107
348 105
348 103
348 101
348 99
348 97
347 95
347 93
347 91
347 90
346 88
346 86
346 85
345 83
345 81
345 80
345 78
345 77
344 75
344 74
344 73
344 72
344 71
344 70
344 69
344 68
344 67
344 66
345 66
345 65
346 65
347 65
348 65
349 65
350 65
351 65
352 65
353 65
355 65
356 65
358 64
359 64
361 64
362 64
364 64
366 64
367 64
369 64
371 64
372 63
374 63
375 63
376 63
377 63
379 63
380 63
381 63
382 63
383 63
384 63
385 63
387 63
388 63
389 63
390 63
391 63
392 63
393 63
394 63
395 63
396 63
397 63
398 63
397 63
397 64
397 65
398 65
398 66
398 67
398 68
398 69
398 70
399 72
399 73
399 74
399 76
400 78
400 80
400 82
400 84
400 85
401 87
401 89
401 91
402 93
402 95
402 97
403 100
403 102
403 105
403 107
404 110
404 112
404 115
404 117
404 120
405 122
405 125
405 127
405 130
406 133
406 135
406 138
406 140
406 143
406 145
406 148
407 150
407 153
407 155
407 158
407 160
407 163
407 165
407 168
407 170
407 173
407 176
408 178
408 181
408 183
408 185
408 188
408 190
408 193
408 195
408 197
408 200
408 202
409 204
409 206
408 208
408 211
409 213
409 215
409 217
409 219
409 221
408 224
408 225
408 227
408 229
408 230
408 232
408 233
408 235
409 236
409 238
409 239
409 240
409 241
409 243
409 244
409 245
409 246
409 247
409 248
408 248
407 248
407 249
406 249
405 249
404 249
403 249
402 249
401 250
400 250
398 250
397 250
395 250
393 250
391 250
389 250
386 250
384 250
382 250
379 250
377 250
374 250
371 250
368 250
365 250
362 251
359 251
356 251
353 251
349 251
346 251
343 251
339 251
336 251
332 251
329 251
326 251
322 251
319 251
315 251
312 251
308 251
305 251
301 251
298 252
294 252
291 252
287 252
284 253
280 253
277 253
274 253
271 254
267 254
264 254
261 254
257 254
254 255
251 255
247 255
244 255
241 255
238 255
235 256
233 256
230 256
227 256
225 256
222 257
220 257
218 257
216 257
214 257
212 257
211 257
209 257
208 257
207 257
206 257
205 257
204 258
204 257
203 257
203 256
202 256
202 255
201 255
201 254
201 253
200 252
200 251
200 250
199 248
199 247
199 245
198 244
198 242
197 240
197 238
197 236
196 234
196 232
196 230
195 228
195 225
195 223
194 221
194 218
194 216
193 213
193 211
193 208
192 206
192 203
191 201
191 198
190 196
190 193
190 191
189 188
189 186
189 183
188 181
188 178
187 175
187 173
187 170
186 168
186 165
186 162
186 160
185 157
185 155
185 152
185 149
185 147
184 144
184 142
184 139
184 137
184 134
183 132
183 129
183 127
183 124
182 121
182 119
182 116
182 114
181 111
181 109
181 107
180 105
180 103
180 101
180 98
179 96
179 95
179 93
179 91
178 90
178 88
178 87
178 86
178 84
178 83
178 82
177 81
177 80
177 79
177 78
177 77
178 77
177 77
178 77
177 77
178 77
