494
156 54
161 54
162 55
164 55
165 55
167 55
169 55
171 55
173 54
175 54
177 54
179 54
181 54
184 54
186 54
188 54
190 54
192 54
194 54
196 54
197 54
199 54
200 54
201 54
202 54
203 54
203 55
203 56
204 57
204 58
204 59
204 60
204 61
205 62
205 63
205 64
205 65
205 66
206 67
206 68
206 69
206 70
207 71
207 72
207 73
207 75
207 76
208 78
208 79
208 81
208 82
208 84
208 85
208 87
208 88
209 90
209 91
209 93
209 94
209 96
209 98
209 99
209 101
210 103
210 105
210 107
210 109
210 111
210 112
210 114
210 116
211 117
211 119
211 121
211 123
211 125
211 127
211 129
212 131
212 132
212 134
212 136
212 137
212 139
213 140
213 141
213 143
213 144
213 146
213 147
213 148
214 150
214 151
214 152
214 153
214 154
214 155
214 156
214 157
214 158
214 159
214 160
215 160
216 160
217 160
218 159
219 159
220 159
221 159
222 159
223 159
225 159
226 159
227 159
229 159
230 159
232 159
234 159
236 159
237 158
239 158
241 158
242 158
244 158
245 158
247 158
249 157
251 157
253 157
255 157
257 157
259 157
261 156
263 156
265 156
267 156
269 156
271 155
273 155
276 155
278 155
280 155
282 155
284 154
286 154
288 154
289 154
291 154
292 154
293 154
294 154
295 154
296 154
297 154
297 153
297 152
297 151
297 150
297 149
297 148
297 147
297 146
297 145
297 144
297 143
298 142
298 140
298 139
298 138
298 137
298 136
298 134
298 133
298 132
297 130
297 128
297 127
297 125
297 123
297 121
296 120
296 118
296 117
296 115
296 114
296 112
295 111
295 109
295 107
295 105
295 103
295 101
295 99
294 97
294 95
294 94
294 92
294 90
294 88
294 86
294 84
293 82
293 80
293 78
293 76
293 74
292 73
292 71
292 70
292 68
292 67
292 66
292 65
291 64
291 63
291 62
291 61
291 60
291 59
292 59
293 59
294 59
295 59
296 59
297 59
299 59
300 59
302 59
303 59
305 59
306 59
308 59
309 59
310 59
312 59
313 59
314 59
316 59
318 59
319 59
321 59
323 59
324 59
326 59
328 59
329 59
330 59
331 59
332 59
333 60
334 60
335 60
336 60
337 60
338 60
338 61
338 62
338 63
338 64
338 65
339 66
339 67
339 68
339 69
339 70
339 71
340 73
340 74
340 76
340 77
340 79
340 81
341 83
341 85
341 86
341 88
341 90
341 92
342 93
342 95
342 97
342 99
343 102
343 104
343 106
343 108
343 110
343 113
343 115
343 117
343 119
343 121
343 123
343 126
342 128
342 130
342 132
342 134
342 136
342 139
341 141
341 143
341 145
341 147
341 150
341 152
341 154
341 156
341 158
341 160
341 162
341 165
341 167
341 169
341 171
341 173
341 175
341 177
341 179
341 181
341 183
342 184
342 186
342 187
342 188
342 189
342 191
343 192
343 193
343 194
343 195
343 196
343 197
343 198
343 199
343 200
342 200
341 200
340 200
338 200
337 200
336 200
335 200
333 201
332 201
330 201
329 201
327 201
324 202
322 202
320 202
317 202
314 203
312 203
309 203
306 203
303 203
300 203
297 204
294 204
291 204
287 204
284 204
281 204
277 204
274 205
270 205
267 205
263 205
259 205
256 205
252 205
249 206
245 206
242 206
238 207
234 207
231 207
227 208
224 208
220 208
216 208
212 209
209 209
205 209
202 210
198 210
195 210
192 210
189 211
186 211
183 211
180 211
178 212
176 212
174 212
172 212
171 212
170 212
169 212
168 212
167 212
167 211
166 211
166 210
165 209
165 208
164 207
164 206
163 205
163 204
163 203
162 202
162 201
161 200
161 199
160 197
160 196
160 194
159 192
159 191
159 189
158 187
158 186
158 184
157 182
157 180
156 179
156 177
156 175
156 173
155 170
155 168
155 166
154 164
154 162
153 160
153 157
152 155
152 153
152 150
151 148
151 146
151 143
150 141
150 139
150 137
149 134
149 132
148 130
148 128
147 125
147 123
147 121
146 119
146 116
145 114
145 112
145 110
144 108
144 106
144 104
143 102
143 100
143 98
142 96
142 94
142 92
142 91
142 90
141 88
141 87
141 85
141 84
141 82
140 81
140 79
140 78
140 77
140 76
140 75
140 74
140 73
140 72
140 71
139 71
139 70
139 69
139 68
139 67
139 68
138 68
138 69
138 68
