337
238 126
244 126
247 125
250 125
254 124
257 124
261 124
264 124
268 124
270 123
274 123
279 123
281 122
284 122
288 122
291 121
294 121
297 121
298 123
298 126
299 128
299 131
299 134
300 137
300 140
300 143
301 145
301 148
301 152
301 156
301 160
301 164
300 166
300 169
300 173
300 177
300 180
300 184
300 188
300 192
299 195
299 199
298 203
298 207
298 210
297 214
297 218
297 221
297 225
298 227
298 230
298 234
298 237
298 241
299 243
299 246
299 249
298 253
298 256
297 258
299 259
302 259
304 260
307 259
311 259
315 259
319 259
324 259
329 259
333 259
336 259
340 259
343 259
348 260
352 260
355 260
360 260
364 260
367 260
371 260
374 261
376 260
379 260
384 260
388 260
390 261
394 261
398 261
402 261
405 261
409 261
412 261
416 261
419 261
423 261
426 261
430 261
433 261
436 261
439 261
439 258
438 255
438 252
438 248
438 245
438 241
438 238
438 234
438 230
438 226
438 222
437 220
437 216
437 212
437 208
437 204
436 199
436 195
436 190
436 186
436 182
437 178
437 174
437 171
437 167
437 163
436 161
436 158
436 155
436 151
435 148
435 144
435 141
434 139
434 136
434 133
434 130
435 128
438 128
441 128
443 127
447 127
450 127
454 127
458 127
462 127
465 127
469 127
473 127
476 127
479 127
483 126
486 126
489 126
492 126
495 126
495 129
496 131
497 134
497 137
497 141
498 143
498 147
498 151
498 154
498 158
498 161
498 165
497 169
497 172
497 176
497 181
496 186
496 190
496 195
495 199
495 204
495 208
495 212
495 215
495 219
495 224
495 228
495 233
496 235
496 239
497 241
498 245
498 250
499 252
499 256
500 259
500 263
500 267
500 271
501 273
501 277
502 280
502 284
503 288
503 291
503 295
504 298
504 301
505 303
506 305
507 308
505 309
502 309
499 309
496 310
492 310
488 310
484 310
481 311
476 311
471 311
466 312
463 312
458 312
455 312
452 313
449 313
446 313
443 313
440 314
437 314
434 314
430 314
427 315
424 315
420 315
417 315
413 315
410 315
406 316
403 316
399 316
395 316
391 317
388 317
384 317
380 317
376 317
372 317
368 317
364 317
360 317
356 317
351 317
347 317
343 317
339 317
335 317
331 317
328 317
324 317
320 317
317 317
313 317
310 317
306 317
303 317
299 317
296 317
293 317
290 317
287 317
284 317
282 316
279 316
275 316
272 315
268 315
265 314
261 314
257 314
254 314
250 314
247 314
244 315
241 315
238 315
235 315
234 313
234 310
235 307
235 304
235 300
235 296
235 292
236 290
236 287
236 282
236 279
237 274
237 271
237 268
237 265
237 262
237 259
237 256
237 251
237 248
237 245
237 242
237 238
237 233
237 230
238 227
238 224
238 219
238 216
238 211
238 206
238 203
238 200
238 195
239 192
239 187
239 182
239 177
240 175
240 172
241 168
241 165
242 161
242 158
243 156
244 151
244 147
245 145
245 141
245 138
246 135
246 132
247 130
