670
151 83
155 83
156 83
157 83
158 83
160 83
161 83
163 83
164 83
166 83
168 83
170 82
173 82
175 82
178 82
180 82
183 82
185 82
188 82
191 82
193 82
196 82
199 82
202 82
204 81
207 81
210 81
212 81
215 81
218 81
220 81
223 81
225 81
228 81
230 81
232 81
235 81
237 81
239 81
240 81
242 81
243 81
245 81
246 81
247 81
248 81
249 81
250 81
250 82
250 83
250 84
251 85
251 86
251 87
251 88
252 89
252 90
252 92
252 93
252 94
253 95
253 96
253 98
253 99
253 101
254 102
254 104
254 105
254 107
254 109
255 110
255 112
255 114
255 115
256 117
256 119
256 120
256 122
257 124
257 126
257 128
257 130
257 132
257 134
258 136
258 138
258 140
258 142
258 144
258 146
258 148
258 150
258 152
258 154
258 156
258 158
258 161
258 163
258 165
258 167
258 170
258 172
258 174
257 176
257 179
257 181
257 183
257 186
257 188
257 190
257 193
257 195
257 197
257 200
256 202
256 204
256 206
256 209
256 211
256 213
256 215
256 217
256 219
256 220
256 222
256 223
256 225
256 226
256 227
256 228
256 229
256 230
256 231
257 232
258 232
259 232
260 232
261 233
262 233
263 233
264 233
265 233
266 233
267 233
268 234
269 234
270 234
271 234
273 234
274 234
276 235
277 235
279 235
280 235
282 235
284 235
286 236
288 236
290 236
292 236
294 236
296 237
298 237
300 237
302 237
305 237
307 237
309 237
311 238
314 238
316 238
318 238
320 238
323 238
325 238
327 238
329 238
332 238
334 238
336 238
339 238
341 238
343 239
345 239
347 239
349 239
351 239
352 239
354 239
355 239
357 239
358 239
359 239
360 239
361 239
362 239
363 239
363 240
364 239
365 239
365 238
365 237
365 236
366 236
366 235
366 234
366 233
367 232
367 232
367 231
367 229
367 228
368 227
368 227
368 226
368 224
368 223
369 221
369 220
369 219
369 217
369 215
369 214
369 212
369 210
370 208
370 207
370 205
370 203
370 201
370 200
370 198
370 196
370 194
370 192
370 190
370 188
370 186
370 183
370 181
370 179
370 177
370 175
370 172
371 170
371 168
371 165
371 163
372 161
372 159
372 156
372 154
373 152
373 150
373 148
373 146
374 144
374 142
374 140
374 137
375 135
375 133
375 131
375 129
375 127
375 125
376 123
376 122
376 120
376 118
376 116
376 115
376 113
376 111
376 109
376 108
376 106
377 104
377 103
377 101
377 100
377 98
377 97
378 95
378 94
378 92
378 91
378 90
378 89
378 87
378 86
379 85
379 84
379 83
379 82
379 81
379 80
380 80
381 80
382 80
383 80
384 80
385 80
387 81
388 81
389 81
391 81
393 81
394 81
396 80
398 80
400 80
401 80
403 80
405 80
407 80
408 80
410 80
412 80
413 80
415 80
417 80
418 80
420 80
422 80
423 80
425 80
426 80
428 80
429 80
431 79
432 79
434 79
435 79
436 79
438 79
439 79
440 79
441 79
442 79
443 79
444 79
445 79
446 78
447 78
447 79
448 79
448 80
448 81
449 81
449 82
449 83
449 84
450 85
450 86
450 87
450 88
451 90
451 91
451 92
451 93
452 94
452 96
452 97
452 99
452 100
453 102
453 103
453 105
453 107
453 108
453 110
454 112
454 113
454 115
454 117
454 118
454 120
454 122
454 123
453 125
453 127
453 129
453 131
453 132
453 134
453 136
452 138
452 140
452 142
451 144
451 146
451 148
450 150
450 152
450 155
449 157
449 159
449 161
448 164
448 166
448 168
448 171
447 173
447 175
447 177
447 180
447 182
447 185
446 187
446 190
446 192
446 195
446 198
445 200
445 203
445 205
445 208
444 210
444 213
444 216
443 218
443 221
443 223
442 226
442 228
442 231
441 233
441 236
441 239
440 241
440 244
439 246
439 249
439 251
438 254
438 256
438 258
438 261
438 263
438 265
437 267
437 270
437 272
437 273
437 275
437 277
437 279
437 280
437 282
437 283
437 284
437 285
437 286
437 287
437 288
437 289
436 290
436 291
435 291
434 291
434 292
433 292
432 292
431 293
430 293
429 293
428 294
427 294
426 294
425 294
423 295
422 295
420 295
419 296
417 296
415 296
414 297
412 297
410 297
408 297
406 298
404 298
402 298
400 298
398 298
396 298
393 299
391 299
388 299
386 299
383 299
380 299
378 299
375 299
372 299
369 299
366 299
363 300
360 300
356 300
353 300
350 300
347 300
343 300
340 300
337 300
334 300
330 300
327 300
324 300
320 300
317 300
313 300
310 300
307 300
303 300
300 300
296 300
293 300
289 300
286 300
282 300
278 300
275 300
271 300
267 300
263 300
260 300
256 300
252 300
248 300
244 300
240 300
237 300
233 300
229 300
225 300
222 300
218 300
214 300
210 300
207 300
203 300
200 300
196 300
193 299
189 299
186 299
183 299
180 299
177 299
174 299
171 299
168 298
166 298
164 298
162 298
160 298
158 298
156 298
155 298
153 298
152 297
151 297
150 297
149 297
148 297
147 297
146 297
145 297
145 296
144 296
143 295
143 294
143 293
142 292
142 291
142 290
142 289
142 287
142 286
142 284
142 282
142 280
142 278
142 276
142 274
142 272
143 270
143 268
143 265
143 263
143 261
143 258
143 256
143 254
143 251
143 249
143 247
143 244
143 242
143 239
143 237
143 234
143 232
144 229
144 227
144 225
144 222
144 220
144 218
144 215
145 213
145 210
145 208
145 205
145 203
145 200
145 198
145 195
145 193
145 190
145 188
146 185
146 183
146 180
146 178
146 175
146 173
147 170
147 168
147 165
147 163
147 160
147 157
148 155
148 152
148 150
148 147
148 145
148 142
149 139
149 137
149 134
149 132
150 129
150 127
150 124
150 122
150 119
150 117
150 115
150 112
150 110
150 108
150 105
150 103
150 101
150 99
150 97
150 95
150 93
150 92
151 90
151 89
151 88
152 86
152 85
152 85
