465
173 73
177 72
178 73
180 73
182 73
184 73
187 73
190 73
192 73
195 73
198 73
201 73
204 73
207 73
209 73
212 73
215 73
218 73
220 73
223 73
225 73
227 73
228 73
230 73
231 73
232 73
233 73
232 73
233 73
233 74
233 75
233 76
233 77
233 78
233 80
233 81
233 82
233 84
233 85
234 87
234 88
234 90
234 91
234 93
234 95
234 97
235 99
235 101
235 103
236 106
236 108
236 110
236 112
237 115
237 117
237 120
237 122
237 125
237 127
237 130
237 133
237 135
237 138
237 140
237 143
237 146
237 148
237 151
237 154
237 156
237 159
237 161
237 163
237 166
238 169
238 171
238 174
238 176
238 178
238 180
238 183
238 185
238 187
238 188
238 191
238 193
238 195
238 196
238 198
238 200
238 201
238 202
238 203
238 204
238 205
238 206
238 207
239 207
240 207
241 207
242 207
243 207
244 207
245 206
246 206
248 206
250 206
252 205
254 205
256 205
258 205
260 205
263 205
266 205
268 205
271 205
275 205
278 205
281 205
284 205
288 204
292 204
295 204
299 204
302 204
305 204
308 203
311 203
314 203
317 203
319 203
321 203
323 202
324 202
325 202
327 202
328 202
329 202
329 201
329 200
329 199
329 198
330 197
330 196
330 195
330 194
330 193
331 191
331 190
331 188
331 187
331 185
332 183
332 182
332 180
332 178
332 175
332 173
332 171
332 168
332 166
332 163
332 161
332 158
332 156
332 153
332 150
333 147
333 145
333 142
332 139
332 137
332 134
332 132
332 129
332 127
332 124
332 122
332 119
332 117
332 114
332 112
332 110
332 107
332 105
332 103
332 100
333 98
333 96
333 94
333 93
333 91
333 90
333 88
333 87
333 86
333 85
333 84
333 83
333 82
333 81
333 80
333 79
334 80
335 80
336 80
337 80
339 80
340 80
341 80
343 80
345 80
347 79
349 79
351 79
353 79
355 79
357 79
360 79
362 79
364 79
366 79
368 79
370 79
372 79
374 79
375 79
377 79
378 79
379 79
380 79
381 79
382 79
382 80
382 81
382 82
382 83
382 84
382 85
382 86
382 87
382 88
382 89
382 90
382 91
382 93
382 94
382 96
383 98
383 100
383 102
383 104
383 106
383 109
383 111
384 113
384 116
384 118
384 121
384 123
384 126
384 129
384 132
384 135
384 138
384 140
384 143
384 146
384 149
384 152
383 155
383 158
383 160
383 163
383 166
383 169
383 172
383 175
383 178
383 181
383 184
383 187
383 190
383 193
383 195
383 198
383 201
383 204
383 207
383 209
383 212
383 215
384 218
384 220
384 222
384 225
384 227
385 229
385 231
385 233
385 235
386 237
386 238
386 240
386 242
386 243
387 244
387 246
387 247
387 248
387 249
387 250
388 250
387 250
386 250
385 250
384 250
383 250
382 250
381 250
380 250
378 250
376 250
374 250
372 250
370 250
367 251
365 251
362 251
359 251
355 252
352 252
348 252
344 253
340 253
337 253
332 253
328 253
324 253
320 253
315 254
310 254
306 254
301 254
296 254
291 254
286 254
281 254
277 254
272 254
267 254
262 254
258 255
253 255
249 255
244 255
239 255
235 255
230 256
226 256
222 256
217 256
213 257
209 257
206 257
202 257
199 258
195 258
192 258
189 259
186 259
183 259
181 259
179 259
177 260
176 260
174 260
173 260
172 260
171 260
171 259
171 258
171 257
171 256
170 255
170 254
170 253
170 252
170 251
170 250
170 248
170 247
170 245
170 243
170 241
170 238
170 236
170 234
170 231
170 229
170 227
170 224
170 221
170 219
170 216
170 213
170 210
170 207
170 205
170 202
170 199
170 196
170 193
170 190
170 187
170 184
170 181
170 179
170 176
170 173
170 170
170 167
169 164
169 162
169 159
169 156
169 154
169 151
168 148
168 145
168 143
168 140
168 138
167 135
167 133
167 130
167 128
167 125
167 122
167 120
167 118
167 116
166 114
166 112
166 110
166 108
166 106
167 104
167 103
167 101
167 99
167 98
167 96
167 95
167 94
167 93
167 92
167 91
167 90
167 89
167 88
166 88
167 88
166 88
166 87
