418
230 117
235 116
238 116
242 116
244 115
247 115
250 115
254 114
257 114
261 114
265 113
268 113
271 113
274 113
277 113
280 113
283 113
286 112
289 112
292 112
295 112
298 112
301 112
304 112
305 114
305 117
305 120
306 122
306 125
307 128
307 131
307 135
307 138
307 141
307 144
307 147
307 150
307 153
307 156
307 159
307 163
307 166
308 169
307 171
308 173
308 176
308 179
308 183
308 186
308 190
308 193
308 197
307 200
307 204
307 208
306 211
306 215
306 218
305 222
305 226
305 229
305 233
304 235
304 239
304 243
303 245
303 249
303 253
302 255
302 258
301 261
301 264
301 267
302 270
305 270
308 270
311 270
315 270
318 270
321 270
324 271
328 271
332 271
335 271
339 271
343 271
346 271
351 271
356 271
359 271
364 272
367 272
370 272
375 272
378 272
381 272
386 272
389 272
392 272
395 272
398 271
401 271
404 271
407 271
410 271
413 271
417 271
420 270
423 270
426 270
429 270
432 270
435 270
438 270
441 270
444 270
447 270
450 270
453 270
458 270
461 270
466 270
470 270
474 270
477 269
480 269
482 268
484 267
485 265
486 262
487 260
487 257
488 255
489 253
489 250
489 246
490 244
490 241
491 237
491 234
491 231
492 229
492 226
492 223
492 219
493 216
493 212
493 209
493 205
493 201
494 199
494 195
494 192
495 188
495 185
495 181
496 179
496 175
497 171
497 167
498 163
498 159
498 155
499 151
499 148
499 144
499 140
499 136
499 132
499 128
499 125
499 122
499 119
499 116
498 114
499 112
501 113
504 113
507 113
510 113
514 113
517 113
520 113
523 113
526 113
530 113
533 113
536 113
540 113
543 113
546 113
549 113
552 113
555 113
558 113
560 114
560 117
560 120
561 122
561 125
561 128
561 131
561 134
561 137
562 141
562 145
562 149
562 152
562 155
562 158
562 161
562 164
562 168
562 171
562 174
562 178
562 182
561 186
561 190
561 193
560 195
560 199
560 203
560 207
560 211
560 215
560 219
560 223
559 225
559 229
559 233
559 238
558 240
558 244
557 246
556 250
555 255
554 257
554 261
553 263
553 267
552 271
552 275
552 280
552 284
551 288
551 292
551 296
551 299
551 303
551 307
551 311
551 314
550 316
550 319
549 321
549 324
548 326
545 326
541 326
537 326
534 327
531 327
528 327
524 327
521 327
517 328
513 328
509 328
505 328
501 328
498 328
494 328
491 328
488 329
483 329
480 329
476 329
473 330
470 330
466 330
463 330
459 330
456 330
452 331
448 331
444 331
441 331
437 331
433 331
429 331
425 331
421 331
417 331
414 331
410 331
406 331
402 332
398 332
394 332
391 332
387 332
383 331
380 332
376 331
373 331
369 331
365 331
362 331
358 331
354 331
351 331
347 331
344 331
340 331
337 331
333 331
330 331
326 331
323 332
319 332
316 332
312 332
309 332
305 332
302 332
299 332
295 332
292 332
288 333
285 333
282 333
279 333
275 333
272 333
269 333
266 333
262 333
259 333
256 334
253 334
250 334
247 334
244 334
241 334
237 334
233 333
229 333
226 333
224 332
221 331
221 328
221 325
221 322
221 319
221 316
222 314
222 310
223 307
223 303
224 299
224 295
224 291
225 288
225 283
226 279
226 276
226 273
227 271
227 268
227 263
227 260
228 258
228 255
228 252
228 249
229 246
229 241
229 238
230 235
230 232
230 229
231 226
231 223
231 220
231 217
232 214
232 209
232 206
233 203
233 200
233 197
233 192
234 189
234 186
234 183
234 180
234 177
235 174
235 169
235 166
235 163
236 161
236 158
236 155
237 152
237 149
238 144
238 141
239 136
239 131
240 129
240 125
241 123
241 120
241 117
243 116
244 117
