560
145 86
150 85
151 85
153 84
156 84
158 84
161 83
164 83
167 82
170 82
174 81
178 80
181 80
185 80
189 79
193 79
197 78
201 78
206 78
210 77
214 77
218 77
223 76
227 76
230 76
234 75
237 75
240 75
243 75
246 75
248 75
249 75
251 75
252 75
252 75
253 75
254 75
255 75
255 75
256 75
256 76
256 77
257 77
257 78
257 79
257 80
258 81
258 82
258 84
259 85
259 87
260 88
261 90
261 92
262 94
262 96
263 98
263 101
264 103
264 106
265 108
265 111
265 114
266 116
266 119
266 122
266 125
266 128
266 131
266 135
266 138
266 141
265 145
265 148
265 151
265 155
265 158
265 162
265 165
264 168
264 172
264 175
264 179
264 182
264 186
264 189
264 192
264 196
264 199
264 202
264 205
264 208
264 210
264 213
264 216
263 218
263 220
263 222
263 224
263 225
263 227
263 228
263 229
263 230
263 231
263 232
263 233
263 234
263 235
264 235
264 236
265 236
266 236
266 237
267 237
268 237
269 237
270 237
272 237
273 237
275 237
277 237
279 237
282 237
284 237
287 237
289 237
292 237
295 237
297 237
300 237
303 237
307 237
310 237
313 237
317 237
320 238
323 237
327 238
330 238
333 238
337 238
340 238
343 238
346 238
349 239
352 239
355 240
357 240
360 240
363 241
365 241
367 241
369 242
371 242
373 242
375 243
376 243
377 243
379 243
380 244
381 244
382 244
383 244
384 244
385 244
386 244
386 243
387 242
387 241
387 240
388 239
388 238
389 237
389 236
390 234
390 233
391 231
391 229
391 228
391 226
392 224
392 221
392 219
392 217
392 214
392 212
392 209
392 207
392 204
392 202
392 199
391 197
391 194
391 191
391 188
391 186
391 183
391 180
390 177
390 174
390 171
390 168
390 165
390 162
390 159
389 156
389 152
389 149
389 146
389 143
389 140
389 137
388 134
388 131
388 128
388 125
388 122
388 119
389 116
389 113
389 110
389 108
390 105
390 103
390 100
390 98
391 95
391 93
391 91
391 89
392 87
392 86
392 84
392 83
392 81
392 80
392 79
392 78
391 78
391 77
391 76
392 76
392 77
393 77
394 77
395 77
396 77
398 78
399 78
400 78
402 78
403 78
405 78
407 78
408 78
410 78
412 77
414 77
417 77
419 77
421 77
423 77
426 76
428 76
430 76
432 76
434 76
437 76
439 76
441 76
442 76
444 76
446 75
448 75
449 75
451 75
452 75
453 75
454 75
455 75
456 75
457 75
458 75
458 76
459 77
459 78
459 79
459 80
460 81
460 82
461 83
461 84
461 86
462 88
462 89
462 91
463 93
463 94
463 96
464 98
464 100
464 103
465 105
465 107
466 109
466 112
466 114
467 116
467 119
468 121
468 123
469 126
469 129
469 131
469 134
470 137
470 139
470 142
470 145
470 148
470 151
470 154
470 157
470 160
470 163
470 166
470 169
470 173
470 176
470 179
469 182
469 186
469 189
469 192
469 196
468 199
468 202
468 206
468 209
468 212
467 216
467 219
467 222
467 225
467 229
467 232
466 235
466 238
466 241
466 245
466 248
466 251
466 254
466 257
466 260
465 263
465 266
465 269
465 272
465 275
465 278
465 281
464 284
464 287
464 290
464 292
463 295
463 297
463 300
463 302
463 304
463 305
462 307
462 309
462 310
462 311
462 312
462 313
462 314
462 315
462 316
462 317
461 318
460 319
459 319
458 319
457 320
456 320
455 320
453 321
451 321
449 321
447 321
445 322
443 322
440 322
437 322
435 322
432 323
429 323
426 323
423 323
419 323
416 324
412 324
409 324
405 324
401 324
397 324
393 324
389 324
384 324
380 324
375 324
370 324
365 324
361 324
356 324
351 325
345 325
340 325
335 325
330 325
325 325
319 325
314 325
309 325
304 325
298 325
293 325
288 325
283 325
278 325
273 325
267 325
262 325
257 325
252 325
247 325
242 325
237 325
232 325
227 326
223 326
218 326
213 326
209 326
205 326
201 326
197 326
193 326
190 326
186 326
183 327
180 327
178 327
175 327
173 327
171 327
169 327
168 326
167 326
166 326
165 326
164 326
163 326
162 325
162 324
161 323
161 322
161 321
161 319
160 318
160 317
160 315
160 313
160 312
159 310
159 308
159 305
159 303
159 301
160 298
160 296
160 293
160 291
160 288
160 285
160 283
160 280
160 277
160 274
160 271
160 268
160 265
160 262
160 259
159 256
159 253
159 250
159 247
159 244
159 240
159 237
159 234
159 231
159 228
159 224
159 221
159 218
159 214
159 211
159 208
159 204
159 201
159 198
159 194
159 191
159 188
159 185
159 181
159 178
159 175
159 171
159 168
159 165
159 161
159 158
159 155
159 151
159 148
159 145
159 142
159 138
159 135
159 132
159 129
159 126
160 123
160 120
160 117
160 114
160 111
160 109
160 106
160 104
160 102
160 100
160 98
159 96
160 95
160 93
160 92
160 91
161 89
161 88
162 87
163 86
163 86
