327
215 114
219 113
222 113
225 113
228 113
231 112
234 112
239 112
241 111
245 111
248 111
250 110
255 110
257 109
262 109
267 108
271 108
276 108
279 107
282 107
285 107
287 108
288 110
288 113
288 116
289 119
289 123
289 127
289 130
289 133
289 136
289 139
289 143
289 146
289 150
289 154
289 158
289 161
289 165
289 170
289 174
289 178
289 182
289 185
289 189
290 193
290 196
290 200
290 203
291 207
291 210
291 214
290 218
290 221
290 225
289 227
289 231
288 233
287 236
286 239
285 242
286 244
289 244
291 243
294 243
298 243
301 243
304 243
307 243
310 243
314 243
317 243
321 243
325 244
329 244
333 244
337 244
341 244
344 244
349 244
353 244
356 244
359 244
364 244
366 245
369 245
374 245
378 245
381 245
385 245
389 245
392 245
395 245
395 242
396 239
396 236
396 233
396 230
396 227
396 223
396 220
396 216
396 213
396 209
396 205
396 201
396 197
396 193
396 190
396 186
396 182
396 178
396 174
395 171
395 167
395 163
395 159
394 155
394 151
394 146
393 144
393 140
392 136
392 133
391 129
391 126
390 124
390 121
389 119
388 116
388 113
391 113
394 113
398 112
401 112
404 112
407 112
411 111
414 111
417 111
420 111
423 111
425 110
428 110
431 109
435 109
438 109
441 109
443 108
446 108
449 108
452 108
452 111
453 113
453 116
453 119
453 122
453 126
453 129
453 132
453 135
452 138
452 141
452 144
452 148
452 151
452 154
453 157
453 160
453 163
453 166
453 169
453 172
453 176
453 180
453 184
454 188
454 192
453 194
453 198
453 202
453 206
453 210
452 214
452 218
452 221
451 223
451 227
451 231
451 235
451 239
451 242
451 246
451 249
451 253
451 257
451 261
451 264
450 268
450 272
450 276
449 279
449 283
448 287
448 290
447 293
447 296
445 297
442 297
439 297
436 297
433 297
430 297
426 297
424 298
420 297
415 298
411 298
406 297
402 297
399 297
395 297
392 297
388 297
385 297
381 297
378 297
373 297
371 296
368 296
365 296
363 297
360 297
357 297
354 297
351 297
348 297
345 297
340 297
337 297
334 297
331 297
328 297
325 297
322 298
319 298
316 298
313 298
310 298
306 298
303 298
300 298
297 299
294 299
291 299
288 299
284 299
281 299
278 299
275 299
272 299
269 299
266 299
262 299
257 299
254 299
251 299
248 299
243 299
239 299
235 299
232 299
229 299
226 299
223 299
221 298
220 296
219 294
218 291
218 288
218 285
218 281
218 278
218 274
218 271
219 269
219 265
219 261
219 257
220 255
220 252
220 248
220 244
220 240
220 236
220 232
220 228
221 224
221 220
221 216
221 212
221 208
222 206
222 202
222 198
222 194
222 190
222 186
222 182
223 178
223 174
223 170
223 166
223 162
224 158
224 154
225 150
225 146
226 143
226 139
226 136
226 133
226 130
226 127
226 124
226 121
227 121
