491
125 49
126 49
127 49
128 49
129 49
130 49
131 49
133 49
134 48
136 48
138 48
140 48
142 48
144 48
146 48
148 48
150 48
151 48
153 47
154 47
155 47
156 47
158 47
159 47
160 47
161 47
162 47
163 47
164 47
165 46
166 46
167 46
167 47
167 48
167 49
167 50
167 51
168 52
168 53
168 54
168 55
168 56
168 57
168 58
168 59
168 60
168 61
168 62
168 63
168 64
168 65
168 66
168 67
168 68
168 69
168 70
169 71
169 73
169 74
169 75
169 76
169 78
169 79
169 80
169 82
169 83
169 85
170 86
170 87
170 89
170 90
170 91
170 93
171 94
171 96
171 97
171 99
171 100
171 102
172 104
172 105
172 107
172 109
172 110
172 112
172 113
172 115
172 116
173 117
173 119
173 120
173 122
173 123
173 125
173 126
173 128
173 129
174 130
174 131
174 133
174 134
174 135
174 136
174 137
174 138
174 137
175 137
176 137
177 137
178 137
179 137
180 137
181 137
182 137
183 137
184 137
186 137
187 137
189 137
190 137
192 136
193 136
195 136
196 136
198 136
200 136
202 136
204 136
206 136
208 136
210 136
212 136
214 136
216 136
218 136
220 136
223 135
225 135
227 135
229 135
231 135
233 135
235 135
237 135
239 135
241 135
243 135
244 135
246 135
247 135
248 135
249 135
250 135
251 135
251 134
250 134
250 133
250 132
250 131
250 130
250 129
250 128
250 127
249 126
249 125
249 124
249 123
249 122
249 120
249 119
249 118
249 117
248 115
248 114
248 113
248 112
248 110
248 109
247 107
247 106
247 104
247 102
246 101
246 99
246 97
246 95
246 94
245 92
245 91
245 89
245 87
244 86
244 84
244 82
243 81
243 79
243 77
243 75
243 73
243 72
243 70
242 69
242 68
242 67
242 65
242 64
242 63
242 62
242 60
242 59
242 58
242 57
241 56
241 55
241 54
241 53
241 52
241 51
241 50
241 49
242 49
243 50
244 50
245 50
246 49
247 49
248 49
250 49
251 49
252 49
254 49
255 49
257 49
258 49
260 48
261 48
263 48
265 48
266 48
267 48
269 48
270 48
271 48
273 48
274 48
275 48
276 48
277 48
279 48
280 48
281 48
282 48
283 48
283 49
283 50
284 51
284 52
284 53
284 54
284 55
285 56
285 58
285 59
285 60
285 61
285 63
286 64
286 65
286 67
286 68
286 69
287 71
287 72
287 73
287 75
287 77
287 78
287 80
287 82
287 84
287 85
287 87
287 89
287 91
287 92
287 94
287 95
287 97
287 99
287 101
287 103
287 104
287 106
287 108
287 110
287 112
287 113
287 115
287 117
287 118
287 120
287 122
287 124
287 126
287 128
287 130
287 131
287 133
287 135
287 137
287 138
287 140
287 141
287 143
287 145
287 147
287 149
287 151
287 153
287 154
287 156
287 158
287 159
287 161
288 162
288 164
288 165
288 167
289 168
289 170
290 171
290 173
290 174
290 175
291 176
291 177
291 178
291 179
291 180
290 180
289 180
288 180
287 180
285 180
284 181
283 181
281 181
280 181
278 181
276 181
273 182
271 182
269 182
267 182
264 182
262 182
259 182
256 182
254 183
251 183
248 183
245 184
242 184
239 184
235 185
232 185
229 185
225 185
221 185
217 186
213 186
210 186
206 186
202 186
198 187
194 187
191 187
187 187
184 187
180 187
177 187
173 187
170 187
167 187
164 187
162 187
159 187
157 187
154 187
152 187
151 187
149 187
147 187
146 187
145 187
143 187
142 187
141 187
140 187
139 187
138 187
138 186
137 186
137 185
137 184
136 183
136 182
136 181
136 180
135 179
135 178
135 176
134 175
134 174
134 172
134 171
134 169
134 168
133 167
133 165
133 163
133 162
133 161
133 159
132 158
132 156
132 154
132 153
132 151
132 149
132 147
132 145
132 144
132 142
131 140
131 139
131 137
131 135
131 134
130 132
130 131
130 129
130 127
130 125
130 123
130 122
130 120
130 118
130 117
130 115
130 114
129 112
129 111
129 109
129 107
129 106
129 104
129 102
129 101
129 99
129 97
129 96
129 94
129 93
129 92
129 90
129 89
129 88
129 86
129 85
129 84
129 82
129 81
129 79
129 78
129 77
129 76
129 75
128 74
128 73
128 72
128 71
128 70
128 69
128 68
127 68
127 67
127 66
127 65
128 65
128 64
