505
185 71
189 71
190 71
192 71
193 71
195 71
197 71
199 72
201 72
203 72
205 72
207 72
210 72
212 72
214 72
216 72
217 72
219 72
220 72
222 72
223 72
224 72
225 72
226 72
227 72
228 72
229 72
229 73
230 74
230 75
230 76
230 77
231 78
231 79
231 80
231 81
232 82
232 83
232 84
232 85
233 86
233 87
233 88
233 89
233 90
233 91
234 92
234 93
234 94
234 95
234 96
234 98
234 99
234 101
234 102
234 104
235 106
235 108
235 110
235 111
235 113
235 115
235 117
235 119
235 121
235 123
235 125
236 127
236 129
236 132
236 134
236 136
236 138
236 140
236 142
236 144
236 147
236 149
236 151
236 154
236 156
236 158
236 160
236 162
236 163
236 165
237 167
237 169
237 171
237 173
237 175
237 176
237 178
238 179
238 180
238 181
238 182
238 183
238 184
238 185
238 186
238 187
239 188
239 189
239 190
239 191
240 191
240 190
241 190
242 190
243 190
244 190
245 190
246 190
248 190
249 190
251 190
252 190
254 190
256 190
258 190
259 190
261 190
263 190
265 190
267 190
269 190
271 190
273 190
275 190
278 190
280 190
283 190
285 190
288 190
290 190
292 190
295 189
297 189
300 189
302 189
304 189
307 189
309 189
311 189
313 189
314 189
316 189
317 189
318 189
319 189
320 189
321 189
320 189
321 189
320 188
320 187
320 186
320 185
320 184
320 183
320 182
320 181
320 180
320 179
320 178
320 177
320 175
321 174
321 172
320 170
320 169
320 167
320 165
320 163
320 162
320 160
320 158
320 157
320 155
320 153
319 151
319 149
319 148
319 146
319 144
319 142
319 140
318 138
318 136
318 134
318 133
318 131
318 129
318 127
318 124
318 122
318 120
318 118
318 116
318 114
318 112
317 110
317 108
317 106
317 104
317 102
317 100
317 98
317 96
317 94
316 93
316 91
316 89
316 88
316 86
315 85
315 83
315 82
315 81
315 79
315 78
315 77
314 76
314 75
314 74
314 73
315 73
316 73
317 73
318 73
319 73
320 73
322 73
323 73
325 73
326 73
328 73
330 73
332 73
334 73
335 73
337 73
340 73
342 73
344 73
346 74
348 74
350 74
352 74
354 74
355 74
356 74
358 74
359 74
361 75
363 75
364 75
366 75
367 75
368 75
369 75
371 75
372 75
373 75
374 75
375 75
375 76
374 76
374 77
374 78
374 79
374 80
375 81
375 83
375 84
375 85
375 86
375 87
376 89
376 90
376 92
376 93
376 95
377 96
377 98
377 101
377 103
377 105
377 107
377 109
377 112
377 114
377 116
378 119
378 122
378 124
377 127
377 130
377 132
377 135
378 138
377 141
377 144
377 146
377 149
377 152
377 155
377 158
377 161
376 164
376 167
376 170
376 172
375 175
375 178
375 181
374 184
374 187
374 189
373 192
373 195
373 197
373 199
372 202
372 204
372 207
372 209
372 211
372 213
371 216
371 218
371 220
371 222
371 224
371 226
371 228
371 229
371 231
371 232
371 234
371 235
371 236
371 238
372 239
372 240
372 241
372 242
372 243
372 244
372 245
372 246
371 246
370 246
369 246
368 247
366 247
365 247
363 247
362 247
360 247
358 247
356 247
354 247
352 248
349 248
346 248
344 248
340 248
337 248
334 248
331 248
328 249
324 249
321 249
317 249
314 249
310 249
306 249
302 249
298 249
294 249
290 249
286 250
282 250
278 250
274 250
270 250
265 250
261 250
257 250
253 250
249 250
245 250
241 250
238 250
234 250
230 250
227 250
223 250
220 250
216 250
213 250
210 250
207 250
204 250
202 250
199 250
197 250
195 250
194 250
192 250
191 250
189 250
188 250
187 250
186 250
185 250
184 250
184 249
184 248
183 248
183 247
183 246
183 245
183 244
182 243
182 242
182 240
182 239
181 237
181 235
181 234
181 232
181 230
180 229
180 227
180 225
180 223
180 221
180 219
179 216
179 214
179 212
179 209
179 207
179 205
178 202
178 200
178 197
178 195
178 192
178 190
177 187
177 184
177 182
176 179
176 176
176 174
176 171
175 168
175 165
175 163
174 160
174 157
174 155
173 152
173 150
173 147
173 144
172 142
172 139
172 137
172 134
171 132
171 129
171 127
171 125
171 122
171 120
171 118
171 116
171 114
171 112
171 110
171 108
171 106
170 104
170 102
170 101
170 99
170 98
170 96
170 95
170 94
170 93
170 92
170 91
170 90
169 89
169 88
169 87
168 87
168 88
168 87
