370
168 66
173 65
174 65
176 65
177 65
179 65
181 66
183 66
185 66
188 66
190 66
192 66
195 66
197 66
200 66
202 66
204 66
207 67
209 67
211 67
213 67
215 67
217 67
219 67
220 67
222 67
223 67
224 67
225 67
226 67
227 67
227 68
227 69
227 70
227 71
227 72
228 73
228 74
228 75
229 76
229 78
229 80
230 82
230 84
230 86
231 88
231 91
231 94
232 97
232 100
232 103
233 106
233 109
233 112
234 116
234 119
234 122
235 125
235 128
235 131
236 134
236 137
236 139
236 142
236 144
237 146
237 148
237 150
237 151
237 153
237 154
237 156
237 157
237 158
237 159
237 160
238 160
238 161
239 161
240 161
241 161
242 161
243 161
244 160
245 160
247 160
248 160
250 160
252 160
253 159
255 159
257 159
259 159
261 159
263 159
265 159
267 158
269 158
271 158
273 158
275 158
277 159
278 159
280 159
281 159
283 159
284 159
285 159
286 159
287 159
288 159
289 159
290 159
290 158
290 157
291 156
291 155
291 154
291 153
291 152
291 150
291 149
291 147
291 146
291 144
291 142
291 139
291 137
291 135
291 132
291 129
291 127
291 124
291 121
290 118
290 115
290 112
289 109
289 106
289 103
288 100
288 97
288 95
287 92
287 89
286 87
286 85
286 82
285 80
285 78
284 77
284 75
284 74
283 73
283 71
283 70
283 69
282 68
282 67
283 67
284 67
285 68
286 68
287 68
288 67
290 67
291 67
293 67
294 67
296 67
298 67
300 67
302 67
304 67
306 67
308 67
310 67
312 67
314 67
316 67
318 67
319 67
321 67
322 67
324 67
325 67
326 67
326 68
327 68
328 68
329 69
329 70
329 71
330 71
330 72
330 73
330 74
330 75
330 76
330 77
331 78
331 80
331 81
331 83
331 85
331 87
332 90
332 92
332 95
332 98
332 101
332 104
332 108
332 111
332 115
332 118
332 122
332 125
332 129
332 132
332 136
333 139
333 143
333 146
333 150
333 153
333 156
333 159
334 162
333 165
333 168
333 171
333 173
333 176
332 179
332 181
332 183
331 186
331 188
331 190
331 192
330 193
330 195
330 197
330 198
330 199
330 200
330 201
330 202
329 202
329 203
328 203
327 202
326 202
325 202
324 202
323 202
322 202
320 202
319 203
317 203
315 203
313 203
311 203
308 204
306 204
303 205
300 205
297 205
294 206
291 206
287 207
284 207
280 208
277 208
273 209
269 209
266 210
262 210
258 210
255 210
251 211
247 211
244 211
240 211
237 211
234 211
230 211
227 211
224 211
221 211
218 211
215 211
212 211
210 211
208 211
206 211
204 211
202 210
200 210
199 210
198 210
196 210
195 210
195 209
194 209
193 209
192 209
192 208
191 208
191 207
191 206
191 205
191 204
191 203
191 202
191 201
190 199
190 197
190 196
190 194
190 192
190 189
189 187
189 185
189 182
189 179
188 176
188 173
188 170
187 167
187 164
186 161
186 158
185 155
185 151
185 148
184 144
184 141
183 137
183 134
182 130
182 127
181 124
180 121
180 117
179 114
179 111
179 108
178 105
178 102
177 99
177 97
176 94
176 91
175 89
175 87
175 85
174 83
174 81
173 79
173 78
173 76
172 75
172 74
172 73
172 72
171 72
171 71
171 70
