370
235 120
239 118
241 117
244 117
247 117
250 116
254 116
258 116
262 116
266 115
270 115
275 115
279 114
283 114
287 114
290 113
294 113
298 113
301 113
303 114
304 116
305 118
305 121
306 124
306 127
306 130
307 132
307 135
307 139
308 141
308 144
308 147
308 151
309 154
309 157
309 161
309 164
310 166
310 170
310 174
310 177
310 181
311 184
311 188
312 191
312 194
313 197
313 201
314 205
314 208
314 212
315 216
315 219
315 223
315 227
315 231
315 235
314 237
314 241
314 245
313 248
313 251
312 254
311 256
311 259
313 260
317 260
321 260
324 260
328 260
332 261
336 261
340 261
345 261
349 261
354 261
358 261
361 261
363 262
368 262
373 262
376 262
381 262
384 262
387 262
392 262
395 262
398 262
403 262
406 262
409 262
412 262
415 262
418 262
421 262
424 262
427 262
430 262
435 262
440 262
443 262
446 262
449 262
449 259
449 256
450 254
450 251
451 248
451 245
452 243
452 239
453 235
453 231
453 227
453 223
453 219
452 215
452 211
451 207
451 203
450 199
450 195
450 192
450 188
450 184
450 180
450 176
450 172
450 167
450 163
450 159
450 155
450 150
449 146
449 142
449 138
449 135
448 131
448 128
448 125
447 122
447 119
447 116
446 114
449 114
452 114
456 114
459 114
461 113
465 113
469 112
473 112
477 112
481 112
483 111
486 111
490 111
494 111
496 110
500 110
503 110
507 109
510 109
513 109
516 109
519 110
520 112
521 114
521 117
522 119
522 122
523 124
523 127
524 129
524 132
524 136
525 139
525 142
526 146
526 149
527 153
527 156
528 160
528 163
529 165
529 168
529 172
530 174
530 178
530 182
530 186
530 189
530 193
530 196
530 200
530 204
530 208
531 212
531 216
531 220
531 225
531 229
531 233
531 237
530 241
530 246
530 250
530 254
530 259
530 263
531 265
531 270
531 274
531 278
531 283
531 287
531 291
531 295
532 298
532 301
532 304
533 307
532 309
529 309
526 309
524 310
521 310
518 311
514 311
511 311
509 312
506 312
502 312
499 313
495 314
491 314
487 315
484 315
479 316
474 316
471 317
468 317
465 317
462 318
459 318
456 318
453 319
450 319
446 319
443 319
440 320
436 320
433 320
429 320
426 320
423 320
419 320
415 320
412 320
408 320
404 320
401 320
397 320
393 320
389 320
385 320
381 320
377 320
373 320
369 320
365 320
361 320
357 320
353 320
349 320
345 320
340 320
336 320
332 320
328 320
324 320
321 320
317 320
313 320
309 320
306 320
302 320
299 320
295 320
292 320
288 320
285 320
281 320
278 320
274 320
271 320
268 321
265 321
261 321
256 321
253 322
250 322
245 323
241 323
237 323
234 323
231 323
228 323
228 320
228 317
228 314
228 310
228 307
228 303
228 299
228 296
228 291
229 287
229 282
229 278
229 275
230 273
230 268
231 263
231 258
231 255
232 252
232 247
233 244
233 241
233 238
233 235
234 232
234 229
234 224
234 221
235 216
235 213
235 208
235 205
235 202
236 199
236 194
237 191
237 188
237 185
238 183
238 180
239 177
239 174
240 172
240 169
241 167
241 164
242 162
242 159
243 157
243 154
244 152
244 149
245 147
245 142
246 139
246 135
246 132
247 130
247 127
248 124
249 122
250 122
