558
177 63
181 62
182 63
183 63
184 63
186 63
187 63
189 63
190 63
192 63
194 63
196 63
198 63
199 63
201 63
203 62
205 62
208 62
210 62
212 62
213 62
215 62
217 62
219 61
221 61
223 61
225 61
226 61
228 61
229 61
231 61
232 60
233 60
234 60
235 60
236 60
237 60
238 60
239 60
240 60
240 61
240 62
241 62
241 63
241 64
241 65
241 66
241 67
241 68
241 69
241 70
241 71
241 72
241 73
242 75
242 76
242 78
242 79
241 81
241 83
241 85
241 87
241 88
241 90
241 92
241 94
241 96
241 98
241 100
241 102
241 105
240 107
240 109
240 112
240 114
240 117
240 119
241 121
241 124
241 126
241 129
241 131
241 134
241 136
241 139
241 141
241 144
241 147
241 149
241 152
241 154
241 157
241 159
242 162
242 164
242 167
242 169
242 172
242 174
242 177
242 179
242 181
243 184
243 186
243 188
243 190
243 192
243 195
243 197
243 199
243 201
243 203
243 205
244 206
244 208
244 210
244 211
245 213
245 214
245 216
245 217
245 219
245 220
246 221
246 222
246 223
247 224
248 225
249 225
250 226
251 226
252 226
253 226
254 226
255 226
256 226
258 226
259 226
260 226
262 226
263 226
265 226
266 226
268 226
270 226
272 226
274 225
276 225
278 225
281 225
283 225
285 225
288 225
290 225
292 225
294 225
296 225
298 225
300 224
302 224
304 224
306 224
308 224
310 224
311 224
312 224
314 224
315 223
316 223
317 223
319 223
320 223
321 223
322 223
323 223
324 223
325 223
326 222
327 222
328 222
328 221
328 220
328 219
328 218
328 217
328 216
328 215
328 214
328 213
328 212
328 210
328 209
328 208
328 206
328 205
328 203
328 202
328 200
328 198
328 196
328 194
328 192
328 190
328 187
327 185
327 183
327 181
327 179
327 177
326 174
326 172
326 169
326 167
325 165
325 162
325 160
325 157
324 155
324 152
324 150
324 147
324 144
323 142
323 139
323 137
323 135
323 132
323 130
323 127
322 125
322 122
322 120
322 117
322 115
322 113
322 110
322 108
321 105
321 102
321 100
321 97
321 95
321 93
321 91
321 89
321 87
321 85
321 83
321 81
321 79
321 77
321 75
321 73
321 72
320 71
320 70
320 69
320 68
320 67
320 66
320 65
321 65
322 65
323 65
324 65
325 66
326 66
327 66
329 66
330 66
331 66
333 65
334 65
336 65
337 65
339 65
341 65
343 65
345 65
347 65
349 65
351 64
353 64
354 64
356 64
358 64
360 64
361 64
363 64
365 64
366 64
368 64
369 64
370 64
371 64
372 64
373 64
374 64
375 64
376 64
377 64
377 65
377 66
377 67
377 68
377 69
378 70
378 71
378 72
378 73
378 74
379 76
379 77
379 79
379 80
379 82
379 84
379 86
380 88
380 89
380 91
380 93
380 95
380 97
380 99
380 102
380 104
380 107
380 109
381 112
380 114
381 117
381 120
381 123
381 125
381 128
381 131
381 134
381 137
381 140
381 143
381 146
381 149
381 152
381 155
381 158
381 161
381 163
381 166
381 169
381 172
381 175
381 178
382 181
382 184
382 186
382 189
382 192
382 195
382 198
382 201
382 203
382 206
383 209
383 212
383 214
383 217
383 220
383 222
383 225
383 228
383 230
383 233
383 235
383 238
383 240
384 243
384 245
384 247
384 249
384 251
384 253
384 255
384 257
384 258
385 260
385 261
385 263
385 264
385 265
385 267
385 268
385 269
385 270
385 271
384 271
383 272
382 272
381 272
381 273
380 273
378 273
377 273
376 273
374 273
372 273
370 273
368 273
366 273
364 273
361 273
359 273
356 273
354 273
351 273
348 273
345 273
342 273
339 273
336 273
333 273
329 273
326 273
323 273
320 273
317 273
313 273
310 273
307 273
304 273
300 273
297 273
293 273
290 273
286 273
283 273
279 273
275 273
271 273
267 273
263 273
259 274
255 274
251 274
247 274
243 274
239 274
235 274
231 274
227 274
224 274
220 274
216 275
213 275
209 275
206 275
203 275
200 275
197 275
195 275
193 274
191 274
189 274
188 274
186 274
185 273
184 273
183 273
182 273
182 272
181 271
181 270
181 269
181 268
180 267
180 266
180 264
179 263
179 261
179 260
179 258
178 256
178 254
178 252
178 250
177 248
177 246
177 244
177 241
177 238
176 236
176 233
176 230
176 227
175 225
175 222
175 219
175 216
174 213
174 210
174 207
174 204
174 200
174 197
174 194
173 191
173 188
173 185
173 182
173 178
172 175
172 172
172 169
172 166
172 162
172 159
172 156
171 153
171 150
171 147
171 144
171 141
171 138
171 136
171 133
170 130
170 127
170 124
170 121
169 116
169 113
169 111
169 108
169 106
169 104
169 101
169 99
169 97
169 95
168 93
168 91
168 89
168 88
168 86
168 84
168 83
168 81
167 80
167 79
167 77
167 76
167 75
166 74
166 73
166 72
165 72
165 73
165 74
