425
232 118
236 116
239 116
242 116
246 116
248 115
252 115
255 115
259 115
262 115
266 115
268 114
271 114
275 114
278 114
281 114
285 115
288 115
292 115
295 115
299 115
303 114
307 114
310 114
314 114
316 113
319 113
320 115
321 118
321 121
321 125
322 128
322 131
322 134
322 137
322 140
322 143
322 146
322 150
322 153
322 156
322 159
322 162
322 165
322 168
321 172
321 175
320 177
320 180
320 183
319 185
319 189
319 192
318 196
318 200
317 204
317 207
317 211
316 213
316 216
316 220
316 224
315 227
315 231
315 235
314 239
314 243
314 247
314 251
314 255
314 259
314 263
313 265
313 269
313 272
312 274
312 278
311 281
310 284
309 286
309 289
312 289
315 289
318 288
321 288
324 288
327 288
331 287
335 287
339 287
343 287
347 287
350 287
354 287
357 287
362 287
367 287
370 287
375 287
378 287
381 287
384 287
387 287
390 287
393 287
397 287
400 287
403 287
406 287
409 287
413 287
416 287
419 287
422 287
425 287
428 287
431 287
435 287
438 287
441 287
444 287
448 286
451 286
454 286
457 286
460 286
463 287
466 287
469 287
472 287
477 287
482 287
484 288
488 288
492 288
495 288
498 288
498 285
499 283
499 280
500 278
500 275
501 273
502 270
503 266
503 263
504 260
505 257
505 254
506 251
506 247
507 244
507 241
508 239
508 236
508 232
509 228
509 224
509 220
509 217
510 213
510 209
510 205
511 203
511 199
512 195
512 191
512 187
512 183
512 179
513 175
513 171
513 167
513 164
513 160
513 156
513 153
513 149
513 146
513 142
513 139
513 135
513 132
513 129
513 126
513 123
513 120
515 119
518 119
521 118
524 118
527 117
530 117
534 116
538 116
542 116
546 116
549 115
553 115
557 115
560 115
564 115
567 115
570 116
573 116
576 116
578 117
579 119
579 122
579 125
579 129
579 132
579 135
579 139
579 142
579 145
579 149
578 152
578 156
578 160
578 163
578 167
579 171
579 175
579 179
579 183
579 187
579 191
579 195
579 199
579 204
578 206
578 210
578 214
578 218
578 221
578 225
577 227
577 230
576 234
576 237
575 241
575 244
575 248
575 253
574 255
574 258
574 263
573 267
573 270
572 274
572 277
572 282
571 284
571 287
570 289
570 292
569 294
568 299
567 304
566 306
565 311
564 316
563 320
562 324
562 327
561 329
560 333
559 335
558 338
557 341
557 344
556 346
556 349
553 349
549 350
545 350
542 350
538 350
534 350
531 350
526 350
522 350
520 351
515 351
511 351
508 351
503 351
500 351
495 351
492 351
489 351
486 351
482 351
479 352
476 352
472 352
468 352
465 352
461 352
457 352
453 353
449 353
445 353
440 353
436 353
432 353
427 353
423 354
419 354
414 354
410 354
405 355
401 355
396 355
391 355
387 356
382 356
377 356
373 356
368 356
363 357
358 357
353 357
349 357
344 357
339 357
335 357
330 358
326 358
321 358
317 358
313 358
308 358
304 358
300 358
296 357
292 357
288 357
284 357
280 357
277 357
273 357
269 356
266 356
263 356
260 356
257 356
254 356
252 355
249 355
245 355
243 354
239 354
237 353
234 352
232 351
230 350
229 348
228 346
228 343
228 340
228 336
228 333
228 329
228 325
228 321
228 317
229 315
229 312
229 307
229 302
229 297
229 292
229 289
229 286
230 284
230 281
230 278
230 275
230 272
231 269
231 266
231 263
232 260
232 257
232 254
233 250
233 247
234 244
234 241
234 238
235 235
235 231
235 228
236 225
236 222
237 219
237 214
238 211
238 208
238 205
238 202
239 199
239 196
239 193
239 190
240 187
240 182
240 179
240 176
240 173
241 168
241 165
241 160
242 155
242 151
242 148
243 146
243 142
243 139
244 136
244 133
245 131
246 133
