399
143 80
147 80
148 80
149 80
150 80
151 80
153 80
154 80
156 80
157 80
159 80
161 80
163 80
166 80
168 79
170 79
172 79
175 79
177 79
179 79
182 78
184 78
186 78
188 78
191 78
193 78
194 78
196 77
198 77
200 77
201 77
202 77
203 77
204 77
205 77
206 77
207 77
208 78
208 79
208 80
209 81
209 83
209 84
210 85
210 87
211 89
211 91
211 93
212 96
212 98
213 101
213 104
214 107
214 110
215 113
216 116
216 119
217 122
217 125
218 128
218 131
219 133
219 136
220 139
220 142
220 144
221 147
221 149
222 151
222 153
222 155
222 157
223 159
223 161
223 162
223 163
223 165
223 166
224 167
224 168
224 169
224 170
225 171
226 171
227 171
227 170
228 170
229 170
230 170
231 170
232 170
233 170
235 170
236 169
237 169
239 169
240 169
242 169
244 169
245 168
247 168
249 168
251 168
252 168
254 168
256 168
257 167
259 167
261 167
262 167
264 167
265 167
267 167
268 167
269 167
270 167
271 167
272 167
273 167
274 167
275 167
276 166
276 165
276 164
276 163
276 162
276 161
276 160
276 159
276 157
276 156
276 154
276 153
276 151
276 149
276 147
275 145
275 142
275 140
275 138
274 135
274 133
274 130
273 128
273 125
272 122
272 120
271 117
271 114
270 112
270 109
269 107
269 104
269 102
268 100
268 97
267 95
267 93
266 91
266 89
266 87
265 86
265 84
265 83
265 82
264 81
264 80
264 79
263 78
263 77
263 76
264 76
265 76
266 76
267 76
268 76
269 76
270 76
272 76
273 75
275 75
276 75
278 74
280 74
282 74
284 73
285 73
287 73
289 72
292 72
294 72
296 72
297 71
299 71
301 71
303 71
304 70
305 70
306 70
308 70
309 70
310 69
311 69
312 69
312 70
312 71
313 71
313 72
313 73
313 74
313 75
314 76
314 77
314 78
314 80
315 82
315 83
315 85
315 87
315 90
315 92
315 94
315 97
315 100
315 102
315 105
315 108
315 111
315 114
315 117
315 120
315 123
315 126
315 129
315 133
315 136
315 139
316 142
316 145
316 148
316 151
316 154
315 157
315 160
315 163
315 166
315 168
314 171
314 174
314 177
314 179
314 182
313 184
313 187
313 189
314 191
314 193
314 195
314 196
314 198
314 200
314 201
315 202
315 203
315 204
315 205
315 206
315 207
314 208
313 208
312 208
311 208
310 208
309 209
307 209
306 209
305 210
303 210
302 210
300 211
298 211
296 212
293 212
291 213
289 213
286 214
283 214
280 214
277 215
274 215
271 216
268 216
265 217
262 217
258 218
255 218
252 218
248 219
245 219
242 219
239 220
236 220
233 220
229 221
227 221
224 221
221 221
218 221
215 222
212 222
210 222
207 222
205 223
202 223
200 223
198 223
196 223
194 224
192 224
190 224
188 224
186 225
185 225
183 225
182 225
180 225
179 225
178 225
177 226
176 226
176 225
175 225
174 225
174 224
174 223
174 222
174 221
174 220
174 219
174 218
174 217
174 215
174 213
174 212
174 210
174 207
174 205
174 203
174 201
174 198
174 196
174 193
174 190
173 188
173 185
173 182
172 180
172 177
172 174
171 171
171 168
170 166
170 163
170 160
169 157
169 154
168 152
168 149
167 146
166 143
166 140
165 137
164 135
164 132
163 129
162 126
162 124
161 121
160 118
160 116
159 113
158 111
158 108
157 106
156 104
156 101
155 99
155 97
154 95
154 93
153 92
153 91
152 89
152 88
152 87
151 87
151 86
151 85
151 84
