535
176 145
181 142
182 141
185 141
187 140
190 139
194 138
197 137
201 137
205 136
209 135
213 134
217 134
221 133
225 132
229 132
232 132
236 131
238 131
241 131
243 130
246 130
247 130
249 130
250 130
251 130
252 130
253 130
253 129
254 130
254 129
255 129
256 129
257 130
258 131
258 132
258 133
259 135
259 136
260 138
260 140
261 143
262 145
262 147
263 150
263 152
263 155
264 158
264 160
265 163
265 166
265 169
266 172
266 175
266 178
267 181
267 183
267 186
267 189
267 192
268 195
268 198
268 201
268 204
269 207
269 210
269 213
269 217
270 220
270 224
270 227
271 231
271 235
271 239
272 242
272 246
272 249
272 253
273 256
272 258
272 259
272 261
272 263
272 264
272 265
272 267
272 268
272 269
271 269
271 270
271 271
271 272
271 273
271 274
271 275
272 276
272 277
273 277
274 277
275 277
276 277
277 277
278 277
279 277
280 277
282 276
283 276
285 276
287 275
288 275
290 275
292 274
294 274
297 273
299 273
301 273
303 272
306 272
308 271
311 271
313 270
315 270
318 269
320 268
322 268
324 267
326 267
328 267
330 266
332 266
334 266
336 266
338 265
339 265
341 265
342 265
344 265
345 264
346 264
347 264
348 264
349 264
350 264
351 264
352 264
353 263
352 263
352 262
352 261
352 260
352 259
351 258
351 257
351 256
350 255
350 253
350 252
349 250
349 248
349 246
348 244
348 242
347 240
347 238
347 236
346 234
345 232
345 230
344 228
344 225
343 223
343 220
342 218
342 216
341 213
341 211
341 209
340 207
340 205
340 202
339 200
339 198
338 195
338 192
337 190
337 187
337 185
336 183
336 180
335 178
335 176
335 174
334 173
334 171
333 169
333 167
332 165
332 163
331 161
331 159
330 157
330 155
329 153
329 151
328 150
328 148
328 147
327 145
327 143
327 141
327 139
327 137
326 136
326 134
326 132
326 131
325 130
325 128
325 127
325 126
324 125
324 124
324 123
323 122
323 121
323 120
324 119
324 118
325 118
326 118
327 118
328 118
329 117
330 117
331 117
333 117
334 116
335 116
337 115
339 115
341 115
342 114
344 114
347 113
349 113
356 112
358 111
360 111
362 111
364 110
366 110
368 110
370 109
372 109
374 109
376 108
378 108
379 108
381 107
382 107
384 107
385 106
386 106
387 106
388 106
389 106
390 106
391 105
392 105
393 105
394 105
395 105
395 106
396 106
397 106
397 107
398 108
398 109
399 110
399 111
399 112
400 113
400 115
400 117
401 118
401 120
401 123
402 125
402 127
402 129
403 132
403 134
403 137
404 139
404 142
404 144
404 147
405 150
405 152
405 155
406 158
406 161
406 164
406 167
406 170
407 173
407 176
407 179
407 182
407 185
407 188
407 192
407 195
407 198
407 201
407 204
407 208
406 211
406 215
406 219
406 222
406 226
406 229
406 233
405 236
405 239
406 242
406 245
406 248
406 251
406 254
406 257
406 260
407 263
407 266
407 269
407 272
407 275
407 277
407 280
407 283
407 285
407 288
407 290
407 292
407 294
407 296
406 298
406 300
406 302
405 303
405 304
405 305
404 306
404 307
403 307
403 308
402 308
402 309
401 309
400 310
399 310
398 311
397 311
396 311
395 311
393 312
392 312
390 312
388 313
385 313
383 313
380 314
378 314
375 314
372 315
369 315
366 315
363 316
360 316
357 316
354 317
351 317
347 318
343 318
340 318
336 319
332 320
327 320
323 321
319 321
314 322
310 322
306 323
302 324
297 324
294 325
289 326
286 326
282 326
278 327
275 327
271 328
268 328
265 328
262 329
260 329
258 329
256 329
254 330
252 330
251 330
249 330
248 330
247 330
246 331
245 331
244 331
243 331
242 331
241 331
240 331
239 331
238 331
237 330
236 330
236 329
235 329
235 328
234 328
234 327
233 326
232 325
232 324
231 323
230 321
230 320
229 318
228 316
228 314
227 312
226 310
226 308
225 306
224 304
224 301
223 299
223 296
222 294
221 292
221 289
220 287
220 284
219 282
219 279
218 277
217 274
217 272
216 270
216 268
215 265
215 263
214 261
213 259
213 257
212 255
212 252
211 250
210 248
210 245
210 243
209 241
209 238
208 236
208 234
207 232
207 230
206 228
206 226
205 224
205 222
204 220
204 217
204 215
203 213
203 210
203 208
203 206
202 204
202 202
202 200
201 198
201 197
201 195
200 193
200 191
200 189
200 187
200 185
199 183
199 181
199 179
199 178
198 176
198 175
198 173
198 172
197 170
197 169
197 167
197 166
197 164
196 163
196 162
196 160
196 159
196 158
195 157
195 156
195 155
195 154
195 153
194 152
194 151
194 150
194 149
194 148
194 147
194 146
194 145
195 145
195 144
196 144
197 143
198 142
