549
153 131
163 128
165 127
167 127
169 126
172 126
174 126
177 125
179 125
182 124
185 124
187 124
190 124
192 123
195 123
197 123
199 123
202 122
204 122
205 122
207 122
209 122
210 121
212 121
213 121
214 121
215 121
216 121
217 121
218 121
219 120
220 120
221 120
222 120
223 120
223 121
224 122
224 123
224 124
224 126
224 127
224 128
225 130
225 132
225 134
225 136
225 138
225 141
225 143
225 146
225 148
225 151
226 154
226 156
226 159
226 161
226 164
226 167
226 169
226 172
226 175
226 178
226 180
226 183
226 185
226 188
226 191
226 193
226 196
226 198
226 201
226 203
226 205
226 208
225 210
225 212
226 214
226 216
226 218
226 219
226 221
226 223
226 225
226 227
226 228
226 230
226 231
226 232
226 234
226 235
226 236
226 237
226 238
226 239
226 240
226 241
227 241
228 242
229 242
230 242
231 242
232 242
233 242
234 242
235 242
236 242
237 242
238 242
240 242
241 242
243 242
244 242
246 241
248 241
250 241
252 241
253 241
255 241
257 241
259 241
261 241
262 241
264 241
266 241
268 241
269 241
271 241
273 240
275 240
276 240
278 240
280 240
281 240
283 239
284 239
286 239
288 239
289 238
291 238
292 238
293 238
294 238
295 237
296 237
297 237
298 237
299 237
300 237
301 236
301 235
301 234
301 233
301 232
301 231
300 230
300 229
300 227
300 226
300 224
300 223
299 221
299 219
299 217
299 215
298 213
298 211
297 209
296 207
296 205
295 203
295 201
294 199
293 197
293 195
292 193
292 190
291 188
291 186
290 184
290 181
289 179
289 177
288 175
288 173
288 171
287 169
287 167
286 165
286 163
286 161
286 159
286 157
285 155
285 154
285 152
285 150
285 149
284 147
284 145
284 144
284 142
284 141
284 139
284 137
283 136
283 134
283 133
283 132
283 130
283 129
282 128
282 126
282 125
282 124
282 123
282 122
282 121
281 121
281 120
281 119
281 118
281 117
282 116
283 116
283 115
284 115
285 115
286 115
287 114
288 114
289 114
290 114
291 113
292 113
294 113
295 112
297 112
298 111
300 111
302 111
303 110
305 110
307 109
308 109
310 108
312 108
314 107
315 107
317 107
319 106
320 106
322 106
324 105
325 105
327 105
328 104
330 104
331 104
333 103
334 103
335 103
337 103
338 102
339 102
340 102
341 102
342 102
343 102
344 102
344 101
345 101
345 102
346 102
346 99
346 100
347 100
347 101
347 102
347 103
347 105
347 106
348 111
348 113
348 115
348 117
348 119
348 121
348 123
348 125
348 127
348 129
348 131
349 134
349 136
349 138
349 141
349 143
349 146
349 148
349 150
350 152
349 154
349 156
349 158
350 160
350 162
350 165
350 167
350 169
350 171
350 173
350 176
350 178
350 180
350 182
350 184
350 187
350 189
350 191
350 193
350 195
350 197
350 199
350 201
350 204
350 206
350 208
350 210
350 212
350 214
350 217
350 219
350 221
350 223
350 225
350 227
350 229
350 231
350 232
350 234
350 236
350 238
350 240
350 241
350 243
350 245
349 246
349 248
349 249
349 251
349 253
349 254
349 256
349 257
349 258
348 259
348 261
348 262
348 263
348 264
348 265
348 266
347 267
347 268
347 269
346 270
346 271
345 272
344 272
347 273
345 273
344 274
343 274
341 274
339 275
337 275
335 275
330 276
328 276
325 276
323 276
321 276
318 276
316 277
314 277
312 277
309 277
307 277
305 277
302 277
300 278
297 278
295 278
293 278
290 278
288 278
286 278
284 278
282 278
280 278
278 279
276 279
274 279
272 279
270 279
268 279
266 279
264 279
262 279
260 280
258 280
256 280
254 280
253 280
251 280
249 280
247 280
245 280
243 280
241 280
239 280
237 280
235 280
233 280
232 280
230 280
228 280
226 280
224 280
221 280
219 280
217 280
215 280
212 280
210 280
208 281
206 281
204 281
202 281
200 281
198 281
196 281
194 281
192 281
190 281
188 281
186 281
185 281
183 281
182 281
181 281
180 281
179 281
178 281
177 281
176 280
175 279
174 278
174 277
174 276
173 276
173 275
172 273
172 272
172 271
171 269
171 268
171 266
171 264
170 262
170 259
170 257
170 255
170 252
170 250
169 248
169 245
169 243
168 241
168 238
168 236
167 234
167 232
167 229
167 227
166 225
166 223
166 221
166 219
165 217
165 215
165 213
165 211
165 209
164 207
164 205
164 203
164 201
164 199
164 197
164 195
164 193
164 191
164 190
164 188
164 187
164 185
164 183
164 182
164 180
164 178
164 177
164 175
164 173
164 171
164 170
164 168
164 166
164 165
164 163
164 162
164 160
164 159
164 157
164 155
164 154
164 152
164 151
164 149
164 148
164 147
164 145
164 144
164 143
164 141
164 140
164 139
164 138
164 137
164 136
163 135
163 134
163 133
163 132
163 131
164 131
165 130
165 129
166 128
