520
159 83
163 82
165 82
167 82
169 82
172 81
174 81
177 81
180 81
183 80
186 80
190 80
193 79
197 79
200 79
204 79
208 78
212 78
216 78
219 77
223 77
227 77
230 77
233 76
236 76
239 76
241 76
243 76
245 76
246 76
247 76
248 76
249 77
250 77
250 78
250 79
250 80
251 82
251 83
251 84
251 85
252 87
252 89
252 91
252 93
253 94
253 97
253 99
253 101
253 104
253 107
253 109
253 112
253 115
252 118
252 121
252 124
251 127
251 130
251 133
251 136
250 139
250 142
250 146
249 149
249 152
249 155
248 159
248 162
248 166
248 169
247 173
247 176
247 179
247 183
247 186
246 189
246 192
246 195
246 197
245 200
245 202
245 204
244 206
244 208
244 210
244 211
243 213
243 214
243 215
243 216
243 217
244 218
245 219
246 219
247 219
248 219
249 220
250 220
251 220
253 220
254 220
256 220
258 220
260 220
262 220
264 220
266 220
269 220
271 220
274 220
276 220
279 220
282 220
285 220
288 220
291 220
294 220
298 221
301 221
305 221
308 221
312 221
316 221
320 221
324 221
328 221
331 222
335 222
339 222
343 222
347 222
351 222
355 222
358 222
362 222
366 222
369 223
372 223
376 223
379 223
381 223
384 223
387 224
389 224
391 224
393 224
394 224
396 225
397 225
398 225
399 225
400 225
401 225
401 224
401 223
401 222
402 221
402 220
402 219
402 218
403 217
403 216
404 214
404 212
404 211
405 209
405 207
406 205
406 203
407 200
407 198
408 196
408 194
409 191
409 189
410 187
410 184
411 182
411 179
411 177
412 174
412 171
413 169
413 166
413 163
413 160
414 157
414 155
414 152
414 149
415 146
415 144
415 141
415 138
415 135
415 132
415 129
415 126
415 123
415 120
414 118
414 115
414 112
414 109
414 106
414 103
414 100
414 100
414 98
414 95
414 93
414 90
414 90
414 88
414 86
414 84
414 82
414 81
414 80
414 79
414 78
414 77
414 76
415 76
416 76
417 76
418 77
419 77
421 77
422 77
424 78
426 78
428 78
430 78
433 78
435 78
438 77
441 77
444 77
447 77
450 76
453 76
456 76
460 76
463 75
466 75
469 75
472 75
475 75
477 75
480 75
482 74
484 74
485 74
487 74
488 74
490 74
491 74
492 74
493 74
494 75
494 76
494 77
495 77
495 78
496 79
496 80
496 82
497 83
497 84
497 86
497 88
497 90
498 92
498 94
498 96
498 99
498 101
498 104
497 107
497 110
497 113
497 116
497 119
496 122
496 125
496 128
495 131
495 135
495 138
495 141
494 145
494 148
494 151
493 155
493 158
492 162
492 165
492 169
491 173
490 176
490 180
489 184
489 188
488 191
487 195
487 199
486 203
485 207
484 211
483 215
483 219
482 223
481 227
480 231
480 234
479 238
479 242
478 245
478 249
477 253
477 256
476 260
475 263
475 266
474 269
474 272
473 275
473 277
472 279
472 282
471 284
471 285
471 287
471 288
470 290
470 291
470 292
470 293
470 294
469 295
469 296
469 297
468 297
467 297
466 298
465 298
463 298
462 298
460 298
458 298
456 299
454 299
452 299
450 299
447 299
445 300
442 300
439 300
436 300
433 300
430 300
427 300
423 301
420 301
416 301
412 301
408 301
405 301
400 301
396 301
392 301
388 301
384 301
379 301
374 301
370 301
365 301
360 301
355 301
350 301
345 301
340 301
335 301
329 301
324 301
319 301
314 301
308 301
303 301
298 301
292 301
287 301
282 301
276 300
271 300
266 300
260 300
255 300
250 300
245 300
240 300
234 300
230 300
225 300
220 299
215 299
211 299
207 299
202 299
198 299
195 299
191 299
188 299
184 299
181 299
178 299
176 299
173 299
171 299
169 299
167 298
166 298
164 298
163 298
162 298
161 298
160 298
159 298
159 297
159 296
159 295
159 294
158 293
158 292
158 291
158 289
158 288
158 286
158 284
158 283
158 281
158 278
158 276
158 274
157 271
157 269
157 266
157 264
157 261
157 258
157 255
157 253
157 250
157 247
157 244
157 242
156 239
156 236
156 233
156 230
156 228
156 225
156 222
156 219
156 216
156 213
157 210
157 207
157 204
157 202
158 199
158 196
158 193
159 190
159 187
159 184
160 181
160 178
160 175
161 172
161 169
161 166
162 163
162 160
162 157
162 154
163 151
163 148
163 145
164 142
164 140
164 137
165 134
165 132
165 129
166 126
166 124
166 121
167 119
167 116
167 114
168 111
168 109
168 107
169 105
169 103
169 101
169 99
169 98
170 96
170 95
170 94
170 93
170 92
170 91
171 90
171 89
171 89
