389
108 66
113 65
114 65
115 65
116 65
118 65
119 65
121 64
123 64
125 64
127 64
129 64
131 63
134 63
136 63
139 63
141 62
144 62
146 62
148 62
151 61
153 61
155 61
157 60
159 60
161 60
162 60
164 59
165 59
166 59
167 59
168 59
169 59
169 60
169 61
170 61
170 62
170 63
170 64
170 65
170 67
171 68
171 70
171 72
171 74
171 77
172 79
172 81
172 84
172 87
173 89
173 92
173 95
174 98
174 101
174 104
174 107
174 110
175 113
175 116
175 119
175 122
175 125
176 127
176 130
176 132
176 135
176 137
176 139
177 141
177 143
177 145
177 146
177 148
177 149
177 151
177 152
177 153
177 154
177 155
177 156
178 156
178 157
178 158
179 158
180 158
181 158
182 158
183 158
184 158
185 159
186 159
187 159
188 159
190 159
191 159
192 159
194 159
196 159
197 159
199 159
201 159
203 159
205 159
206 160
208 160
210 160
212 160
214 160
215 160
217 160
219 160
220 160
221 161
223 161
224 161
225 161
226 161
227 161
228 161
229 161
230 161
231 160
231 159
231 158
231 157
232 157
232 156
232 155
232 153
232 152
232 151
232 149
232 147
232 145
232 143
232 141
232 139
232 137
232 135
232 132
232 129
232 127
231 124
231 121
231 118
231 115
230 112
230 110
230 107
230 104
229 101
229 98
229 96
228 93
228 90
228 88
228 85
228 83
227 80
227 78
227 76
227 74
227 72
226 70
226 68
226 66
226 65
226 64
225 63
225 61
225 60
225 59
225 58
226 58
227 58
227 59
228 59
229 59
230 59
231 59
232 59
233 59
234 59
236 59
238 58
239 58
241 58
243 58
245 58
247 58
249 58
251 58
252 57
254 57
256 57
258 57
259 57
261 57
262 57
263 57
264 57
265 57
266 58
267 58
268 58
269 58
269 59
269 60
270 61
270 62
270 63
270 64
270 65
271 66
271 68
271 69
271 71
272 73
272 75
272 77
272 79
273 82
273 84
273 87
273 90
274 92
274 95
274 98
274 101
274 105
274 108
274 111
274 114
275 117
275 121
275 124
275 127
275 130
275 133
275 136
275 139
275 142
275 145
275 148
275 151
275 154
275 157
275 159
275 162
275 164
275 167
274 169
274 171
274 173
274 175
274 177
274 179
274 181
274 182
274 184
274 185
274 186
274 187
273 188
273 189
273 190
273 191
272 192
271 192
270 192
269 192
268 192
267 192
266 192
264 192
262 193
261 193
259 193
256 193
254 194
251 194
249 194
246 195
243 195
240 195
237 196
234 196
230 196
227 196
224 197
220 197
217 197
214 197
210 197
207 198
204 198
200 198
197 198
193 198
190 197
186 197
183 197
180 197
176 197
173 197
170 197
167 197
164 196
161 196
158 196
155 196
152 196
149 196
147 196
144 196
142 196
139 196
137 196
135 195
133 195
131 195
129 195
127 195
126 195
125 195
124 194
123 194
122 194
121 194
121 193
120 193
120 192
120 191
120 190
120 189
120 188
119 186
119 185
119 183
119 181
119 179
119 177
119 174
119 172
118 169
118 167
118 164
118 161
118 158
117 155
117 152
116 149
116 146
116 143
115 140
115 136
114 133
114 130
113 127
113 124
112 120
112 117
111 114
111 111
110 109
110 106
109 103
109 100
109 98
108 96
108 93
108 91
107 89
107 87
107 85
106 84
106 82
106 80
106 79
106 78
106 77
106 76
105 75
105 74
105 73
105 72
105 71
105 72
