355
223 82
228 82
229 81
230 81
231 81
232 81
233 81
235 80
237 80
239 80
241 80
243 79
245 79
247 79
249 79
251 78
254 78
256 78
258 78
260 78
263 77
265 77
267 77
269 77
271 77
272 77
274 77
275 77
276 77
277 77
278 77
279 77
280 78
281 78
282 78
282 79
282 80
283 81
283 82
283 83
283 84
283 85
283 86
283 88
283 90
283 91
283 93
284 96
284 98
284 100
284 103
284 105
284 108
284 111
284 113
284 116
285 118
285 121
284 124
284 126
284 129
284 131
284 133
284 136
284 138
284 140
284 142
283 144
283 145
283 147
283 149
283 150
283 152
282 153
282 154
282 155
282 156
282 157
282 158
282 159
282 160
283 161
284 161
285 161
286 161
287 161
288 161
289 161
290 162
292 162
293 162
295 162
296 162
298 162
300 162
302 163
303 163
305 163
307 163
309 163
311 163
313 163
314 164
316 164
318 164
319 164
321 164
323 164
324 164
325 165
326 165
327 165
328 165
329 164
330 164
331 164
332 164
333 163
334 162
334 161
335 160
335 159
335 158
335 156
336 155
336 153
336 151
336 150
337 147
337 145
337 143
337 140
338 138
338 135
338 132
338 129
338 126
338 123
338 119
338 116
339 113
339 109
339 106
339 103
339 100
338 97
338 94
338 91
338 89
338 87
337 85
337 84
337 82
337 81
336 80
336 79
335 78
334 77
335 77
335 78
336 78
337 78
338 78
339 78
340 78
342 79
344 79
345 79
347 79
350 79
352 79
354 79
356 79
359 79
361 79
364 79
366 79
368 79
371 79
373 79
375 79
377 80
379 80
380 80
382 80
383 80
384 80
385 80
386 80
387 80
387 81
388 82
388 83
388 84
388 85
388 86
388 88
388 89
389 91
389 93
389 95
389 98
389 101
389 104
389 107
390 110
390 114
390 117
390 121
390 125
391 129
391 134
391 138
391 142
391 146
392 150
392 154
392 158
392 162
392 165
392 169
392 172
392 175
393 178
393 181
393 184
393 186
392 188
392 190
392 192
392 193
392 195
392 196
392 197
392 198
391 199
391 200
390 200
390 201
389 201
388 202
387 202
386 202
385 203
384 203
383 203
381 204
379 204
377 204
375 205
373 205
370 205
368 206
365 206
362 207
359 207
356 208
353 208
350 208
346 209
343 209
339 209
336 210
332 210
328 210
324 210
320 211
316 211
312 211
308 211
304 212
300 212
296 212
292 212
288 212
284 213
280 213
277 213
273 214
270 214
266 214
263 215
260 215
257 215
254 215
252 216
250 216
247 216
245 216
243 216
242 217
240 217
238 217
237 217
236 217
235 217
234 217
233 217
232 216
232 215
232 214
232 213
232 212
233 211
233 209
233 207
233 206
233 204
234 201
234 199
234 197
234 194
235 191
235 188
235 185
235 182
236 179
236 176
236 173
236 169
236 166
236 163
236 159
236 156
236 153
236 149
236 146
236 142
236 139
235 135
235 132
235 129
235 126
234 123
234 120
234 117
233 114
233 112
233 109
232 107
232 105
232 103
232 101
232 99
231 97
231 95
231 94
231 92
231 91
230 90
230 89
230 88
229 88
229 87
230 86
