354
249 73
254 72
255 72
257 72
259 72
260 72
262 71
265 71
267 71
269 71
271 71
274 71
276 71
279 71
281 70
283 70
286 70
288 70
291 70
293 70
295 70
297 70
298 70
300 70
301 70
302 70
303 70
304 70
304 71
305 72
305 73
305 74
305 75
305 77
306 78
306 80
306 81
306 83
307 85
307 88
308 90
308 93
308 95
309 98
309 101
310 104
310 107
310 110
311 113
311 116
312 119
312 122
313 125
313 128
314 131
314 134
314 136
315 139
315 141
315 143
315 145
316 147
316 149
316 151
316 152
316 153
316 154
316 155
317 156
317 157
317 158
317 159
318 159
319 159
320 159
321 159
322 159
323 159
324 159
325 159
326 159
327 159
329 159
330 159
332 159
333 159
335 159
337 159
338 159
340 159
342 159
343 159
345 159
347 159
348 158
349 158
351 158
352 158
353 158
354 158
355 158
355 157
355 156
355 155
355 154
355 153
355 152
355 150
355 149
355 147
355 146
355 144
355 142
355 139
355 137
355 135
355 132
355 129
355 127
354 124
354 121
354 118
354 116
353 113
353 110
353 107
352 104
352 101
352 98
351 96
351 93
350 91
350 88
349 86
348 84
348 83
347 81
347 80
346 78
346 77
345 76
345 75
345 74
344 74
344 73
343 72
344 72
345 73
346 73
347 73
348 73
349 73
351 73
352 73
354 73
356 73
358 73
360 73
362 73
365 72
367 72
370 72
372 72
375 72
378 72
380 72
383 72
385 72
387 72
389 72
391 72
393 73
394 73
395 73
397 73
398 73
399 73
399 74
400 74
401 75
401 76
401 77
401 78
401 79
401 80
402 82
402 83
402 85
402 87
402 89
403 91
403 93
403 96
404 98
404 101
404 104
405 107
405 109
406 112
406 115
407 118
407 122
407 125
407 128
407 132
407 135
408 138
407 142
407 145
407 149
407 153
407 156
407 160
407 163
407 167
407 170
407 173
407 176
407 179
407 182
407 185
407 188
407 190
407 193
408 195
408 196
408 198
408 200
408 201
409 202
409 203
409 204
409 205
409 206
408 206
408 207
407 207
407 208
406 208
405 208
404 208
403 209
402 209
401 209
399 209
398 210
396 210
394 210
392 210
390 211
388 211
385 211
383 212
380 212
377 212
374 213
371 213
368 213
364 214
361 214
357 214
353 215
349 215
346 215
342 215
338 216
334 216
330 216
326 217
323 217
319 217
316 218
312 218
309 218
306 218
303 218
300 218
298 218
295 219
293 219
291 218
289 218
288 218
286 218
285 218
284 218
283 217
282 217
281 217
281 216
280 216
279 216
278 215
278 214
278 213
277 213
277 212
277 211
277 210
276 209
276 208
276 207
276 205
276 203
276 202
275 200
275 198
275 195
275 193
275 191
275 188
275 185
274 182
274 180
274 177
274 173
273 170
273 167
273 164
272 160
272 157
271 154
271 150
271 147
270 144
270 140
269 137
268 134
268 131
267 127
267 124
266 121
265 118
265 115
264 112
263 109
263 106
262 104
262 101
261 99
260 96
260 94
259 92
259 90
258 88
258 86
257 85
257 83
256 82
256 81
255 80
255 79
255 78
254 77
