450
236 130
241 130
244 130
247 130
250 130
252 129
255 129
258 129
262 129
265 129
269 129
273 129
277 128
281 128
285 128
289 128
291 127
295 127
299 127
302 127
306 127
308 126
311 126
315 126
319 126
323 126
326 126
328 125
331 125
334 125
335 127
335 130
335 133
335 136
335 140
335 143
335 146
335 149
335 152
335 155
335 158
335 161
334 163
334 166
334 169
334 173
334 177
334 180
334 184
333 187
333 190
333 194
332 197
332 201
332 205
332 210
331 212
331 216
330 220
330 224
329 229
328 233
328 236
327 238
326 243
325 247
325 250
324 252
324 255
323 257
322 262
322 267
321 269
320 274
319 279
319 284
318 286
318 289
317 291
316 296
316 300
315 302
315 305
314 307
314 310
313 312
313 315
314 317
317 317
320 317
324 317
327 317
330 317
334 316
337 316
341 316
345 317
349 317
352 317
356 317
361 317
365 317
368 317
373 317
376 317
379 317
384 317
387 317
390 317
393 317
396 317
399 317
402 317
405 317
408 317
411 318
414 318
418 318
421 318
424 318
427 318
431 318
434 318
437 318
441 318
444 318
447 318
450 318
453 318
457 318
460 318
463 318
466 318
469 318
472 318
475 318
480 318
485 318
489 318
492 318
494 319
497 319
498 317
498 314
499 312
499 309
500 307
500 304
501 302
501 299
501 296
502 293
502 290
502 287
502 283
503 281
503 278
503 274
503 270
503 266
503 262
503 259
504 257
504 252
504 248
504 245
504 241
504 237
504 234
504 230
504 227
504 223
504 220
505 215
505 211
505 208
505 204
505 201
505 197
505 194
506 190
506 186
506 183
506 179
506 175
506 170
506 166
506 162
506 159
506 155
506 152
506 149
506 146
506 143
506 140
506 137
508 136
511 136
513 135
516 135
519 135
521 134
524 134
528 134
532 134
534 133
538 133
542 133
546 133
550 133
554 133
557 133
561 133
564 133
567 133
569 132
572 132
575 133
578 133
579 135
579 138
580 141
580 144
580 147
580 150
581 152
581 155
581 158
581 162
581 165
582 167
582 170
582 174
582 178
582 181
582 185
581 187
581 191
581 195
581 199
581 203
580 207
580 210
580 214
580 218
579 220
579 224
579 227
579 231
578 235
578 238
578 242
578 247
578 251
577 253
577 256
577 261
577 265
577 268
576 270
576 275
576 279
576 282
576 287
575 289
575 292
575 297
574 299
574 304
573 306
573 309
572 313
572 316
572 320
571 325
571 329
571 334
570 336
570 340
570 343
569 347
569 351
569 355
568 357
568 361
568 364
567 367
567 370
564 370
561 370
557 371
554 371
551 371
549 372
545 372
541 372
539 373
535 373
531 373
527 373
523 373
521 374
516 374
511 374
506 374
503 374
498 374
495 374
492 374
489 374
486 374
483 374
480 374
477 375
474 375
470 375
467 375
463 375
460 375
456 375
453 376
449 376
445 376
442 376
438 376
435 376
431 376
428 376
424 376
421 376
417 376
413 376
410 376
406 376
402 376
398 376
394 376
390 376
386 376
382 377
378 377
374 377
370 377
366 377
362 377
358 377
354 377
350 377
346 377
343 377
339 377
335 377
331 377
328 377
324 377
320 377
316 378
313 378
309 378
305 378
302 378
298 378
295 378
292 378
288 378
285 378
282 378
279 378
276 378
273 378
270 378
267 378
262 378
258 378
255 378
253 377
250 377
247 377
246 375
246 372
246 369
245 367
245 364
246 361
246 357
246 353
246 350
247 346
247 341
247 337
247 332
248 328
248 325
248 320
249 318
249 315
249 312
249 307
249 304
250 299
250 296
250 291
250 288
251 285
251 282
251 279
252 276
252 273
252 270
252 267
252 264
252 261
253 258
253 255
253 252
253 249
254 246
254 243
254 240
255 237
255 234
255 231
255 228
256 225
256 222
256 219
256 216
256 211
257 208
257 205
257 202
257 197
257 194
258 191
258 186
258 181
258 178
258 173
259 171
259 168
259 164
260 160
260 156
261 154
261 151
262 148
262 145
263 143
265 145
265 146
