489
184 56
187 56
188 56
190 56
191 56
193 56
195 56
197 56
200 56
202 56
205 56
209 55
212 55
215 55
219 55
222 55
225 55
228 55
231 55
234 55
237 55
240 55
242 55
244 55
246 55
248 55
249 55
250 55
251 55
252 55
252 56
252 57
252 58
252 59
253 61
253 62
253 63
253 64
253 65
253 66
253 67
253 69
254 70
254 71
254 73
254 74
254 76
254 78
254 79
254 81
254 83
254 85
254 87
254 89
254 90
254 92
254 94
254 96
254 98
254 101
254 103
254 106
253 108
253 110
254 112
254 115
254 117
254 119
254 122
254 124
254 127
254 129
254 131
254 134
254 136
255 138
255 140
255 143
255 145
255 147
255 149
255 152
255 154
255 156
255 158
255 160
255 161
255 163
255 165
255 167
255 169
255 171
256 173
256 174
256 176
256 177
256 179
256 180
256 181
256 182
256 183
256 184
256 185
256 186
256 187
256 188
257 188
257 189
258 189
259 189
260 188
261 188
262 188
263 188
265 188
266 187
268 187
269 187
271 187
273 187
276 186
278 186
280 186
282 186
285 186
287 185
290 185
293 185
295 185
298 185
301 184
304 184
306 184
309 183
312 183
315 183
318 182
321 182
324 182
326 182
329 182
331 182
333 182
335 182
336 182
337 182
339 182
340 182
341 182
342 182
343 182
343 181
344 181
344 180
344 179
345 178
345 177
346 176
346 174
346 173
346 172
346 170
347 169
347 167
347 165
347 164
347 163
347 161
347 160
347 158
347 156
347 154
347 153
347 151
347 149
347 147
347 144
347 142
347 140
346 138
346 136
346 134
346 132
346 130
346 128
345 126
345 124
345 121
345 119
345 117
345 115
344 113
344 111
344 109
344 107
344 105
344 102
344 100
344 98
343 96
343 94
343 92
343 91
343 89
343 87
343 85
343 83
343 81
343 79
343 77
343 75
343 74
343 72
343 71
343 69
342 68
342 67
342 66
342 65
342 64
342 63
342 62
342 61
342 60
342 59
342 58
342 57
342 56
342 55
342 54
343 54
344 54
345 54
346 54
347 54
348 54
349 54
350 54
352 54
353 54
354 54
356 54
357 54
359 54
360 54
362 54
363 54
365 54
367 54
369 54
371 54
372 54
374 54
375 54
377 54
378 54
379 54
381 54
382 54
383 54
384 54
385 54
386 54
387 54
387 53
387 54
387 55
387 56
387 57
387 58
387 59
387 60
387 61
388 62
388 63
388 64
388 66
388 67
388 68
388 70
388 72
388 74
388 76
388 78
388 80
388 83
389 85
389 88
389 90
389 93
389 96
389 99
389 102
389 104
389 107
389 111
389 114
389 117
389 120
390 123
390 127
390 130
390 134
390 137
390 141
390 144
390 147
390 151
390 154
390 157
390 161
390 164
390 168
390 171
389 174
389 178
389 181
389 184
389 188
389 191
389 194
389 197
389 200
389 203
389 206
389 209
389 211
389 214
389 217
390 219
390 221
390 223
390 226
390 227
391 229
391 230
391 232
391 233
391 235
392 236
392 237
392 238
392 239
392 240
391 241
391 242
390 242
390 243
389 243
388 243
387 244
386 244
385 244
383 244
382 245
380 245
378 245
376 245
373 245
371 245
368 245
365 245
363 245
360 245
356 245
353 245
350 245
346 245
342 245
339 245
335 245
331 245
327 245
323 245
319 245
315 245
311 245
307 245
302 244
298 244
294 244
290 244
286 244
282 244
278 244
274 244
270 244
266 244
262 244
258 244
254 244
250 244
247 244
243 244
239 244
236 244
233 245
230 245
227 245
224 245
221 245
218 245
216 245
214 245
213 245
211 245
210 245
209 245
208 245
207 245
206 245
205 245
205 244
205 243
205 242
204 241
204 240
204 239
204 238
204 237
204 235
203 234
203 232
203 231
203 229
203 228
203 226
203 224
202 222
202 220
202 217
202 215
202 212
202 210
201 207
201 204
201 202
201 199
201 196
201 193
201 190
201 187
201 184
201 181
201 178
201 175
201 172
200 170
200 167
200 164
200 161
200 158
200 155
199 152
199 149
198 146
198 143
198 140
197 137
197 134
197 131
197 128
196 126
196 123
196 120
196 117
195 114
195 111
195 109
195 106
195 103
195 101
194 98
194 96
194 94
194 92
194 90
194 88
193 86
193 85
193 83
193 82
193 80
193 79
193 78
193 77
193 76
193 75
194 75
