555
124 125
129 124
131 123
133 123
135 123
137 122
140 122
143 121
145 120
148 120
151 119
153 118
156 118
158 117
161 117
163 116
165 116
167 116
169 116
171 115
173 115
174 115
176 115
177 115
178 115
179 115
180 115
181 115
182 115
183 115
184 115
185 115
186 115
186 116
187 117
187 118
188 119
188 120
189 121
189 122
189 124
189 125
190 127
190 128
190 130
191 132
191 134
192 135
192 137
192 139
193 141
193 143
193 144
193 146
193 148
194 150
194 152
194 154
194 156
194 157
194 159
194 161
194 163
195 165
195 167
195 169
195 171
195 173
196 175
196 177
196 179
196 181
196 183
197 185
197 187
197 189
197 191
197 193
198 195
198 197
198 199
198 201
198 203
198 204
199 206
199 207
199 209
199 210
199 211
199 213
200 214
200 215
200 217
200 218
200 219
200 220
200 221
200 222
200 223
200 224
200 225
200 226
200 227
200 228
201 229
202 229
203 229
204 229
205 229
206 229
207 229
208 229
209 229
210 229
211 229
213 229
214 229
216 229
217 229
219 229
220 229
222 229
223 229
224 229
226 229
227 229
228 229
230 229
231 229
232 229
234 229
235 229
236 229
237 229
238 229
240 229
241 229
242 229
243 229
244 228
245 228
246 228
247 228
248 228
249 228
250 228
251 228
252 227
253 227
254 227
255 227
256 227
257 227
257 226
258 226
258 225
258 224
258 223
258 222
258 221
257 220
257 219
257 217
257 216
257 214
256 213
256 211
256 209
255 207
255 205
255 203
254 201
254 199
254 197
253 195
253 193
253 190
252 188
252 186
251 184
251 182
250 180
250 178
250 176
249 174
249 172
249 170
248 168
248 166
248 164
248 162
248 161
247 159
247 157
247 156
247 154
247 152
246 151
246 150
246 148
246 147
245 145
245 144
245 142
245 141
244 139
244 138
244 137
244 135
243 134
243 133
243 132
243 130
242 129
242 128
242 127
242 126
241 125
241 124
241 123
241 122
241 121
240 120
240 119
240 118
240 117
240 116
240 115
239 115
239 114
240 113
241 113
242 112
243 112
244 112
245 112
246 112
248 112
249 112
250 112
252 112
254 111
255 111
257 111
259 111
261 110
262 110
264 110
266 110
268 109
270 109
272 109
274 109
276 109
278 108
280 108
281 108
283 108
284 108
285 108
286 108
287 108
288 108
289 108
290 108
290 109
291 109
292 109
293 109
294 110
294 111
295 111
295 112
296 112
296 113
296 114
297 114
297 115
297 116
298 117
298 118
298 119
298 121
298 122
298 124
299 125
299 127
299 128
299 130
299 132
299 133
300 135
300 137
300 138
300 140
300 142
300 144
300 146
300 148
300 150
300 152
300 153
300 155
300 157
300 159
300 161
300 162
300 164
300 166
300 167
300 169
300 171
300 173
300 175
300 177
300 179
300 181
300 183
300 185
300 187
301 189
301 191
301 194
301 196
301 198
301 200
301 202
301 204
301 205
301 207
301 209
301 210
301 212
301 214
301 215
301 217
301 219
301 220
301 222
301 223
301 225
301 226
301 227
301 229
301 230
301 231
301 232
301 233
300 235
300 236
300 237
300 238
300 239
300 240
300 241
300 242
300 243
300 245
300 246
300 247
300 248
300 250
300 251
300 252
300 253
300 254
300 255
300 256
300 257
299 257
299 258
299 259
299 260
298 261
297 262
296 262
295 262
294 262
293 262
292 262
290 263
289 263
287 263
285 263
283 263
281 263
279 264
277 264
275 264
273 264
270 265
268 265
266 265
263 265
261 266
258 266
256 266
253 266
251 267
249 267
246 267
244 267
242 267
241 267
239 267
237 267
235 267
233 267
232 267
230 267
228 267
226 267
224 267
222 267
220 267
219 267
217 267
215 267
213 268
211 268
210 268
208 268
206 268
204 268
202 269
200 269
197 269
195 269
193 269
191 269
190 269
188 269
186 269
184 269
182 269
180 269
179 269
177 269
175 269
173 269
172 270
170 270
169 270
167 270
166 270
165 270
164 270
163 270
162 270
161 270
160 269
159 269
158 269
157 269
157 268
156 268
155 267
154 266
154 265
154 264
153 263
153 262
152 261
152 260
151 259
151 258
151 256
150 255
150 253
149 251
149 249
149 248
148 246
148 244
148 242
147 241
147 239
147 237
146 236
146 234
146 232
145 231
145 229
145 227
145 225
145 223
144 221
144 219
144 217
144 215
144 213
144 211
144 209
144 207
143 206
143 204
143 202
143 200
142 198
142 197
142 193
141 191
141 189
141 187
141 186
141 184
140 183
140 181
140 180
140 178
140 177
140 175
139 174
139 172
139 170
139 169
139 167
138 166
138 164
138 163
138 161
137 160
137 158
137 157
137 155
137 154
136 153
136 151
136 150
136 149
136 147
136 146
136 145
136 143
136 142
135 141
135 140
135 139
135 138
135 137
135 136
135 135
135 134
135 133
135 132
135 131
135 130
134 129
134 128
135 127
135 126
135 125
136 125
136 124
137 124
