539
162 88
165 88
167 88
168 88
170 87
172 87
174 87
177 87
179 87
182 86
185 86
188 85
192 85
195 84
198 84
201 84
205 83
208 83
212 83
215 82
219 82
222 82
226 81
229 81
233 81
236 80
240 80
243 80
247 80
250 79
253 79
256 79
259 79
262 79
265 79
268 78
270 78
272 78
274 78
276 78
277 78
278 78
279 78
280 78
280 79
280 80
281 81
281 82
281 83
281 84
281 86
282 87
282 88
283 89
283 91
283 92
284 94
284 95
285 97
285 99
285 101
286 103
286 105
287 107
287 109
287 111
288 113
288 116
288 118
288 120
289 122
289 125
289 127
289 130
289 132
289 135
289 138
289 140
289 143
289 146
289 149
289 151
290 154
290 157
290 160
290 163
289 166
289 169
289 172
289 174
289 177
289 180
289 183
288 185
288 188
288 191
287 193
287 195
287 198
286 200
286 202
286 204
285 206
285 207
285 209
284 211
284 212
284 213
284 214
284 215
283 216
283 217
283 218
284 219
284 220
285 220
286 220
287 220
288 220
290 220
291 220
292 221
293 221
295 221
296 221
298 221
299 221
301 221
303 221
305 222
307 222
309 222
311 222
313 223
315 223
318 223
320 223
322 224
324 224
327 224
329 225
332 225
334 226
336 226
339 226
341 226
344 227
346 227
348 227
351 228
353 228
355 228
357 228
359 228
361 228
362 229
364 229
366 229
367 229
369 229
370 229
371 229
372 229
373 229
374 228
375 228
376 228
377 227
377 226
378 226
378 225
379 224
379 223
379 222
380 221
380 220
380 219
380 217
381 216
381 215
381 213
382 211
382 209
382 207
382 205
383 203
383 201
383 199
383 196
383 194
384 192
384 189
384 186
384 184
384 181
384 178
384 175
384 173
384 170
384 167
384 164
383 161
383 158
383 155
383 153
383 150
383 147
383 144
383 141
383 138
383 135
383 132
384 128
384 125
384 122
384 120
384 117
384 114
384 111
384 109
384 106
385 104
385 101
385 99
385 97
385 95
385 93
386 91
386 89
386 88
386 87
386 85
386 84
386 83
387 82
387 81
387 80
388 80
389 80
390 80
391 80
392 80
393 80
395 80
396 80
398 80
399 80
401 80
403 80
405 80
408 80
410 80
412 80
415 80
417 80
420 80
423 80
425 80
428 80
431 81
433 81
436 81
438 81
441 81
443 81
446 80
448 81
450 81
452 81
454 81
455 81
457 81
458 81
459 81
460 81
460 81
461 81
461 81
461 82
461 83
461 84
461 85
461 86
462 87
461 88
462 89
462 90
462 91
462 92
462 94
462 95
462 97
462 99
462 100
462 102
462 104
462 106
462 108
462 110
462 112
462 114
462 116
462 119
462 121
463 123
463 125
463 128
463 130
463 133
463 136
463 138
463 141
463 144
463 147
463 150
463 153
463 156
463 159
463 162
463 165
463 169
463 172
463 175
463 178
463 182
463 185
463 188
463 192
463 195
463 199
463 202
463 206
462 209
462 212
462 216
462 219
461 222
461 226
461 229
461 232
461 235
460 238
460 241
460 244
460 247
460 250
459 253
459 255
459 257
459 260
459 262
459 264
458 266
458 268
458 269
458 271
458 272
458 273
458 274
458 275
458 276
458 277
458 278
458 279
458 280
457 280
456 280
455 280
455 281
454 281
453 281
451 281
450 281
448 281
446 281
444 282
442 282
440 282
438 282
435 282
432 283
430 283
427 283
424 283
421 283
418 283
414 284
411 284
408 284
404 284
401 284
397 284
393 284
389 284
386 284
382 284
378 284
373 284
369 284
365 284
361 284
356 284
352 284
347 284
342 284
338 283
333 283
328 283
323 283
318 283
314 283
309 283
304 283
299 283
294 283
289 283
285 283
280 283
275 282
271 282
266 282
262 282
257 281
253 281
249 281
245 280
240 280
236 280
233 279
229 279
225 278
221 278
217 278
214 278
210 277
207 277
204 277
201 277
198 276
195 276
192 276
189 276
186 275
183 275
181 275
178 275
176 275
174 275
172 275
170 275
168 275
167 275
166 274
165 274
164 274
163 274
162 274
161 274
161 273
161 272
161 271
161 270
161 269
161 268
161 267
161 265
161 264
161 262
161 260
161 258
161 256
161 254
161 252
161 250
161 248
161 245
161 243
161 240
161 238
161 235
161 232
161 229
160 227
160 224
160 221
160 218
160 215
160 213
160 210
160 207
160 204
160 201
160 198
160 195
161 192
161 189
161 186
161 183
161 180
161 177
162 174
162 171
162 168
162 165
163 162
163 159
163 156
163 153
164 150
164 147
164 144
164 141
165 138
165 136
165 133
166 130
166 127
167 125
167 122
168 120
168 118
168 115
169 113
169 111
170 108
170 106
171 104
171 102
171 101
172 99
172 97
172 96
173 95
173 94
173 93
174 92
174 91
174 90
174 90
