378
207 102
210 101
211 102
212 102
214 102
216 102
218 102
219 102
222 102
224 102
226 102
229 102
231 102
234 102
236 102
239 101
242 101
244 101
247 100
249 100
251 100
253 100
255 99
257 99
258 99
260 99
261 98
262 98
263 98
264 98
265 98
265 99
265 100
265 101
266 102
266 103
266 104
267 105
267 107
268 108
268 110
269 112
269 114
270 116
270 118
271 121
272 124
272 126
273 129
273 132
274 135
274 138
275 141
275 144
275 148
276 151
276 154
276 156
277 159
277 162
277 165
277 167
277 170
277 173
277 175
277 177
277 180
278 182
278 184
278 186
278 187
278 189
278 190
278 191
278 192
278 193
278 194
278 195
279 196
279 197
280 197
281 197
282 197
283 197
283 198
284 198
285 198
286 198
288 198
289 198
291 198
292 198
294 198
296 199
298 199
300 199
303 199
305 199
307 199
309 199
311 200
313 200
315 200
317 200
319 200
321 200
323 200
325 200
326 200
327 200
329 200
330 200
331 200
332 200
333 200
334 200
334 199
335 199
335 198
335 197
335 196
335 195
335 194
336 192
336 191
336 189
336 187
336 185
336 183
336 180
336 178
336 175
336 172
336 169
336 166
336 162
336 159
336 156
336 152
336 149
336 146
336 142
335 139
335 136
335 132
335 129
335 126
334 124
334 121
333 118
333 116
333 114
332 112
332 110
331 108
331 106
331 105
331 104
330 102
330 101
330 100
330 99
329 98
329 97
329 98
330 98
331 98
331 99
332 99
333 99
334 100
335 100
337 100
338 100
340 100
342 101
344 101
346 101
348 101
351 101
353 101
356 101
358 102
361 102
363 102
366 102
368 102
370 102
373 102
375 102
376 103
378 103
380 103
381 103
382 103
383 104
384 104
385 105
386 106
386 107
386 108
386 109
386 110
386 111
387 112
387 113
387 115
387 116
387 118
387 120
387 123
388 125
388 127
388 130
388 133
388 135
389 138
389 141
389 144
389 148
390 151
390 154
390 157
390 160
391 164
391 167
391 170
391 173
392 177
392 180
392 183
392 186
392 190
392 193
392 196
393 199
393 202
393 204
393 207
394 210
394 212
394 215
394 217
395 219
395 221
395 223
395 225
395 227
395 228
396 230
396 231
396 233
396 234
396 235
396 236
395 237
395 238
394 238
393 238
392 238
391 238
390 238
389 237
387 237
386 237
384 237
382 237
380 237
378 237
376 237
373 238
371 238
368 238
365 238
362 238
358 238
355 239
352 239
348 239
344 239
340 240
336 240
332 240
328 240
324 241
320 241
315 241
311 241
307 242
302 242
298 242
294 242
290 242
286 242
282 242
278 242
274 242
270 242
267 242
263 242
260 242
257 242
254 242
251 242
249 242
246 241
244 241
242 241
240 241
238 241
237 240
235 240
234 240
233 240
232 240
232 239
231 239
230 239
230 238
229 238
229 237
229 236
229 235
229 234
229 233
229 232
229 230
229 228
229 227
229 224
229 222
230 220
230 217
230 215
230 212
230 209
229 205
229 202
229 199
229 196
229 192
229 189
228 185
228 182
228 179
228 175
227 172
227 168
226 165
226 162
225 159
225 156
225 152
224 150
224 147
223 144
223 141
223 139
222 136
222 134
221 132
221 129
221 127
220 125
220 123
219 122
219 120
219 118
218 117
218 116
218 115
218 114
217 113
217 112
217 111
217 110
216 109
216 108
