686
142 80
147 79
148 79
150 79
151 79
152 79
154 78
156 78
157 78
159 78
161 78
163 78
165 78
167 78
169 78
172 78
174 78
176 78
179 78
181 78
184 77
186 77
189 77
191 77
194 77
196 77
199 77
201 77
204 77
207 77
209 77
212 77
215 77
218 77
220 77
223 77
225 76
228 76
230 76
232 76
234 76
236 76
237 76
239 75
240 75
241 75
242 75
243 75
244 75
245 76
245 77
245 78
246 79
246 80
246 81
246 82
247 83
247 84
247 85
247 86
248 87
248 88
248 90
248 91
248 92
249 93
249 95
249 96
249 98
249 99
250 101
250 103
250 105
250 106
250 108
250 110
250 112
251 114
251 116
251 118
251 120
251 122
251 124
251 126
251 129
251 131
251 134
251 136
251 138
251 141
251 143
251 146
251 148
251 151
251 153
251 156
251 158
251 161
251 163
251 166
251 168
252 171
252 173
252 176
252 178
252 181
252 183
253 186
253 188
253 191
253 193
253 195
253 198
253 200
254 202
254 204
254 206
254 208
254 211
254 213
254 215
254 216
254 218
254 220
254 221
254 222
254 224
254 225
254 226
253 226
253 227
253 228
253 229
253 230
253 231
253 231
253 232
253 232
254 232
254 233
255 233
256 233
257 234
258 234
259 234
260 235
261 235
262 235
264 235
265 235
267 235
268 235
270 236
272 236
274 236
276 236
278 236
280 236
283 236
285 235
287 235
290 235
292 235
295 235
297 235
300 235
303 235
305 235
308 235
311 235
313 235
316 235
319 235
322 235
325 235
328 236
331 236
334 236
337 236
340 236
343 236
346 236
349 236
353 236
356 236
359 236
362 236
365 236
368 236
370 236
373 236
376 236
378 236
380 236
382 236
384 236
386 236
388 236
390 236
392 237
393 237
395 237
396 237
397 237
398 237
399 237
400 238
401 238
402 238
403 238
404 238
404 237
404 236
404 235
405 234
405 233
405 232
405 231
405 230
405 229
405 228
405 226
405 225
405 224
405 223
405 221
405 220
405 218
405 217
405 215
404 214
404 212
404 210
404 209
403 207
403 205
403 204
403 202
402 200
402 198
402 196
402 194
402 193
402 190
402 188
401 186
401 184
401 182
401 179
401 177
401 175
401 172
401 170
401 167
401 165
401 162
401 160
401 157
402 155
402 152
402 150
402 147
402 145
402 142
402 140
402 138
402 135
402 133
402 131
402 128
402 126
402 124
402 122
402 120
401 117
401 115
401 113
401 111
401 109
401 107
401 105
400 103
400 102
400 100
400 98
400 97
400 95
400 94
400 93
400 92
400 90
400 89
400 88
400 87
400 86
400 85
401 85
402 85
402 86
403 86
404 86
405 86
406 86
407 86
409 86
410 86
411 86
412 86
414 86
415 86
417 86
418 86
420 86
422 86
423 86
425 86
427 86
429 86
431 86
432 86
434 86
436 86
438 86
440 86
443 86
445 86
447 86
449 86
451 86
453 86
455 86
457 86
459 86
461 86
463 86
465 86
466 86
468 86
470 86
471 86
472 86
474 87
475 87
476 87
477 87
478 87
478 88
479 88
480 89
480 90
481 91
481 92
481 93
481 94
481 95
481 96
482 97
482 98
482 99
482 100
482 102
483 103
483 105
483 106
483 108
483 110
483 111
483 113
484 115
484 116
484 118
484 120
484 122
484 124
485 126
485 128
485 130
485 132
486 134
486 137
486 139
486 141
487 143
487 145
487 148
488 150
488 152
488 155
488 157
489 160
489 162
489 165
489 167
490 169
490 172
490 174
490 177
490 179
491 182
491 185
491 187
491 190
491 193
491 195
491 198
491 200
492 203
492 205
492 208
492 211
492 213
492 216
492 218
492 221
492 223
492 225
492 228
492 230
492 232
492 235
492 237
492 239
492 241
492 244
492 246
493 248
493 250
493 252
493 254
493 256
494 258
494 260
494 262
494 264
494 266
495 268
495 270
495 272
495 274
495 276
496 277
496 279
496 280
496 282
496 283
496 284
496 285
496 286
496 287
496 288
496 289
496 290
496 291
495 291
494 291
493 291
492 291
491 291
490 291
489 291
488 291
487 291
486 292
485 292
484 292
482 292
481 292
479 292
477 293
476 293
474 293
472 293
469 294
467 294
465 294
463 294
461 294
458 294
456 294
453 295
451 295
448 295
445 295
442 295
439 295
436 295
433 295
430 295
427 295
424 295
420 295
417 294
414 294
410 294
407 294
404 294
400 294
397 294
393 294
389 293
386 293
382 293
378 293
375 293
371 293
367 293
363 292
360 292
356 292
352 292
348 292
344 292
340 292
336 291
333 291
329 291
325 291
322 291
318 291
315 291
311 290
308 290
304 290
301 290
297 290
294 290
290 290
287 290
283 290
280 290
276 290
272 290
269 290
265 290
262 290
258 290
255 290
251 290
248 290
245 290
241 290
238 290
235 290
232 290
229 290
226 290
223 290
220 290
217 290
214 290
212 289
209 289
206 289
203 289
200 289
198 290
195 290
192 290
189 290
187 290
184 290
181 290
179 291
176 291
173 291
171 291
168 291
166 291
164 291
161 292
159 292
157 292
155 292
152 292
150 292
148 292
147 293
145 293
143 293
142 293
141 293
140 293
139 293
138 293
137 293
136 292
136 291
136 290
135 289
135 288
135 287
135 286
135 285
135 284
135 282
135 281
135 280
135 278
135 277
135 275
135 273
135 272
135 270
134 268
134 266
134 263
134 261
134 259
133 257
133 255
133 252
133 250
132 248
132 245
132 243
132 240
132 238
132 235
132 233
132 230
132 228
132 225
132 223
132 220
132 218
132 215
132 213
132 210
132 208
132 205
132 203
132 200
132 198
132 195
132 193
131 190
131 188
131 185
131 182
131 180
131 177
131 175
131 172
131 170
131 167
131 165
132 162
132 160
132 157
132 154
132 152
132 149
132 147
132 144
132 142
132 140
132 137
132 135
132 133
132 130
132 128
132 126
132 123
132 121
132 119
132 117
132 114
132 112
132 110
132 107
132 105
132 103
132 100
132 98
132 96
132 94
132 92
132 91
133 89
133 88
133 86
133 85
133 84
133 83
133 82
133 82
