413
167 63
172 63
173 63
174 63
175 63
176 63
178 62
180 62
182 62
183 62
186 62
188 62
190 62
193 62
195 62
198 61
200 61
203 61
206 61
208 61
211 60
213 60
215 60
218 60
220 60
221 59
223 59
225 59
226 59
227 59
228 59
229 59
230 59
231 59
232 59
232 60
233 60
233 61
234 62
234 63
235 64
235 65
235 66
236 67
236 69
237 70
237 72
237 74
238 76
238 79
239 81
239 84
239 87
240 90
240 93
241 96
241 99
242 102
243 106
243 109
244 112
244 115
245 119
245 122
246 125
246 128
247 130
247 133
247 136
248 138
248 141
248 143
248 145
248 147
248 149
248 151
248 153
249 155
249 156
249 158
249 159
249 160
249 161
249 162
249 163
249 164
250 164
250 165
251 165
252 165
253 165
254 165
255 165
256 165
257 165
258 165
259 165
260 165
262 165
263 165
265 166
267 166
268 166
270 165
272 165
274 165
276 165
278 165
279 165
281 165
283 164
285 164
287 164
289 164
290 164
292 163
294 163
296 163
297 163
299 163
300 163
301 163
303 163
304 163
305 163
306 163
307 163
308 163
309 163
310 163
311 163
311 162
311 161
311 160
311 159
311 158
311 157
311 156
311 155
311 153
311 151
311 150
310 148
310 145
310 143
310 141
310 138
310 136
310 133
310 130
310 127
310 124
310 121
310 118
310 115
310 112
310 109
310 106
309 103
309 101
309 98
309 95
308 92
308 90
308 87
307 85
307 83
307 81
306 78
306 76
306 74
305 72
305 71
305 69
305 67
305 66
305 65
304 63
304 62
304 61
304 60
304 59
304 58
305 58
305 59
306 59
307 59
308 59
309 59
310 59
311 59
312 59
313 59
315 59
317 59
319 59
321 59
323 59
325 59
328 58
330 58
333 58
335 58
337 58
340 57
342 57
345 57
347 57
349 57
351 57
353 57
355 57
357 57
358 57
360 57
361 57
362 57
362 58
363 58
364 58
365 59
366 60
366 61
366 62
367 62
367 63
367 64
367 65
368 66
368 68
368 69
369 71
369 73
370 75
370 78
370 80
371 83
371 86
372 89
372 92
373 95
373 98
374 102
374 105
375 109
375 113
376 117
376 120
377 124
377 128
378 132
378 135
379 139
379 143
380 146
380 150
381 154
381 157
381 161
382 164
382 168
382 172
382 175
382 178
383 182
383 185
383 188
383 191
383 194
384 197
384 200
384 203
384 206
384 208
384 211
384 213
384 216
385 218
385 219
385 221
385 223
385 224
385 225
385 226
385 227
385 228
384 228
383 228
382 228
381 228
380 228
379 228
377 228
375 228
374 228
372 228
369 228
367 229
365 229
362 229
359 229
356 230
353 230
350 231
346 231
343 231
339 232
335 232
331 233
327 233
323 233
319 234
314 234
310 235
305 235
300 236
296 236
291 237
286 237
281 238
276 238
271 239
266 239
262 240
257 240
252 241
248 241
244 242
239 242
235 242
231 242
228 243
224 243
221 243
218 243
214 243
212 244
209 244
207 244
204 244
202 244
200 244
199 244
197 244
196 244
195 244
194 244
193 243
192 243
191 243
191 242
191 241
191 240
191 238
191 237
191 236
191 234
191 232
191 230
191 228
191 226
191 223
191 221
191 218
191 215
191 212
191 209
191 205
191 202
191 199
190 195
190 192
190 188
190 184
189 181
189 177
189 173
188 169
188 165
188 161
187 158
187 154
187 150
186 146
186 142
186 138
185 134
185 130
185 126
185 122
184 118
184 115
184 111
183 107
183 104
183 100
182 97
182 94
182 91
181 88
181 86
181 83
180 81
180 79
180 77
179 76
179 74
179 73
179 72
178 71
178 70
178 69
178 68
