378
242 140
248 141
251 141
254 141
257 140
261 140
265 140
269 139
273 139
276 139
280 139
284 139
287 139
291 139
296 139
298 138
301 138
305 138
309 138
313 138
317 138
319 137
322 137
321 139
321 142
321 145
321 148
322 150
322 154
322 158
321 162
321 166
321 169
321 172
320 175
320 178
319 181
319 185
318 188
317 191
317 194
316 198
316 201
315 203
315 206
314 208
313 211
312 215
311 218
310 222
309 225
308 229
307 233
306 236
305 240
304 244
304 248
303 250
302 253
302 257
301 259
301 263
300 265
300 269
299 271
298 275
298 279
297 281
296 285
295 288
294 291
294 294
293 296
292 298
293 300
296 300
299 300
302 300
305 301
308 301
312 301
316 301
320 301
323 301
327 301
330 301
332 302
335 302
340 302
344 302
347 303
352 303
357 303
359 304
362 304
367 304
372 304
375 304
378 305
381 305
384 305
387 305
390 305
393 305
396 306
399 306
402 306
405 306
408 306
411 306
414 306
416 307
420 307
424 307
427 307
429 308
431 307
431 304
432 302
433 298
434 296
435 293
435 290
436 288
437 285
437 282
438 280
438 277
439 273
440 269
440 265
441 262
442 258
442 255
443 251
443 248
443 243
444 239
444 236
444 231
444 226
444 222
444 219
445 215
445 212
445 208
445 205
445 201
446 198
446 194
447 192
447 189
448 185
448 181
448 176
449 174
449 171
449 167
449 164
450 162
450 159
450 156
450 153
451 151
453 152
455 153
458 153
462 153
465 153
469 153
471 152
475 152
479 152
483 152
487 152
491 152
495 152
498 153
501 153
504 153
506 154
508 155
508 158
508 161
508 164
507 168
507 172
507 175
506 177
506 180
506 183
505 187
505 190
505 194
505 198
504 200
504 204
503 208
503 212
502 214
502 218
501 222
501 226
500 231
500 235
499 237
499 240
499 244
498 247
497 252
497 255
496 257
496 260
495 262
495 265
494 268
494 273
493 275
493 278
493 281
492 283
492 286
492 289
491 291
491 294
490 299
490 304
489 306
489 309
488 311
488 314
487 316
487 319
486 321
485 324
484 329
483 334
482 336
481 341
480 345
479 349
478 351
477 355
477 358
476 360
476 363
475 365
473 364
470 364
466 364
463 364
459 365
455 365
451 365
446 364
442 364
439 364
435 364
432 364
429 364
424 364
421 364
418 364
415 364
412 363
409 363
406 363
403 363
400 363
397 363
394 363
391 362
387 362
384 362
381 362
377 362
374 362
370 361
367 361
363 361
359 361
355 361
351 361
347 361
343 361
339 361
335 361
331 361
327 361
323 361
319 361
315 360
311 360
307 360
303 360
299 360
296 360
292 359
288 359
285 359
281 359
278 359
274 359
271 359
268 358
265 358
262 358
259 358
256 358
253 358
248 357
243 357
239 357
236 357
233 356
230 356
229 354
229 351
229 348
229 345
230 343
230 340
231 337
232 335
233 331
234 327
234 323
235 321
235 318
236 314
236 311
237 307
237 304
238 302
238 299
239 294
239 289
240 287
240 284
241 281
241 276
242 273
243 268
243 265
244 262
245 259
246 254
246 251
247 248
247 245
248 243
248 240
248 237
249 235
249 232
249 229
250 224
250 219
250 214
251 209
251 204
251 200
252 197
252 192
253 188
253 183
254 181
254 178
255 176
256 171
257 169
258 165
258 161
259 158
260 155
261 152
261 149
264 150
