531
171 134
178 134
180 134
182 134
185 134
188 134
191 134
195 133
198 133
202 132
206 131
210 131
214 130
217 130
220 130
223 129
226 129
228 129
230 129
231 129
233 128
234 128
235 128
236 128
237 128
238 128
239 129
240 129
240 130
241 130
241 131
242 131
242 132
243 132
243 133
244 134
244 136
244 137
245 139
245 141
246 144
246 147
246 150
247 153
247 157
247 160
248 163
248 166
249 169
250 172
250 175
251 178
251 181
252 184
252 187
252 190
252 193
253 196
253 200
253 203
253 206
253 209
253 213
253 216
253 219
253 222
253 225
253 228
253 230
253 233
253 235
253 237
253 239
253 241
253 243
253 245
253 247
253 248
253 250
253 251
253 252
253 253
253 254
252 255
252 256
253 257
253 258
254 258
255 258
256 258
257 258
258 258
259 258
260 258
261 258
263 257
265 257
266 257
269 257
271 256
273 256
275 255
278 255
280 255
283 254
285 254
288 254
290 254
292 254
294 254
297 253
299 253
301 253
303 253
305 253
307 253
309 253
311 252
312 252
314 252
316 252
317 252
319 252
321 251
322 251
324 251
325 251
327 251
328 251
329 251
330 251
330 250
331 250
332 250
333 250
334 250
334 249
334 248
333 247
333 246
333 245
332 243
332 242
332 241
331 240
331 238
330 237
330 235
329 234
329 232
328 231
328 229
327 227
326 225
326 223
325 221
324 219
324 217
323 215
322 213
322 210
321 208
321 206
320 204
320 202
319 200
319 198
319 196
319 194
318 192
318 189
318 187
318 188
318 186
317 184
317 182
317 180
317 177
317 175
317 173
316 168
316 166
316 164
316 162
315 160
315 158
315 157
314 155
314 153
314 152
313 150
313 149
312 147
312 146
312 145
312 143
312 142
311 140
311 139
311 138
311 137
311 136
311 135
311 134
311 133
311 132
310 131
310 130
311 129
312 129
313 129
314 129
315 129
316 128
317 128
319 128
320 128
322 127
324 127
325 127
327 126
329 126
331 126
333 125
335 125
337 125
339 125
340 124
342 124
344 124
345 124
347 124
348 123
350 123
351 123
353 123
354 123
357 122
358 122
360 122
361 122
363 122
364 122
365 122
366 122
368 121
369 121
370 121
371 121
372 121
373 121
374 121
374 122
375 122
375 123
376 123
376 124
377 125
377 127
378 128
378 130
379 132
380 135
380 138
381 141
381 144
382 148
382 151
383 155
383 158
384 161
384 164
385 167
386 170
386 172
387 175
387 178
388 181
389 184
389 187
390 190
390 193
390 196
391 199
391 202
391 205
391 208
391 210
391 213
391 216
391 218
391 221
391 223
391 226
392 228
392 230
392 232
392 234
392 236
393 238
393 240
393 242
393 244
394 247
394 249
394 251
394 253
394 255
395 258
395 260
395 262
395 264
396 266
396 269
396 271
396 272
396 274
397 276
397 278
397 279
397 281
397 282
397 284
397 285
397 287
397 288
397 289
397 290
396 291
396 292
396 293
395 294
394 295
393 295
392 296
391 296
390 297
388 297
387 297
385 297
383 298
381 298
379 298
376 298
374 299
371 299
369 299
366 300
363 300
361 301
358 301
355 301
352 302
349 302
346 303
343 303
340 303
338 304
335 304
332 305
329 305
326 306
324 306
321 307
318 307
315 307
313 308
310 308
307 308
304 309
302 309
299 309
296 310
293 310
290 311
288 311
285 312
282 312
280 312
277 313
275 313
272 313
270 314
268 314
266 314
263 314
261 315
259 315
257 315
255 315
252 315
250 316
248 316
246 316
243 316
241 316
239 316
237 316
236 316
234 317
232 317
230 317
228 317
226 318
224 318
222 318
220 318
219 318
217 319
216 319
214 319
213 319
212 319
211 319
210 319
209 319
208 319
207 318
207 317
206 317
206 316
206 315
205 314
205 313
205 311
204 310
204 309
204 308
203 306
203 304
203 302
203 300
202 298
202 296
202 294
202 292
201 291
201 289
201 287
201 286
200 284
200 282
200 281
200 279
199 277
199 275
199 273
198 271
198 269
198 267
197 265
196 263
196 261
195 260
195 258
194 256
194 254
194 252
193 250
193 247
193 245
192 243
192 241
192 239
191 236
191 234
191 232
190 230
190 228
190 226
190 224
189 221
189 219
189 217
189 214
189 212
188 209
188 207
188 205
188 203
188 200
187 198
187 196
187 194
187 192
187 190
187 188
187 186
187 187
187 185
187 182
187 180
187 178
187 176
187 174
187 172
187 167
187 165
187 164
187 163
186 161
186 160
186 159
186 158
186 157
186 156
186 155
186 154
185 153
185 152
185 151
185 150
185 149
185 148
185 147
185 146
185 145
185 144
185 143
185 142
185 141
185 140
185 139
185 138
186 138
186 137
187 137
188 137
188 136
189 135
189 134
