458
170 59
171 59
172 59
174 59
175 59
177 59
178 59
180 59
183 58
185 58
188 58
190 58
192 58
194 58
197 58
199 57
202 57
204 57
207 57
210 57
213 57
215 57
218 56
220 56
222 56
224 56
226 56
228 56
230 56
232 56
233 56
235 56
236 56
237 56
238 56
239 56
240 56
240 57
240 58
241 59
241 60
241 61
241 62
241 63
242 64
242 65
242 66
242 67
242 68
242 69
242 70
243 71
243 72
243 73
244 75
244 76
244 77
245 79
245 80
245 82
246 84
246 85
246 87
246 88
246 90
247 91
247 93
247 94
247 96
247 98
247 100
248 102
248 104
248 106
248 108
248 110
248 111
249 113
249 115
249 116
249 118
249 120
249 122
250 124
250 126
250 128
250 130
250 131
250 133
251 135
251 136
251 138
251 139
251 141
251 142
251 144
252 145
252 147
252 148
252 149
252 150
252 152
252 153
252 154
252 155
252 156
252 157
253 158
253 159
254 159
255 159
256 159
257 159
258 159
259 159
260 159
261 159
262 159
263 159
265 159
266 159
268 159
270 159
271 159
273 159
275 159
277 159
279 159
281 159
283 159
285 158
287 158
288 158
290 158
291 158
293 158
294 158
295 158
297 158
298 158
299 158
300 158
301 158
302 158
301 158
301 157
301 156
301 155
301 154
300 154
300 153
300 152
300 151
300 150
300 149
300 148
300 147
299 146
299 144
299 143
299 141
299 140
299 139
299 137
299 136
298 134
298 133
298 131
298 130
298 128
297 126
297 124
297 122
297 120
296 118
296 116
296 115
296 113
296 111
295 109
295 107
295 105
295 103
295 101
294 99
294 97
294 95
294 93
293 91
293 90
293 88
293 86
293 84
292 83
292 81
292 79
292 77
292 76
292 74
292 73
292 72
292 70
292 69
292 68
292 67
292 66
291 65
291 64
291 63
292 63
293 63
294 63
295 63
296 63
297 63
298 63
299 63
301 63
302 63
303 63
305 63
306 63
308 62
309 62
310 62
312 62
313 62
314 62
316 62
317 62
318 62
320 62
321 62
323 62
324 62
326 62
327 62
328 62
329 62
330 62
331 62
332 62
332 63
332 64
333 65
333 66
333 67
333 68
333 69
333 70
333 71
333 72
333 73
333 75
333 77
334 78
334 80
334 82
334 84
334 85
334 87
334 89
334 91
334 93
334 95
334 97
334 99
334 102
334 104
334 106
334 109
334 111
334 114
334 116
334 118
334 121
334 123
334 126
334 128
334 131
334 133
334 136
334 138
334 140
334 142
334 145
334 147
334 150
334 152
335 154
334 157
334 159
334 161
334 163
334 165
334 167
334 169
334 171
334 173
334 175
335 177
335 179
335 180
335 182
335 183
335 184
335 185
335 186
335 187
335 188
335 189
336 190
336 191
336 192
336 193
335 193
334 193
333 193
332 193
331 194
330 194
329 194
328 194
326 194
324 195
322 195
320 195
318 195
316 195
314 196
311 196
309 196
306 196
304 196
301 197
298 197
296 197
293 197
290 198
287 198
284 198
281 198
277 198
274 199
271 199
268 199
264 199
261 199
258 200
254 200
251 200
248 200
245 200
241 201
238 201
235 201
232 201
229 201
226 202
223 202
220 202
218 202
215 202
213 202
211 202
208 202
206 202
204 202
202 202
200 202
199 202
198 203
197 203
196 203
195 203
194 203
194 202
194 201
193 201
193 200
193 199
192 198
192 197
192 196
192 195
191 194
191 192
191 191
191 189
190 188
190 186
190 185
189 183
189 182
189 180
189 179
188 177
188 175
188 173
187 171
187 169
186 167
186 165
186 163
185 161
185 159
184 156
184 154
183 152
183 150
183 147
182 145
182 143
182 141
181 139
181 136
181 134
181 132
180 130
180 128
180 126
180 124
179 121
179 119
179 117
179 116
178 114
178 112
178 110
178 108
177 107
177 105
177 103
177 101
177 99
177 97
177 96
177 94
177 93
177 92
177 90
177 89
177 88
177 87
176 86
177 85
177 84
177 83
176 82
176 81
176 80
176 79
176 78
176 77
176 76
175 76
175 75
175 74
