436
231 127
236 126
239 126
242 126
245 125
248 125
251 125
255 125
259 124
262 124
266 124
269 124
273 124
275 123
278 123
282 123
286 123
289 123
293 123
296 123
300 122
304 122
308 122
312 122
316 122
319 122
321 121
324 121
325 123
325 126
325 129
325 132
325 135
325 138
325 141
325 145
325 148
325 151
326 154
326 158
325 161
325 165
325 168
324 172
324 176
324 179
323 181
323 185
323 188
323 192
323 196
323 201
322 203
322 207
322 210
321 212
321 216
320 220
320 223
320 227
319 229
319 232
319 237
318 239
318 244
317 249
317 254
316 256
316 261
316 266
315 268
315 273
314 277
314 280
313 285
313 290
312 292
312 296
311 301
311 305
310 308
309 312
309 315
309 318
311 319
314 319
317 319
320 319
324 319
327 319
330 319
333 319
337 319
341 319
345 319
348 319
352 319
355 319
360 319
365 319
370 319
375 319
378 319
381 319
384 319
387 319
390 319
393 319
396 320
400 320
403 320
406 320
410 320
413 320
416 320
419 320
423 320
426 320
429 320
433 320
436 320
440 320
443 320
447 320
450 320
454 320
457 320
460 320
463 320
466 320
469 320
474 320
478 320
481 320
484 320
487 320
487 317
488 315
488 312
489 310
489 307
490 304
491 300
491 297
492 294
492 290
493 287
493 283
493 279
494 275
494 272
494 268
494 264
495 260
495 257
495 253
495 249
495 244
495 240
495 236
495 232
495 229
495 225
495 221
496 219
496 215
496 212
496 208
496 203
496 199
496 194
496 190
496 185
496 181
496 178
496 174
496 171
496 167
497 165
497 161
497 158
497 154
497 150
497 146
497 143
496 141
496 138
496 135
499 135
501 134
505 134
509 134
512 133
515 133
519 133
522 133
526 133
529 133
533 133
536 133
540 133
544 133
547 132
550 132
554 132
557 132
560 132
563 132
566 133
565 135
565 138
566 140
566 143
566 146
566 149
566 152
566 156
566 159
566 162
566 165
566 169
566 172
566 176
566 180
566 183
566 187
566 191
566 195
566 199
566 203
565 205
565 209
565 213
564 217
564 221
564 225
563 227
563 230
563 234
563 237
562 239
562 243
562 246
561 250
561 253
561 258
560 262
560 265
560 270
559 272
559 277
558 279
558 282
558 287
557 289
557 292
556 296
556 299
556 303
555 307
555 310
555 314
555 319
555 323
554 327
554 331
553 334
553 338
552 340
552 343
551 345
550 347
549 351
548 353
547 356
546 360
545 362
544 365
543 368
543 371
543 374
540 374
537 374
535 375
531 375
528 375
525 375
522 375
520 376
516 376
512 375
508 375
504 375
499 375
495 374
491 374
488 374
485 374
480 374
478 373
475 373
472 373
469 373
466 373
461 373
458 372
454 372
451 372
448 372
445 372
441 372
438 372
434 372
430 372
427 372
423 372
419 372
415 372
411 372
408 372
404 372
400 372
396 371
392 371
388 371
384 371
380 371
376 371
372 371
368 371
364 371
360 371
356 371
352 371
348 371
343 371
339 371
335 371
331 371
327 371
323 371
319 371
315 371
310 371
306 371
302 370
298 370
295 370
291 370
287 370
283 370
280 369
276 369
272 369
269 369
265 369
262 369
259 369
256 368
253 368
250 368
247 368
242 367
238 367
235 366
232 366
230 365
229 363
229 360
229 357
229 353
229 350
230 347
230 343
230 339
231 337
231 334
231 329
231 324
232 321
232 316
232 313
233 310
233 307
233 304
233 301
234 296
234 293
234 290
234 287
234 284
234 281
234 277
234 274
233 271
233 268
233 265
233 261
233 258
233 255
233 251
233 248
233 245
233 242
233 239
233 235
233 232
233 229
233 226
233 223
234 220
234 217
234 212
234 209
234 206
234 203
235 200
235 197
235 194
235 191
236 189
236 186
236 183
237 181
237 178
238 173
239 168
239 163
240 161
241 157
242 153
242 149
243 147
243 144
244 141
246 140
