650
170 109
175 111
176 111
178 110
180 110
182 110
184 110
186 109
188 109
190 109
193 109
195 108
197 108
200 108
202 107
204 107
207 107
209 107
211 106
213 106
215 106
216 106
218 106
220 106
221 106
222 106
224 105
225 105
226 105
227 105
228 105
229 105
230 105
231 105
232 105
233 105
234 106
234 107
234 108
234 109
235 110
235 112
235 113
235 115
236 116
236 118
236 120
236 122
236 124
237 126
237 128
237 130
237 132
237 134
238 136
238 138
238 141
238 143
238 145
238 147
238 150
238 152
238 154
238 156
238 158
238 160
239 163
239 165
239 167
239 169
238 171
238 174
238 176
238 178
238 180
238 182
238 184
238 187
238 189
238 191
238 193
238 195
238 196
238 198
238 199
238 201
238 202
238 204
238 205
238 207
238 208
238 210
238 211
238 213
238 214
238 216
238 217
237 218
237 219
237 220
237 221
237 222
237 223
238 224
238 225
238 226
239 226
240 226
241 226
242 226
243 226
244 226
245 226
246 226
248 226
249 226
250 226
251 226
253 226
254 226
255 226
257 226
258 225
259 225
261 225
262 225
263 225
265 225
266 225
267 225
268 225
269 225
271 224
272 224
273 224
274 224
275 224
277 224
278 223
279 223
280 223
281 223
283 223
284 223
285 223
286 222
288 222
289 222
290 222
291 222
292 222
293 221
294 221
295 221
296 221
297 221
298 221
299 221
300 221
301 221
302 221
302 220
303 220
304 220
305 220
305 219
306 219
306 218
306 217
306 216
306 215
306 214
306 213
306 212
305 211
305 210
305 209
305 207
305 206
304 205
304 203
304 202
303 200
303 199
303 198
302 196
302 195
301 193
301 191
301 190
300 188
300 187
300 185
300 183
300 181
300 180
300 178
299 177
299 175
299 173
298 172
298 170
298 168
298 166
297 165
297 163
297 161
297 160
296 158
296 156
296 155
295 153
295 152
295 151
294 149
294 148
294 147
294 145
293 144
293 142
293 141
293 139
293 137
293 136
292 134
292 133
292 132
292 131
292 129
292 128
291 127
291 126
291 125
291 124
291 123
291 122
291 121
291 120
291 118
290 117
290 116
290 115
290 114
290 113
290 112
290 111
290 110
290 109
289 108
289 107
289 106
289 105
289 104
289 103
289 102
290 102
291 102
292 102
293 102
293 101
294 101
295 101
296 101
297 101
299 101
300 100
301 100
303 100
304 100
305 100
307 99
308 99
309 99
311 99
312 99
313 99
314 98
315 98
317 98
318 98
319 98
320 98
321 98
322 98
323 97
324 97
325 97
326 97
327 97
328 97
329 97
330 97
331 97
332 96
333 96
334 96
335 96
336 96
337 96
338 96
338 95
339 95
340 95
341 95
342 95
343 95
344 95
345 96
345 97
345 98
345 99
345 100
345 101
345 103
345 104
345 106
345 108
346 110
346 112
346 114
346 116
347 118
347 121
347 123
347 125
348 127
348 129
348 131
348 133
348 135
348 137
348 139
348 141
349 144
349 146
349 148
349 150
349 151
349 153
349 155
349 156
349 158
350 160
350 162
350 163
350 165
350 167
350 168
350 170
350 172
350 173
350 175
350 177
350 179
350 180
350 182
350 184
351 186
351 188
351 189
351 191
351 193
351 194
351 196
352 198
352 199
352 201
352 202
352 204
352 205
352 207
352 208
353 209
353 211
353 212
353 214
353 215
353 217
353 218
353 220
353 222
353 223
353 225
353 226
353 228
353 229
353 231
353 232
353 234
353 235
353 237
353 238
353 239
353 240
353 242
353 243
353 244
353 246
353 247
353 248
353 249
353 251
353 252
353 253
353 254
353 255
353 256
353 257
352 258
352 259
352 260
351 261
350 261
349 261
348 262
347 262
346 262
345 262
344 262
343 262
341 262
340 262
338 262
337 263
335 263
333 263
332 263
330 263
328 263
326 263
324 264
322 264
321 264
319 264
317 264
315 264
313 264
312 265
310 265
308 265
306 265
304 265
303 265
301 266
299 266
298 266
296 266
294 266
293 266
291 266
289 266
288 266
286 266
284 266
283 266
281 266
279 266
278 266
276 266
275 266
273 266
272 266
271 266
269 266
268 266
267 266
265 266
264 266
263 266
261 266
260 266
259 266
258 266
256 266
255 266
254 266
253 266
252 266
251 266
250 266
248 266
247 266
246 266
244 266
243 267
242 267
241 267
240 267
239 267
238 267
237 267
236 267
235 267
234 267
233 267
232 267
231 267
230 267
229 267
227 267
226 267
225 267
224 267
223 267
222 267
221 267
219 267
218 267
217 267
216 267
215 267
214 267
213 267
212 267
211 267
210 267
209 267
208 267
207 267
206 267
205 267
204 267
203 267
201 267
200 267
199 267
197 268
196 268
195 268
193 268
192 268
191 268
190 268
189 268
188 268
187 268
186 268
185 268
184 268
183 267
183 266
183 265
182 264
182 263
182 262
181 261
181 260
181 259
181 257
180 256
180 254
180 253
180 251
180 249
180 248
180 246
180 245
180 243
179 241
179 240
179 238
179 236
179 234
179 233
179 231
179 229
179 227
179 226
179 224
179 222
179 220
178 219
178 217
178 215
178 213
178 211
178 210
177 208
177 206
177 205
177 203
177 202
177 201
177 199
176 198
176 196
176 194
176 193
176 191
176 189
176 188
176 186
176 185
176 183
176 182
175 180
175 179
175 178
175 176
175 174
175 173
175 171
175 170
175 168
175 166
174 165
174 163
174 162
174 160
174 159
174 158
174 156
173 155
173 153
173 152
173 150
173 149
173 148
173 146
173 145
173 144
173 143
173 142
174 140
174 139
174 138
174 137
174 135
174 134
174 133
174 131
174 130
174 129
175 128
175 127
175 126
175 125
175 124
175 123
175 122
175 121
175 120
176 119
176 118
176 117
176 116
176 115
177 115
177 114
178 114
