617
181 126
185 126
187 126
189 126
191 125
193 125
196 125
199 124
202 124
205 123
208 123
211 122
214 121
217 121
220 120
223 120
226 120
228 119
230 119
232 119
234 118
235 118
236 118
237 118
238 118
239 118
240 118
241 118
242 118
243 118
244 118
245 119
245 120
246 120
246 121
246 122
247 123
247 124
247 126
248 127
248 129
248 131
248 133
249 135
249 137
249 139
250 143
250 145
250 148
250 150
251 153
251 155
250 158
250 160
250 163
250 165
250 168
250 170
250 173
250 175
250 177
250 179
250 181
250 184
250 186
250 188
250 190
250 193
250 195
250 197
250 200
250 202
250 205
250 207
250 209
249 211
249 214
249 216
249 218
249 221
249 223
248 226
248 229
248 231
248 234
248 236
248 239
247 241
247 243
247 245
247 247
247 249
247 251
247 252
247 253
247 254
247 255
247 256
247 257
248 257
249 257
250 258
251 258
252 258
253 258
254 258
255 258
256 258
257 258
258 258
259 258
260 258
261 258
262 258
263 258
265 258
266 257
267 257
269 257
270 257
272 257
274 256
275 256
277 256
279 256
280 256
282 255
283 255
285 255
286 255
288 255
289 254
290 254
291 254
292 254
294 254
295 254
296 254
297 254
298 253
299 253
301 253
302 253
303 253
304 253
305 253
306 253
307 253
308 253
309 253
311 253
312 253
313 253
314 253
315 253
316 253
316 252
316 251
316 250
316 249
316 248
315 247
315 246
315 245
315 244
314 242
314 241
314 240
313 238
313 237
313 235
312 233
312 232
312 230
312 228
312 226
311 224
311 222
311 220
311 217
311 215
311 213
311 211
310 209
310 208
310 206
310 204
310 202
310 200
310 198
310 196
310 194
309 192
309 190
309 188
309 186
309 184
309 182
309 180
309 178
309 176
309 174
309 172
309 170
309 168
309 166
309 164
309 162
308 160
308 159
308 157
308 155
308 154
308 152
308 151
308 149
308 148
308 146
308 145
308 143
308 142
308 141
308 139
308 138
308 137
308 135
308 134
308 133
308 132
308 130
308 129
308 128
308 127
308 126
308 125
308 124
308 123
308 122
308 121
308 120
308 119
308 118
308 117
308 116
308 115
308 114
308 113
309 113
310 112
311 112
312 112
313 112
314 112
315 112
316 112
318 111
319 111
321 111
322 111
324 110
325 110
327 110
329 110
331 110
332 110
334 109
336 109
337 109
339 110
340 110
341 110
343 110
344 110
346 110
348 110
349 111
350 111
352 111
353 111
354 111
355 111
356 111
357 111
358 111
359 111
360 111
361 111
362 111
363 111
363 112
364 112
365 112
366 112
367 113
367 114
367 115
367 116
367 117
368 118
368 119
368 121
368 123
368 124
368 126
368 128
369 130
369 133
369 135
369 137
369 140
369 142
369 144
369 146
369 149
369 151
369 153
369 155
368 157
368 159
368 161
368 164
368 166
368 168
367 171
367 173
367 176
367 178
366 180
366 183
366 185
365 187
365 189
365 191
364 193
364 196
364 198
364 200
363 202
363 204
363 207
363 209
363 211
362 213
362 215
362 217
362 219
362 221
362 223
362 225
361 226
361 228
361 229
361 231
361 232
361 234
361 235
361 237
361 238
362 240
362 241
362 243
362 244
362 245
362 247
362 248
362 249
363 251
363 252
363 254
363 255
363 256
363 258
363 259
363 261
363 262
363 263
363 265
363 266
363 268
363 269
363 270
363 271
363 273
364 274
364 275
363 276
363 277
363 278
363 279
363 280
363 281
363 282
363 283
362 283
362 284
362 285
361 286
360 287
359 288
358 288
357 288
356 289
355 289
354 289
353 289
352 290
350 290
349 290
347 290
345 290
344 290
342 291
340 291
338 291
336 291
334 292
332 292
330 292
328 292
326 293
324 293
322 293
320 293
318 294
316 294
314 294
312 294
309 295
307 295
305 295
303 296
301 296
299 296
297 297
295 297
293 297
291 297
289 297
287 298
285 298
283 298
282 298
280 298
278 298
276 298
274 298
272 299
271 299
269 299
268 299
266 299
264 299
263 299
261 299
259 299
257 299
256 299
253 300
251 300
249 300
247 300
245 300
243 300
242 301
240 301
238 301
236 301
235 301
233 301
232 301
230 301
228 301
227 301
225 302
223 302
222 302
220 302
218 302
217 302
215 302
214 302
213 302
211 302
210 302
209 302
208 302
207 302
206 302
205 302
204 302
203 301
202 301
202 300
201 300
201 299
201 298
200 297
200 296
200 295
199 294
199 293
199 292
198 290
198 289
197 288
197 287
197 285
196 284
196 283
196 281
195 279
195 278
195 276
195 274
194 273
194 271
194 269
194 268
194 266
193 264
193 262
193 260
193 259
193 257
193 255
193 253
193 252
193 250
192 248
192 247
192 245
192 243
192 241
191 240
191 238
191 236
191 235
191 233
191 231
190 230
190 228
190 227
190 225
190 224
190 222
189 220
189 219
189 217
189 215
189 214
189 212
189 210
189 209
189 207
189 206
188 204
188 202
188 201
188 199
188 197
188 196
188 194
188 192
188 191
188 189
188 187
188 186
188 184
187 182
187 181
187 180
187 178
187 177
187 175
187 174
187 172
186 171
186 169
186 168
186 166
186 165
186 164
186 162
186 161
186 160
186 158
186 157
186 156
186 154
186 153
186 152
186 151
186 150
186 149
186 147
185 146
186 146
185 145
186 144
186 143
185 142
185 141
186 140
186 139
186 138
186 137
186 136
186 135
186 134
186 133
186 132
186 131
186 130
187 130
188 130
189 130
190 130
