579
100 126
111 124
113 124
116 123
119 123
122 122
125 122
128 122
131 121
134 121
137 120
140 120
143 119
146 119
149 119
152 118
154 118
157 118
159 118
161 117
163 117
165 117
167 117
169 117
170 116
171 116
173 116
174 116
175 116
176 116
177 116
178 116
179 116
180 117
180 118
181 118
181 119
181 120
182 121
182 122
183 124
183 125
183 127
184 129
184 132
185 134
185 136
185 139
186 142
186 144
186 146
186 149
186 151
187 153
187 155
187 157
187 159
187 161
187 163
186 165
186 167
186 170
186 172
186 174
186 176
186 178
186 180
186 182
186 184
185 186
185 188
185 190
185 192
186 194
186 195
186 197
186 199
186 200
186 202
186 203
186 205
186 206
186 207
186 209
186 210
186 211
186 213
186 214
186 215
186 216
186 217
186 218
186 220
186 221
186 222
186 223
186 224
186 225
186 227
186 228
186 229
186 230
186 231
186 232
187 232
187 233
187 234
188 235
189 235
190 235
191 235
193 235
194 235
195 235
197 235
198 235
200 235
202 235
204 235
205 235
207 235
209 235
211 235
213 235
215 235
217 235
219 236
221 236
223 236
225 236
227 236
229 237
231 237
233 237
234 237
236 237
238 237
240 237
241 238
243 238
245 238
246 238
248 238
249 238
250 238
252 238
253 238
254 238
255 238
256 238
257 238
258 237
259 237
260 237
259 236
259 235
259 234
259 233
259 231
259 230
259 229
259 227
259 225
258 224
258 222
258 220
258 217
257 215
257 213
257 210
257 208
256 205
256 203
256 200
255 198
255 195
255 193
254 191
254 188
254 186
253 184
253 181
253 179
252 177
252 175
252 172
252 170
252 168
251 166
251 164
251 161
251 159
251 157
250 155
250 153
250 151
250 150
249 148
249 146
249 144
248 142
248 140
248 138
248 136
247 135
247 133
247 131
247 130
246 128
246 127
246 125
246 124
246 122
245 121
245 120
245 118
245 117
245 116
245 115
244 114
244 113
244 112
244 111
244 110
244 109
245 109
246 109
247 108
248 108
249 108
250 108
251 108
252 107
254 107
255 107
257 107
259 107
261 106
263 106
265 106
268 106
270 106
272 105
274 105
277 105
279 105
281 105
283 105
285 105
287 105
288 105
290 105
292 105
294 105
295 105
297 105
299 105
300 105
302 105
304 105
305 105
306 105
308 105
309 105
310 105
311 105
313 105
314 105
315 105
315 106
316 106
317 106
318 106
319 107
320 107
321 107
321 108
322 109
322 110
322 111
323 112
323 113
323 114
323 116
323 117
324 119
324 120
324 122
324 124
325 126
325 128
325 130
326 132
326 135
326 137
326 139
326 141
327 143
327 145
327 147
327 149
327 151
327 154
327 156
327 158
327 161
327 163
328 166
328 168
328 171
328 173
328 175
328 178
328 180
328 182
328 184
328 186
328 188
328 190
328 192
328 194
328 196
328 198
328 200
327 207
327 208
327 210
327 212
327 214
327 216
327 218
327 219
327 221
327 223
327 225
327 226
326 228
326 229
326 231
326 233
326 234
326 236
326 237
326 239
326 240
326 241
326 243
326 244
326 245
326 247
326 248
326 249
326 251
326 252
326 253
326 255
326 256
326 257
326 258
326 259
326 260
326 261
326 262
326 263
326 264
325 265
325 266
325 267
325 268
325 269
325 270
324 271
324 272
324 273
324 274
323 274
323 275
323 276
322 276
322 277
321 277
320 278
319 278
317 279
316 279
314 279
312 280
311 280
308 280
304 281
300 281
296 281
292 281
288 282
283 282
279 282
272 282
269 282
266 283
263 283
260 283
257 283
254 283
251 283
248 284
245 284
242 284
240 284
237 284
234 284
231 285
228 285
226 285
223 285
220 285
217 286
214 286
212 286
209 286
207 286
204 286
202 286
199 286
197 286
194 286
192 287
190 287
188 287
185 287
183 287
181 287
179 287
177 287
175 287
174 287
172 287
170 287
168 287
167 287
165 287
163 287
162 287
160 287
159 287
158 287
156 288
155 288
154 288
153 288
152 288
151 288
149 288
148 289
147 289
146 289
145 289
144 289
143 289
142 289
141 289
140 289
139 289
138 289
137 288
136 288
135 288
134 287
134 286
133 286
133 285
133 284
133 283
132 283
132 282
132 281
132 280
132 278
131 277
131 276
131 274
131 273
130 271
130 269
130 267
130 265
129 263
129 261
129 260
129 258
128 256
128 254
128 252
128 250
127 249
127 247
126 245
126 243
126 241
125 239
125 237
125 235
125 233
125 231
125 229
125 227
125 225
124 223
124 221
124 219
124 217
124 215
124 213
123 211
123 209
123 207
123 206
123 204
122 202
122 201
122 199
122 197
121 195
121 194
121 192
121 190
121 188
120 186
120 185
120 183
120 182
120 180
120 178
120 177
120 175
120 173
120 171
119 169
119 167
119 165
119 163
119 162
119 160
119 159
119 157
119 156
119 155
118 154
118 152
118 151
118 150
118 149
118 148
118 146
118 145
118 144
117 143
117 142
117 141
117 140
117 139
117 138
117 137
117 136
117 135
117 134
117 133
116 133
116 132
116 131
116 130
116 129
116 128
115 127
115 126
115 125
115 124
115 123
116 122
117 121
