374
145 67
149 65
151 64
152 64
153 64
155 64
156 63
158 63
160 63
162 63
164 62
166 62
168 62
170 62
172 62
174 62
177 62
179 61
181 61
183 61
185 61
188 60
190 60
192 60
193 60
195 59
197 59
198 59
200 59
201 58
202 58
203 58
204 58
205 58
205 59
205 60
206 61
206 62
207 63
207 64
207 66
208 67
208 68
209 70
209 72
210 74
211 76
211 78
212 80
212 83
213 85
213 88
214 90
214 92
215 95
216 97
216 100
217 102
217 105
217 107
218 109
218 111
219 114
219 116
219 117
219 119
220 121
220 123
220 125
220 126
220 128
220 129
221 131
221 132
221 133
221 134
221 135
221 136
222 136
222 137
222 138
223 138
224 138
225 138
226 138
227 138
228 138
229 138
230 138
231 138
232 138
234 138
235 138
237 138
238 137
240 137
242 137
243 137
245 137
247 137
249 137
250 137
252 137
254 137
255 137
257 137
259 137
260 137
262 137
263 137
264 137
266 137
267 137
268 137
269 137
270 137
271 137
272 137
273 137
274 137
274 136
275 136
274 135
275 134
275 133
275 132
275 131
275 130
275 129
275 127
275 126
276 124
276 122
276 120
276 117
276 115
276 112
277 110
277 107
277 104
277 101
277 98
277 95
277 92
277 89
278 86
278 84
278 81
278 78
278 76
278 73
278 71
278 69
277 67
277 65
277 64
277 63
277 62
276 60
276 59
276 58
275 58
275 57
276 57
277 57
278 57
278 56
279 56
280 56
281 56
282 56
284 56
285 56
286 56
288 56
290 56
292 56
294 56
296 56
299 56
301 56
303 56
305 56
308 56
310 57
312 57
314 57
316 57
318 57
320 57
321 57
323 57
324 57
325 57
326 57
327 57
328 57
328 58
329 58
329 59
329 60
329 61
329 62
330 64
330 65
330 66
330 68
330 70
330 72
331 74
331 76
331 79
331 81
332 84
332 87
332 90
332 93
333 96
333 99
333 102
334 105
334 108
334 111
335 114
335 117
336 120
336 123
336 126
337 128
337 131
338 134
338 136
338 138
339 141
339 143
339 145
340 147
340 149
340 151
340 153
340 154
340 156
341 157
341 159
341 160
341 161
341 162
341 163
341 164
341 165
341 166
341 167
340 167
339 167
339 166
338 166
337 166
336 166
335 166
334 166
332 166
331 166
329 166
327 166
325 166
323 166
321 166
318 167
316 167
313 167
310 167
307 168
304 168
301 168
298 168
295 169
291 169
288 169
284 170
281 170
277 170
274 170
270 171
266 171
263 171
259 171
255 171
251 171
248 171
244 172
241 172
237 172
233 172
230 172
227 171
223 171
220 171
217 171
214 171
211 171
207 171
204 170
202 170
199 170
196 170
193 170
191 170
188 170
186 170
184 170
182 170
180 170
178 170
176 170
175 170
173 170
172 170
171 170
170 170
169 170
168 170
167 169
166 169
166 168
166 167
166 166
166 165
166 163
165 162
165 161
165 159
165 157
165 155
164 153
164 151
164 149
164 146
163 144
163 141
163 139
162 136
162 133
162 131
161 128
161 125
160 122
160 119
159 116
159 114
159 111
158 108
158 105
157 102
157 99
156 97
156 94
155 91
155 89
154 87
154 84
153 82
153 80
153 78
152 76
152 74
151 73
151 71
151 69
150 68
150 67
150 66
150 65
150 64
149 63
