641
138 89
143 89
144 89
145 89
147 89
148 89
150 89
152 89
154 89
157 89
159 89
161 89
164 89
166 89
169 89
171 89
174 89
177 89
180 89
183 89
186 89
188 89
191 90
194 90
197 90
199 90
202 90
205 90
208 90
211 90
214 90
217 90
219 90
222 90
224 90
226 91
228 91
230 91
232 91
233 91
234 91
236 91
237 91
238 91
239 91
239 92
239 93
239 94
239 95
239 96
240 96
240 97
240 98
240 99
240 101
240 102
240 104
241 105
241 107
241 109
241 111
241 112
241 114
241 116
241 118
242 119
242 121
242 123
242 125
242 127
243 129
243 131
243 133
243 135
243 137
244 139
244 141
244 143
244 145
245 147
245 149
245 151
245 153
246 156
246 158
246 160
246 162
247 165
247 167
247 169
247 172
247 174
248 176
248 179
248 182
248 184
248 187
248 190
248 192
248 195
248 198
248 201
248 204
248 206
248 209
248 212
248 215
248 218
249 220
249 223
249 226
249 228
249 231
249 233
249 235
249 238
249 240
249 242
249 244
249 246
249 248
249 250
249 251
249 253
249 254
249 256
249 257
249 258
249 259
249 260
249 261
249 262
249 263
250 264
250 265
251 266
252 266
253 267
254 267
255 268
256 268
257 268
259 268
260 268
262 269
263 269
265 269
266 269
268 269
270 269
272 269
273 269
275 270
277 270
280 270
282 270
284 270
286 270
288 270
291 271
293 271
295 271
298 271
300 271
303 271
305 271
308 271
310 271
313 271
316 271
319 272
321 272
324 272
327 272
329 272
332 272
335 272
338 272
341 272
344 272
346 272
349 272
352 272
355 272
358 273
360 272
363 273
366 273
368 273
371 273
373 273
375 273
377 273
379 273
381 273
383 273
384 273
386 273
387 273
388 273
389 273
390 273
391 273
392 273
392 272
392 271
391 271
391 270
391 269
391 268
391 267
391 266
392 265
392 263
392 262
392 261
392 259
392 258
392 256
392 255
392 253
392 251
392 249
392 247
392 246
392 243
391 241
391 239
391 237
391 235
391 233
391 230
391 228
391 226
391 224
391 222
390 219
390 217
390 215
390 212
390 210
390 207
389 205
389 202
389 200
389 197
388 195
388 192
388 189
388 187
387 184
387 181
387 179
386 176
386 173
386 170
385 168
385 165
385 162
385 159
385 156
385 153
385 150
385 148
385 145
385 142
385 139
385 136
385 133
385 131
385 128
385 126
385 123
385 121
384 119
384 117
384 115
384 113
383 111
383 109
383 108
383 106
382 105
382 103
382 102
382 101
382 100
381 100
381 99
381 98
382 98
383 98
384 98
385 98
386 98
388 98
389 98
391 98
392 98
394 98
396 98
398 98
400 98
403 98
405 98
407 98
409 98
411 98
414 98
416 98
419 98
421 98
423 98
426 98
428 98
430 98
432 98
434 98
436 98
438 98
440 99
442 99
443 99
445 99
447 99
448 100
449 100
451 100
452 100
453 100
454 101
455 101
456 102
457 102
457 103
457 104
457 104
457 105
457 106
457 107
457 108
457 109
457 111
457 112
457 114
457 115
458 117
458 118
458 120
458 122
458 124
458 126
459 128
459 130
459 132
459 134
460 136
460 138
460 141
461 143
461 145
461 147
462 150
462 152
463 154
463 157
463 159
464 162
464 164
464 167
465 169
465 172
465 174
465 177
466 180
466 182
466 185
467 187
467 190
467 192
467 195
467 198
468 200
468 203
468 205
468 208
468 211
468 213
468 216
469 219
469 221
469 223
469 226
469 228
469 231
469 233
469 236
469 239
469 241
469 244
470 246
470 249
470 251
470 253
470 256
470 258
470 261
470 263
470 265
470 268
470 270
470 272
470 274
470 276
470 278
470 280
470 282
470 284
470 286
470 288
470 290
470 292
470 293
470 295
470 297
470 299
470 301
470 302
470 304
470 305
470 307
470 308
470 310
470 311
470 313
470 314
470 315
470 316
470 318
470 319
470 320
470 321
470 322
470 323
470 324
469 324
468 324
467 325
466 325
465 325
464 325
463 325
462 325
460 326
458 326
456 326
454 326
452 326
450 326
447 326
445 326
442 326
440 326
437 326
434 326
431 326
428 326
425 326
422 326
419 326
416 326
412 325
408 325
405 325
401 325
397 325
393 325
389 324
385 324
381 324
377 324
373 324
369 323
365 323
361 323
357 322
353 322
348 321
344 321
340 320
336 320
332 319
328 319
323 318
319 318
315 318
311 317
307 317
303 317
299 317
295 317
291 316
286 316
282 316
279 316
275 316
271 316
267 316
263 316
259 315
256 315
252 315
248 315
245 314
242 314
238 314
235 314
232 313
228 313
225 313
222 312
219 312
216 312
213 311
209 311
206 311
203 311
200 310
197 310
194 310
191 310
189 310
186 309
183 309
180 309
178 309
175 309
173 309
170 309
168 309
166 308
165 308
163 308
162 308
160 308
159 307
158 307
157 307
156 307
156 306
155 306
154 305
154 304
153 304
153 303
153 302
153 301
152 301
152 299
152 298
152 297
152 296
152 294
152 292
152 291
152 289
152 287
152 285
152 283
152 281
151 279
151 276
151 274
151 272
151 269
151 267
150 264
150 262
150 260
150 257
150 255
149 252
149 250
149 247
149 244
149 241
149 239
149 236
149 233
149 230
149 227
149 225
149 222
149 219
150 216
150 213
150 211
150 208
150 205
151 202
151 199
151 197
151 194
151 191
151 188
151 185
151 183
151 180
151 177
151 174
151 172
151 169
151 166
151 164
150 161
150 158
150 155
149 153
149 150
149 147
149 145
148 142
148 139
148 137
148 134
147 132
147 129
147 127
147 124
147 122
147 120
147 118
147 117
147 115
147 114
147 112
148 111
148 109
148 108
148 106
148 106
