480
140 57
142 56
144 56
145 56
147 56
148 56
150 56
152 56
154 56
156 56
158 56
160 56
163 56
165 56
167 55
169 55
171 55
173 55
175 55
177 55
179 55
180 56
181 56
182 56
183 56
184 56
185 56
186 56
186 57
187 57
187 58
188 58
188 59
188 60
188 61
188 62
188 63
188 64
188 65
188 67
188 68
188 69
188 70
188 71
188 73
188 74
188 76
188 77
188 79
188 81
188 82
188 84
188 86
188 88
188 89
188 91
188 93
188 95
187 96
187 98
187 100
187 103
187 105
187 107
187 109
187 111
187 113
187 115
187 116
187 118
187 120
187 123
187 125
187 127
187 129
187 131
187 133
187 135
187 136
186 138
186 140
186 142
186 144
186 146
186 147
186 149
186 151
186 152
186 154
186 155
186 156
186 157
186 158
186 159
186 160
186 161
187 161
188 161
189 161
190 161
191 161
192 161
193 161
194 161
196 161
197 161
198 161
200 161
201 161
203 161
205 161
207 161
208 160
210 160
212 160
214 160
216 160
218 159
220 159
222 159
224 159
226 159
228 159
231 159
233 159
235 159
237 159
239 159
241 159
243 159
245 158
247 158
249 158
250 158
252 158
254 158
255 158
257 158
258 158
259 158
260 158
261 158
262 158
263 158
264 158
265 158
264 157
264 156
264 155
265 154
265 153
265 152
265 151
265 149
265 148
265 147
265 146
265 144
265 143
265 142
265 140
265 139
265 138
265 136
265 135
265 134
265 132
265 131
265 129
265 127
265 126
265 124
265 122
265 120
265 118
265 117
265 115
265 114
265 112
265 111
265 109
265 107
265 105
265 103
265 102
265 100
265 98
265 96
265 95
265 93
265 92
265 91
265 89
265 88
265 86
265 85
265 83
265 82
265 80
265 79
265 77
265 76
265 74
265 73
265 72
265 71
265 70
265 69
265 68
266 67
266 66
266 65
266 64
266 63
267 63
268 63
269 63
270 63
271 63
272 62
273 62
275 62
276 62
278 62
280 62
281 62
283 62
285 62
287 62
289 62
290 62
292 62
294 62
296 62
298 62
299 62
301 62
303 62
304 63
306 63
307 63
308 63
309 63
310 63
311 63
312 63
313 64
314 64
314 65
314 66
314 67
315 68
315 69
315 70
315 71
315 72
314 73
314 74
314 75
314 76
314 78
314 80
314 81
314 83
314 85
314 86
314 88
314 90
314 91
314 93
314 95
313 97
313 99
313 102
313 104
313 106
313 109
313 111
312 113
312 115
312 118
312 120
312 123
312 125
311 128
311 130
311 133
311 135
311 138
311 140
310 142
310 145
310 148
310 150
310 153
310 155
310 158
310 160
310 163
310 165
310 168
310 170
310 173
310 175
309 177
309 180
309 182
309 184
309 186
309 188
309 189
309 191
310 193
310 195
310 196
310 198
310 199
310 200
310 201
310 202
310 203
310 204
309 204
308 204
307 204
306 204
305 204
303 204
302 204
300 204
299 204
297 204
295 204
293 204
291 204
289 204
287 204
285 204
283 204
280 204
278 204
276 203
273 203
271 203
268 203
265 203
263 203
260 203
257 203
255 202
252 202
249 202
246 202
243 202
240 202
237 202
234 201
231 201
228 201
224 201
221 201
217 201
214 201
210 201
207 201
203 201
200 201
196 201
193 201
189 201
186 201
183 201
180 201
177 201
173 201
170 201
167 201
165 201
162 201
160 201
158 201
156 201
154 201
153 201
151 201
150 201
149 201
148 201
147 201
147 200
146 200
146 199
145 198
145 197
145 196
145 195
145 194
145 193
145 192
145 191
144 189
144 188
144 187
144 185
144 184
144 182
144 180
143 179
143 177
143 175
143 173
143 170
143 168
143 166
143 164
143 162
143 159
143 157
143 155
143 153
143 150
143 148
143 146
143 143
143 141
143 139
143 137
143 135
143 133
143 131
143 129
143 127
143 125
143 123
143 121
143 119
143 118
142 116
142 115
142 113
142 112
142 110
142 109
142 107
142 105
142 104
142 102
142 100
142 99
142 97
142 96
142 94
142 93
142 92
142 91
142 90
142 89
142 88
142 86
142 85
142 84
142 83
142 81
142 80
142 79
141 78
141 77
141 76
141 75
141 74
141 73
141 72
141 71
141 70
141 69
141 68
141 67
140 68
140 67
141 67
