664
137 78
141 77
142 77
143 77
144 77
145 77
147 77
149 77
151 76
152 76
154 76
156 76
159 76
161 76
163 76
165 76
167 75
169 75
171 75
173 75
175 75
177 75
180 75
182 74
185 74
187 74
189 74
192 74
194 73
197 73
200 73
202 73
205 72
207 72
210 72
212 72
215 71
217 71
220 71
222 70
224 70
226 70
228 70
230 70
232 70
233 69
235 69
236 69
238 69
239 69
240 69
241 69
242 69
243 69
243 70
243 71
243 72
243 73
243 74
243 75
243 77
243 78
243 80
243 81
243 83
243 84
243 86
243 88
244 90
244 91
244 93
244 95
244 97
244 99
245 101
245 103
245 105
245 107
245 109
245 111
245 114
245 116
245 118
245 120
246 122
246 124
246 127
246 129
246 131
246 134
246 136
246 139
246 141
246 144
246 146
246 149
246 151
246 154
245 157
245 159
245 162
245 165
245 168
245 171
245 174
245 176
245 179
245 182
245 185
245 188
245 191
244 193
244 196
244 199
244 202
244 205
244 207
244 210
244 212
243 215
243 218
243 220
243 222
243 224
243 226
243 228
243 230
243 232
243 233
243 235
243 236
243 237
243 238
242 239
242 240
242 241
242 242
242 243
242 244
242 245
243 245
244 245
244 246
245 246
246 246
247 247
248 247
249 247
250 247
251 248
253 248
254 248
256 248
258 248
260 249
262 249
264 249
266 249
268 250
271 250
273 250
275 251
277 251
280 251
282 252
285 252
287 252
289 253
292 253
294 253
296 254
299 254
301 254
303 254
306 255
308 255
310 255
313 255
315 256
318 256
320 256
322 256
325 256
327 256
329 257
331 257
334 257
336 257
338 257
341 257
343 257
345 257
347 257
349 257
351 257
353 257
354 257
356 257
357 257
359 257
360 257
361 257
362 257
363 257
364 258
364 257
364 256
364 255
364 254
365 254
365 253
365 252
365 251
365 250
365 249
365 248
365 247
365 246
366 245
366 243
366 242
366 240
366 239
366 237
366 236
366 234
366 233
366 231
366 229
366 227
366 225
366 223
366 221
366 219
366 217
366 215
366 213
366 211
365 208
365 206
365 204
365 201
365 199
365 197
365 194
365 192
365 190
365 187
365 185
365 182
365 180
364 177
364 175
364 172
364 170
364 167
364 164
364 162
364 159
364 156
364 154
364 151
364 148
364 146
364 143
364 141
364 138
364 135
364 133
364 130
364 128
364 125
364 123
364 120
364 118
364 116
365 113
365 111
365 109
365 109
365 106
365 104
365 102
365 100
365 98
365 98
365 96
365 95
365 93
365 91
365 90
365 89
365 87
365 86
365 85
365 84
365 83
365 82
365 81
366 81
367 81
368 81
369 81
370 81
371 82
372 82
373 82
374 82
376 82
377 81
379 81
380 81
382 81
383 81
385 81
387 81
389 81
391 81
393 81
395 80
397 80
399 80
401 80
403 80
404 80
406 80
408 80
410 80
412 80
414 80
415 80
417 80
419 80
421 80
422 80
424 80
425 79
426 79
427 80
428 80
429 80
430 80
431 80
431 81
431 82
431 83
431 84
431 85
432 86
432 87
432 88
432 89
432 90
432 91
432 92
432 93
432 94
432 96
432 97
432 98
432 100
432 101
432 103
433 105
433 106
433 108
433 110
433 111
433 113
433 115
433 117
434 119
434 120
434 122
434 124
434 126
434 128
434 131
434 133
434 135
434 137
434 139
433 141
433 143
433 146
433 148
433 150
433 152
433 154
433 157
433 159
432 161
432 164
432 166
432 168
431 171
431 173
431 175
431 177
431 180
431 182
430 184
430 187
430 189
430 192
430 194
430 196
430 199
429 201
429 204
429 206
429 208
429 211
429 213
429 216
428 218
428 221
428 223
428 226
428 228
428 230
427 233
427 235
427 238
427 241
427 243
427 246
426 248
426 251
426 253
426 256
426 258
426 261
426 263
425 266
425 268
425 271
425 273
425 276
425 278
425 280
425 282
425 284
425 286
424 288
424 290
424 292
424 293
424 295
424 296
424 298
424 299
424 300
424 301
423 301
423 302
423 303
423 304
422 304
421 304
420 305
419 305
418 305
417 305
416 306
415 306
414 306
413 306
412 306
411 307
410 307
408 307
407 307
406 307
404 307
403 307
401 308
400 308
398 308
396 308
394 308
392 308
390 308
388 308
386 308
384 308
381 308
379 308
376 308
374 308
371 308
368 308
366 308
363 308
360 308
357 308
354 307
350 307
347 307
344 307
341 307
338 306
335 306
331 306
328 306
325 305
322 305
318 305
315 305
312 304
309 304
305 304
302 304
299 304
296 303
292 303
289 303
286 303
283 303
279 302
276 302
273 302
270 302
267 302
263 302
260 302
257 302
253 302
250 302
247 301
244 301
241 301
237 301
234 301
231 301
227 301
224 301
221 301
217 301
214 301
211 301
207 301
204 301
200 301
197 301
194 300
190 300
187 300
183 300
180 300
176 300
173 301
169 301
166 301
163 301
159 301
156 301
154 301
151 301
149 301
146 301
145 301
143 301
142 301
141 301
140 300
139 300
138 300
138 299
138 298
137 298
137 297
137 296
137 295
137 293
137 292
137 290
137 289
137 287
136 286
136 284
136 282
136 280
136 278
136 275
136 273
136 271
135 268
135 266
135 263
135 261
135 258
135 256
135 253
135 251
134 248
134 246
134 243
134 240
134 238
134 235
134 233
134 230
134 227
134 225
134 222
134 220
134 217
134 214
134 212
134 209
134 207
134 204
133 202
133 199
133 197
133 194
133 192
133 189
133 187
133 184
132 182
132 179
132 177
132 175
132 172
133 170
133 167
133 164
133 162
133 159
134 156
134 154
134 151
135 148
135 146
135 143
135 141
135 138
135 136
135 133
135 131
135 129
135 126
135 124
135 122
135 119
135 117
135 115
135 113
136 111
136 109
136 107
136 105
136 103
136 101
136 100
136 98
136 97
137 96
137 95
137 94
137 95
137 95
