697
138 77
144 76
145 75
147 75
149 75
151 74
153 74
156 74
159 73
162 73
164 72
167 71
170 71
174 71
177 70
180 70
183 69
186 69
189 69
192 69
195 69
198 68
201 68
204 68
207 68
210 68
213 67
216 67
218 67
221 67
224 67
226 67
229 66
231 66
233 66
236 66
238 66
239 66
241 65
243 65
244 65
245 65
246 65
247 65
247 66
247 67
247 68
247 69
247 70
247 71
247 72
247 73
247 74
247 76
247 77
247 79
247 81
246 82
246 84
246 86
246 87
246 89
245 91
245 92
245 94
245 96
245 97
244 99
244 101
244 103
244 105
244 107
244 109
244 111
244 113
244 115
244 118
243 120
243 122
243 124
243 126
243 128
243 131
243 133
243 135
243 138
243 140
243 142
243 145
243 147
242 150
242 152
242 155
242 157
242 160
241 162
241 165
241 167
241 170
241 173
240 175
240 178
240 180
240 183
240 185
240 187
239 190
239 192
239 195
239 197
239 199
238 201
238 204
238 206
238 208
237 210
237 212
237 214
236 215
236 217
236 218
235 220
235 221
235 222
235 223
234 223
234 224
234 225
234 226
234 227
235 227
235 228
236 228
237 228
238 228
239 229
240 229
241 229
242 229
243 229
244 229
246 230
247 230
248 230
250 230
252 230
253 231
255 231
257 231
259 231
261 231
263 232
265 232
267 232
269 232
271 232
274 233
276 233
278 233
281 233
283 233
286 234
288 234
291 234
293 234
295 234
298 234
300 235
302 235
305 235
307 235
309 235
312 235
314 235
316 236
319 236
321 236
324 236
326 236
329 236
331 236
334 236
336 236
339 236
341 236
344 236
347 236
349 236
351 236
354 236
356 236
358 235
361 235
363 235
365 235
366 235
368 235
370 235
371 235
372 235
373 235
374 236
375 236
375 235
376 235
377 235
377 234
377 233
377 232
377 231
377 230
378 229
378 228
378 227
378 226
379 224
379 223
379 221
379 220
379 218
380 217
380 215
380 213
380 212
380 210
380 208
380 206
380 204
380 202
380 200
380 199
380 196
380 194
379 192
379 190
379 188
379 185
379 183
379 181
379 178
378 176
378 173
378 171
378 168
378 166
378 163
378 161
377 158
377 155
377 153
377 150
377 147
377 145
377 142
377 140
376 137
376 134
376 132
376 129
376 127
376 124
376 122
376 119
376 117
376 115
376 112
376 110
376 108
376 105
376 103
376 101
376 98
376 96
376 94
376 92
376 90
376 88
376 86
376 84
376 82
376 80
376 78
376 76
376 75
376 73
376 72
376 71
376 70
376 69
376 68
376 67
376 66
376 65
377 65
377 66
378 66
379 66
380 66
381 66
382 66
383 66
384 66
385 66
387 65
389 65
390 65
392 65
394 65
396 65
397 64
399 64
401 64
403 64
405 64
407 64
409 64
411 64
413 64
415 64
417 64
419 64
421 64
423 64
425 64
427 64
429 64
431 64
433 64
434 64
436 64
438 64
439 64
441 64
442 64
444 65
445 65
446 65
447 65
449 65
450 65
451 65
452 65
453 65
453 66
454 67
454 68
454 69
454 70
455 71
455 72
455 73
455 73
455 74
455 76
455 77
455 78
455 78
455 80
455 81
455 82
455 84
455 85
455 87
455 89
455 90
455 92
455 93
455 95
455 97
455 99
455 100
455 102
455 104
455 106
455 108
455 110
455 112
455 114
455 116
455 118
455 120
455 122
455 124
455 126
455 128
455 131
455 133
455 135
455 137
455 140
455 142
455 144
454 146
454 149
454 151
454 153
453 156
453 158
453 161
452 163
452 165
452 168
452 170
451 172
451 175
451 177
451 179
451 182
450 184
450 187
450 189
449 191
449 194
449 196
449 199
448 201
448 203
448 206
447 208
447 210
447 213
447 215
446 217
446 220
446 222
445 224
445 226
445 228
444 230
444 233
444 235
444 237
444 239
443 241
443 244
443 246
443 248
443 250
443 252
442 254
442 256
442 258
442 260
442 262
441 265
441 267
441 269
440 271
440 273
439 275
439 276
439 278
438 279
438 281
438 282
438 283
437 284
437 285
437 286
437 287
436 288
436 289
436 290
435 291
434 292
433 292
432 292
432 293
431 293
430 293
429 293
428 294
427 294
425 294
424 295
422 295
421 295
419 296
417 296
415 296
413 297
411 297
409 297
407 298
405 298
403 298
401 298
399 298
396 299
394 299
392 299
389 299
386 299
384 299
381 299
379 299
376 299
373 299
371 299
368 299
365 299
362 299
359 299
357 299
354 299
351 299
348 299
345 299
342 299
339 299
336 299
333 299
330 299
327 299
324 299
320 299
317 299
314 299
311 299
308 299
304 299
301 299
297 299
294 299
291 299
287 299
283 299
280 299
276 299
273 299
269 299
266 299
262 299
259 299
255 299
252 299
248 299
245 299
241 299
238 299
234 299
231 299
227 299
224 299
220 299
217 299
214 299
210 299
207 299
204 299
201 299
198 299
195 299
192 299
189 299
186 299
184 299
181 299
179 299
176 299
174 299
171 299
169 299
167 299
165 299
163 299
161 299
159 299
157 299
156 299
154 299
152 299
150 299
149 300
147 300
146 300
144 300
143 300
141 300
140 301
139 301
138 301
137 301
136 301
135 301
134 301
134 300
134 299
134 298
134 297
134 296
134 295
134 294
134 293
133 292
133 290
133 289
133 288
133 286
133 285
133 284
133 282
133 281
133 279
133 277
133 276
132 274
132 272
132 270
132 268
132 267
132 265
132 263
132 261
131 259
131 257
131 255
131 253
131 251
131 249
131 246
131 244
131 242
131 240
131 237
131 235
131 233
131 231
131 229
131 226
131 224
131 222
131 219
131 217
131 214
131 212
131 209
131 207
131 205
131 202
131 200
131 197
131 195
131 192
131 190
131 187
131 184
131 182
131 179
131 177
131 174
131 172
131 169
131 167
131 164
131 162
131 159
131 157
131 155
131 152
131 150
131 147
131 145
131 143
131 140
131 137
131 135
131 133
131 130
132 128
132 125
132 123
132 121
132 119
132 116
133 114
133 112
133 110
133 107
134 105
134 103
134 101
134 99
134 98
134 96
134 94
134 93
134 92
134 91
134 90
134 89
135 88
135 87
135 86
136 86
136 85
136 85
