412
125 67
129 68
130 68
131 68
132 68
133 68
134 68
136 68
137 68
138 68
140 68
142 67
143 67
145 67
147 67
149 66
150 66
152 66
154 66
156 66
158 65
160 65
162 65
163 65
165 65
166 64
168 64
169 64
170 64
171 64
172 64
173 64
174 64
175 64
176 64
177 64
177 65
178 66
178 67
179 68
179 69
179 70
180 72
180 73
180 75
181 76
181 78
182 80
182 82
183 84
183 86
184 89
184 91
185 94
185 96
185 99
186 102
186 105
186 108
187 110
187 113
187 116
188 119
188 122
189 125
189 127
190 130
190 133
191 135
191 138
191 140
192 142
192 145
192 147
193 149
193 151
193 153
193 154
194 156
194 157
194 159
194 160
194 161
195 162
195 163
196 163
196 164
197 163
198 163
199 163
200 163
201 163
202 163
203 163
204 163
206 163
207 163
209 163
210 163
212 163
214 163
216 163
218 164
219 164
221 164
223 164
225 164
227 164
229 164
230 164
232 164
234 165
235 165
237 165
238 165
240 165
241 165
242 165
243 165
244 165
245 164
246 164
247 164
248 164
249 164
249 163
249 162
249 161
249 160
250 159
250 158
250 157
250 156
250 154
250 152
250 151
250 149
250 146
250 144
250 142
250 139
250 137
250 134
250 132
250 129
250 126
250 124
250 121
250 118
250 116
250 113
250 110
249 108
249 105
249 103
249 101
249 98
249 96
248 94
248 92
248 90
248 88
248 86
248 84
248 83
248 81
248 80
248 79
248 77
248 76
247 75
247 74
247 73
247 72
247 71
247 70
247 69
248 69
249 69
250 69
250 70
251 70
252 70
253 70
254 70
255 70
256 69
258 69
259 69
260 69
262 69
263 69
265 69
267 69
269 69
270 69
272 69
274 69
275 68
277 68
278 68
279 68
280 68
282 68
283 68
284 68
285 68
286 68
287 68
287 69
287 70
288 71
288 72
288 73
289 73
289 74
289 75
289 77
289 78
290 79
290 81
290 82
290 84
290 85
291 87
291 89
291 91
291 94
291 96
291 99
291 101
291 104
291 106
291 109
291 112
291 114
291 117
291 120
291 122
291 125
291 128
291 130
291 133
290 136
290 138
290 141
290 143
290 145
290 148
290 150
290 153
290 155
290 157
290 159
290 161
290 164
290 165
290 167
290 169
290 171
290 173
290 174
290 176
290 177
291 179
291 180
291 181
291 183
291 184
291 185
291 186
291 187
291 188
292 189
292 190
292 191
292 192
292 193
291 193
291 192
290 192
289 192
288 192
287 192
286 192
285 192
284 192
282 192
281 192
279 192
277 193
275 193
272 193
270 193
267 193
265 194
262 194
259 194
256 195
253 195
249 195
246 196
243 196
240 197
236 197
233 197
230 198
226 198
223 198
220 198
217 199
213 199
210 199
207 199
204 199
201 199
198 199
195 199
192 199
189 199
187 199
184 199
181 199
179 199
176 198
174 198
172 198
169 198
167 198
165 198
163 198
162 198
160 198
158 198
156 198
155 198
153 198
152 198
151 198
150 198
149 198
148 198
147 198
146 198
145 198
144 198
143 197
143 196
143 195
142 194
142 193
142 192
142 191
142 190
142 188
142 186
142 185
142 183
142 181
141 179
141 176
141 174
141 172
141 169
141 167
140 165
140 162
140 160
139 157
139 154
139 152
138 149
138 146
137 144
137 141
136 138
136 136
135 133
135 130
134 128
133 125
133 122
132 120
132 117
131 115
131 112
131 110
130 107
130 105
129 103
129 100
129 98
128 96
128 94
128 92
127 90
127 88
127 86
127 85
126 83
126 82
126 80
126 79
125 78
125 77
125 76
125 75
125 74
124 74
124 73
124 72
124 71
