485
141 57
144 56
145 56
146 56
147 56
149 56
150 56
152 56
154 56
156 56
158 56
160 56
162 55
164 55
166 55
168 55
171 55
173 55
174 55
176 55
178 55
180 54
182 54
183 54
185 54
186 54
187 54
188 54
189 54
190 54
191 54
191 55
191 56
191 57
191 58
191 59
192 59
192 60
192 61
192 62
192 63
192 64
192 65
193 66
193 67
193 68
193 69
193 70
193 71
193 72
194 73
194 74
194 75
194 77
194 78
194 79
194 81
194 82
194 83
195 85
195 86
195 87
195 88
195 90
195 91
195 92
195 93
195 94
196 96
196 97
196 99
196 100
196 102
196 103
196 105
196 106
196 108
196 109
196 111
196 112
196 114
196 115
197 116
197 118
197 119
197 121
197 122
197 124
197 125
197 127
197 128
197 130
197 131
198 132
198 134
198 135
198 136
198 137
199 138
199 139
199 140
199 141
199 142
199 143
200 144
200 145
200 146
200 147
200 148
201 149
201 150
201 151
202 150
203 150
203 151
204 151
205 151
206 151
206 150
207 150
209 150
210 150
211 150
212 150
213 150
215 150
216 150
218 150
219 150
221 150
222 150
224 149
225 149
227 149
229 149
231 149
233 149
235 149
236 148
238 148
240 148
242 148
244 148
246 148
248 147
249 147
251 147
252 147
254 147
255 147
256 147
257 147
258 147
259 147
260 147
261 147
261 146
260 146
260 145
260 144
260 143
260 142
260 141
259 140
259 139
259 138
259 137
259 136
259 135
259 134
259 133
258 131
258 130
258 128
258 126
258 125
258 123
258 122
258 120
258 118
258 117
257 115
257 113
257 112
257 110
256 108
256 106
256 104
255 102
255 100
255 98
254 96
254 94
253 93
253 91
253 89
253 87
252 86
252 84
252 82
251 80
251 78
251 77
251 75
251 73
250 72
250 71
250 69
250 68
250 67
250 66
250 65
250 64
250 63
250 62
249 61
249 60
249 59
249 58
249 57
249 56
249 55
250 55
251 55
252 55
253 55
254 55
255 55
256 55
257 55
258 55
260 55
261 55
262 55
263 55
264 54
266 54
267 54
268 54
270 54
271 54
273 54
274 54
276 54
277 54
279 54
281 54
282 54
283 54
285 54
286 54
287 54
288 54
289 54
290 54
290 55
290 56
290 57
290 58
290 59
291 60
291 61
291 62
291 63
291 64
291 65
292 66
292 68
292 69
292 70
292 71
292 73
292 74
292 76
293 78
293 80
293 81
293 83
293 85
293 87
293 89
294 91
294 93
294 95
294 97
294 99
294 101
294 103
294 106
294 108
294 110
294 112
295 114
295 117
295 119
295 121
295 123
295 126
295 128
295 131
295 133
295 135
295 137
295 139
295 142
295 144
295 146
295 149
295 151
295 153
295 155
295 157
295 159
296 161
296 162
296 164
296 166
296 168
296 170
296 172
296 173
296 175
297 177
297 178
297 180
297 181
297 182
297 184
297 185
297 186
298 187
298 188
298 189
298 190
298 191
299 191
299 192
299 193
298 193
297 193
296 193
295 193
294 194
292 194
291 194
290 194
288 194
286 194
285 194
282 194
280 194
278 194
275 194
273 193
270 193
268 193
265 193
262 193
259 193
256 193
253 193
250 193
246 194
243 194
240 194
236 194
233 194
229 194
226 194
222 195
219 195
215 195
211 195
208 196
204 196
201 196
197 196
193 197
190 197
186 197
183 198
179 198
176 198
172 198
169 199
166 199
163 199
160 199
157 199
155 199
152 199
150 200
148 200
146 200
145 200
143 200
142 200
141 200
140 200
139 200
138 200
138 199
138 198
137 197
137 196
137 195
137 194
137 193
136 192
136 191
136 190
136 189
135 188
135 187
135 185
135 184
134 183
134 182
134 180
134 179
134 177
133 176
133 174
133 172
133 170
132 169
132 166
132 165
132 163
132 161
131 159
131 157
131 155
131 153
130 151
130 149
130 146
130 144
130 142
130 140
130 138
129 135
129 133
129 131
129 129
129 126
129 124
129 122
129 120
129 118
129 116
129 114
129 112
129 110
129 108
129 106
129 104
129 102
128 100
128 98
128 96
128 94
128 93
128 91
128 90
128 88
128 87
128 86
128 84
128 83
128 81
128 80
128 78
128 77
128 76
128 75
128 74
128 73
127 72
127 71
127 70
127 69
127 68
126 69
126 68
