400
232 151
237 151
241 151
245 151
248 151
252 150
256 150
260 150
264 150
267 150
271 149
274 149
278 149
281 149
285 149
288 149
293 149
297 148
300 148
304 148
308 148
311 148
315 148
318 147
322 147
326 147
329 147
329 150
330 152
330 155
330 158
330 161
330 164
331 167
331 170
330 173
330 177
330 181
330 184
330 187
330 190
330 194
330 197
329 200
329 204
328 206
328 210
327 212
327 215
326 217
326 220
326 223
325 225
325 229
325 232
324 234
324 238
324 242
323 244
323 247
323 251
322 253
322 257
322 261
321 265
321 269
321 273
321 277
321 281
321 284
321 288
321 292
321 296
320 298
320 301
320 304
319 306
319 309
318 311
318 314
321 314
324 314
327 314
331 314
334 314
337 314
340 314
344 314
348 313
351 313
355 313
358 313
362 313
367 313
372 313
377 313
380 313
383 313
386 313
391 312
394 312
397 312
400 312
403 312
406 312
409 312
412 312
415 312
418 312
421 312
424 312
427 312
430 312
433 312
436 312
441 312
444 312
448 312
451 312
455 311
459 312
463 311
466 311
469 312
469 309
470 307
471 304
471 301
472 299
472 296
473 293
474 290
474 287
475 283
475 279
475 276
475 273
475 270
475 265
475 261
476 259
476 254
476 250
476 247
477 245
477 241
477 236
477 232
477 227
477 223
477 220
478 216
478 212
478 208
478 204
478 201
478 197
479 195
479 191
479 187
480 183
480 179
480 176
480 172
481 169
481 166
481 162
481 159
481 156
484 156
487 156
490 156
493 156
496 155
500 155
503 155
507 155
511 155
516 155
520 155
524 155
528 155
530 156
535 156
539 156
543 156
545 157
549 157
552 157
555 157
558 157
560 158
561 160
560 163
560 166
560 169
560 172
560 175
560 178
559 182
559 185
559 189
558 192
558 196
557 200
557 204
556 209
556 213
555 217
555 221
555 225
555 228
554 230
554 235
554 239
553 242
553 246
553 249
552 254
552 259
551 261
551 264
550 269
550 274
549 276
549 279
548 284
548 287
547 292
547 297
546 299
545 304
545 309
544 311
543 316
543 320
542 322
542 325
541 329
541 333
540 335
540 338
539 342
538 346
538 350
537 353
536 355
535 359
535 362
534 364
534 367
533 369
532 371
530 372
527 372
524 372
520 372
517 372
513 372
509 372
505 372
501 372
496 371
492 371
489 371
486 371
481 371
478 370
473 370
470 370
467 370
464 370
461 369
458 369
455 369
451 369
448 369
444 369
441 369
437 369
433 368
429 368
426 368
422 368
418 368
414 368
410 368
407 368
403 368
399 368
396 368
392 368
388 368
384 367
381 367
377 367
374 367
370 367
367 367
363 367
360 367
357 367
353 367
350 367
347 367
343 367
340 367
337 367
333 367
330 367
327 367
323 367
320 367
317 367
313 368
310 368
307 368
303 368
300 368
297 368
294 368
290 368
287 368
284 368
281 368
278 368
275 368
272 368
269 368
266 368
261 368
258 368
253 368
249 368
246 368
242 368
240 367
237 367
234 367
231 367
229 366
229 363
229 360
230 357
230 353
231 350
232 347
232 344
233 341
233 337
234 335
234 330
235 328
236 323
236 319
237 316
237 311
238 309
238 306
239 301
239 296
240 291
240 288
240 283
241 278
241 273
241 268
241 263
241 260
241 255
242 253
242 250
242 247
242 242
242 237
242 232
243 230
243 227
243 224
243 219
243 215
243 212
244 210
244 207
244 204
244 199
245 194
245 190
246 187
246 182
247 180
247 175
248 173
248 169
249 167
249 163
250 160
250 157
252 156
252 157
