485
240 73
244 73
245 73
246 73
247 73
249 73
250 73
252 73
254 73
255 73
257 73
259 72
261 72
264 72
266 72
268 72
270 72
272 72
274 71
277 71
279 71
281 71
283 71
285 71
288 71
290 71
292 71
294 71
296 70
299 70
301 70
303 70
305 70
308 69
310 69
312 69
314 69
316 68
317 68
320 68
321 68
323 68
325 68
327 68
328 68
330 68
331 68
332 68
333 68
334 68
335 68
336 68
336 69
337 69
337 70
338 70
338 71
339 72
340 72
340 73
341 73
342 74
342 75
343 75
344 76
345 77
346 78
348 78
348 79
349 81
350 82
351 83
352 84
353 85
354 85
355 86
356 87
357 88
358 89
359 90
360 91
362 92
363 92
364 93
365 94
366 95
367 96
368 97
370 98
371 99
372 100
373 102
374 103
376 104
377 105
378 106
379 107
380 108
381 109
383 110
384 111
385 112
386 113
387 113
388 114
389 114
390 115
391 116
392 116
393 117
394 118
395 118
395 119
396 119
396 120
396 121
397 121
397 122
397 123
397 124
397 125
397 126
397 127
397 128
398 129
398 130
398 131
398 132
398 133
398 134
399 135
399 136
399 137
399 138
399 139
399 140
400 141
400 142
400 143
400 144
400 146
400 147
400 148
400 149
400 151
400 152
400 153
400 155
400 156
400 157
400 158
401 159
401 160
401 161
401 162
401 163
401 164
401 166
401 167
401 168
401 170
401 171
401 173
401 174
401 175
401 177
401 178
401 179
401 180
401 181
402 181
402 182
401 183
401 184
402 185
402 186
402 187
402 188
402 189
402 190
402 191
402 192
403 192
402 192
403 192
402 192
402 193
401 194
401 195
400 195
400 196
400 197
399 197
399 198
399 199
398 199
398 200
397 200
397 201
396 202
395 203
394 203
394 204
393 204
392 205
391 206
390 207
389 208
388 209
387 210
386 210
385 211
384 212
384 213
383 214
382 214
381 215
380 216
379 218
378 219
377 220
376 221
375 222
374 223
372 224
371 225
370 225
368 226
367 227
365 228
364 229
362 230
361 231
359 232
358 233
357 234
356 235
354 236
353 237
352 239
351 240
350 241
349 241
348 242
347 243
347 244
346 244
345 245
345 246
344 246
343 246
344 246
343 246
342 246
341 246
340 246
339 246
338 246
337 246
336 247
335 247
334 247
333 247
332 247
330 247
329 247
327 247
326 247
324 247
322 247
321 247
319 247
317 247
315 247
313 247
311 247
309 247
307 248
305 248
302 248
300 248
298 248
295 248
293 248
291 248
289 248
287 248
284 248
282 248
280 248
278 248
276 248
273 248
271 249
269 249
267 249
266 249
264 249
262 249
261 249
259 249
258 249
257 249
255 249
254 249
253 249
252 250
251 250
251 249
250 249
249 248
248 248
248 247
247 247
247 246
246 246
245 245
244 244
243 243
242 242
241 241
240 239
239 238
238 237
237 236
236 234
234 233
233 232
231 231
230 230
229 229
227 227
226 226
225 225
223 224
222 223
221 221
220 220
219 218
217 217
216 216
215 214
213 213
212 212
211 211
210 210
208 208
207 207
206 207
205 206
204 205
203 204
202 203
201 203
201 202
200 202
199 201
199 200
198 200
198 199
197 199
197 198
197 197
197 196
196 196
196 195
196 194
196 193
196 192
196 191
196 190
196 189
195 188
195 187
195 186
195 185
195 184
195 183
194 182
194 181
194 180
194 179
194 178
194 177
194 176
194 174
193 173
193 172
193 170
193 169
193 167
193 166
193 165
193 163
193 162
193 161
192 160
192 158
192 157
192 156
192 155
192 154
192 153
191 151
191 150
191 149
191 147
191 146
191 145
191 144
191 143
190 143
190 142
190 141
190 140
190 139
190 138
190 139
190 138
190 137
191 137
191 136
192 135
193 134
194 133
195 132
195 131
196 130
196 129
197 128
198 127
199 126
199 124
200 123
201 122
202 121
203 120
204 119
205 117
206 116
208 115
209 115
210 113
211 112
212 111
213 110
215 109
216 108
217 107
218 105
219 104
220 103
222 101
223 100
224 99
225 98
226 97
227 96
229 95
230 94
231 93
232 92
233 92
234 91
235 90
236 89
237 89
238 88
239 87
240 87
241 86
241 85
242 85
243 84
243 83
244 83
245 83
245 82
245 83
245 82
245 83
245 82
246 82
247 82
248 81
