394
258 77
262 78
263 78
265 78
266 78
267 78
269 78
271 78
273 78
275 78
277 78
280 78
282 78
285 78
287 77
290 77
293 77
296 77
299 77
302 77
305 77
307 77
310 77
313 77
316 77
319 77
321 77
324 77
327 77
329 77
331 77
333 77
335 77
337 77
339 77
340 77
341 77
342 77
343 77
344 77
345 77
346 77
347 78
348 79
349 80
350 81
351 81
351 82
352 83
353 84
354 85
355 86
356 88
357 89
358 90
360 92
361 94
362 96
364 98
365 100
366 102
368 104
369 106
370 108
372 110
373 112
375 113
377 115
378 117
380 119
381 121
383 123
384 125
386 126
387 128
389 129
390 131
392 132
393 134
395 135
396 136
398 138
399 139
401 140
402 141
403 142
405 143
406 144
407 145
408 146
409 147
410 147
411 148
412 149
413 149
414 150
414 151
415 151
415 152
415 153
415 154
415 155
416 155
416 156
416 157
416 158
416 159
416 161
416 162
416 164
416 165
416 167
417 169
417 172
417 174
417 177
417 179
417 182
417 185
417 188
417 191
417 194
417 197
417 200
417 204
417 207
417 210
417 213
417 216
417 219
417 222
417 225
417 228
418 231
418 233
418 236
418 238
418 240
418 242
418 244
418 245
418 247
418 248
418 249
418 250
418 251
419 251
419 252
419 253
419 254
419 255
419 256
419 257
418 257
418 258
417 258
417 259
416 259
416 260
415 260
414 261
413 262
412 263
411 264
410 265
409 266
407 268
406 269
404 271
402 272
400 274
399 276
397 278
395 280
393 282
391 284
389 286
388 288
386 291
384 293
382 295
380 296
379 298
377 300
375 302
373 303
372 305
371 306
369 307
368 309
367 310
366 311
365 312
365 313
364 313
363 314
362 315
361 315
360 315
359 315
358 315
357 315
356 315
354 315
353 315
351 315
349 315
347 315
344 315
342 315
339 315
337 315
334 315
331 316
328 316
325 316
322 316
319 316
316 316
313 317
310 317
307 317
304 317
300 318
297 318
294 318
291 318
288 318
286 319
283 319
280 319
278 319
275 319
273 320
271 320
269 320
267 320
265 320
263 320
262 320
261 320
260 320
259 320
258 320
257 320
256 320
255 319
254 318
253 318
252 317
251 317
250 316
249 315
248 314
247 313
245 311
243 310
242 309
240 307
238 306
236 304
234 303
232 301
230 299
228 298
226 296
223 294
221 292
219 290
216 288
214 286
211 283
209 281
207 279
204 277
202 275
200 273
197 271
195 269
193 268
190 266
188 265
186 263
184 262
182 261
181 260
179 259
177 258
176 257
175 256
174 256
173 255
172 255
171 254
170 254
169 254
170 254
170 253
170 252
170 251
169 249
169 248
169 246
169 245
169 243
169 241
169 238
169 236
168 233
168 230
168 227
168 224
168 221
168 218
168 214
167 211
167 207
167 204
167 201
166 197
166 194
166 191
166 188
165 185
165 182
165 179
164 176
164 174
164 171
163 169
163 167
163 165
162 164
162 162
162 161
161 160
161 159
160 158
160 157
160 156
159 155
159 154
160 153
161 152
162 151
163 151
164 150
165 149
166 148
167 147
168 146
170 145
171 144
173 142
175 141
176 140
178 138
180 136
183 135
185 133
187 131
190 129
192 127
195 125
197 123
200 121
202 119
205 118
207 116
210 114
213 112
215 110
218 108
220 107
223 105
225 103
227 101
229 100
232 98
234 96
236 95
238 93
240 91
242 90
244 89
246 87
247 86
249 85
250 85
252 84
253 83
254 82
255 82
255 83
