479
230 68
235 68
236 68
237 68
239 68
240 68
242 68
244 68
246 68
248 68
250 68
252 68
255 68
257 68
260 68
262 68
265 68
268 68
271 68
274 68
277 68
281 68
284 68
287 68
290 68
293 68
296 68
299 68
301 68
304 68
306 68
308 68
310 68
312 68
313 68
315 68
317 68
318 68
320 68
321 68
322 68
323 68
324 68
325 68
326 68
327 68
327 69
328 70
329 71
330 72
330 73
331 73
331 74
332 74
333 75
333 76
334 76
335 77
336 78
337 79
338 80
339 81
340 82
341 83
342 84
344 85
345 86
346 87
347 88
349 89
350 90
351 91
353 92
354 93
356 94
357 95
358 96
360 98
361 99
363 100
364 101
366 103
368 104
370 106
371 107
373 108
374 110
375 111
377 111
378 112
379 113
381 114
382 115
383 116
384 117
385 117
386 118
387 119
388 120
389 120
389 121
390 121
391 122
391 123
392 123
392 124
392 125
392 126
392 127
392 128
392 129
393 130
393 131
393 132
393 133
393 134
393 135
393 136
393 137
393 138
393 139
394 141
394 142
394 143
394 144
394 146
394 147
394 149
394 150
394 152
395 153
395 154
395 156
395 157
395 158
395 160
395 161
395 162
396 163
396 165
396 166
396 168
396 169
396 171
396 172
396 174
396 175
396 177
396 178
396 180
396 181
396 182
396 183
396 185
396 186
396 187
396 189
396 190
396 191
396 193
396 194
396 196
396 197
396 198
396 199
396 200
396 201
396 202
396 203
396 204
396 205
396 206
397 206
396 206
397 206
396 206
396 207
396 208
395 208
395 209
394 210
393 211
392 212
391 213
390 214
389 215
389 216
388 216
388 217
387 218
386 218
386 219
385 220
384 221
383 221
383 222
382 223
381 224
380 224
379 225
378 226
377 226
376 227
375 228
374 228
373 229
372 230
371 230
370 231
369 232
368 233
366 234
365 235
364 235
363 236
361 237
360 239
359 240
358 241
356 242
355 243
354 244
353 245
352 245
351 246
350 247
349 248
348 248
348 249
347 249
346 249
346 250
345 250
346 250
345 250
344 250
343 250
342 250
341 250
340 250
339 250
338 250
337 250
335 250
334 250
333 250
331 250
330 250
328 250
326 250
325 250
323 250
321 250
319 250
317 250
315 250
313 250
311 250
309 250
307 250
305 250
303 251
301 251
299 251
297 251
295 251
293 251
291 251
289 251
287 251
285 251
282 251
280 252
278 252
276 252
273 252
271 252
269 252
267 253
265 253
263 253
261 253
260 253
258 253
256 253
254 253
252 253
251 253
249 253
248 253
246 253
245 253
244 253
243 253
242 253
242 252
241 252
241 251
240 251
239 250
238 250
237 249
236 249
235 249
234 248
233 247
232 247
231 246
230 245
228 244
227 243
226 243
225 241
224 240
223 239
221 238
220 237
219 236
218 235
217 233
216 232
215 231
213 230
212 229
210 228
209 227
208 227
206 226
205 225
203 224
202 223
201 221
199 220
198 219
197 218
196 217
194 215
193 214
192 213
190 212
189 211
188 210
186 210
185 209
184 208
183 207
182 207
182 206
181 206
181 205
180 205
179 205
179 204
178 204
178 203
178 202
178 201
177 200
177 199
177 198
177 197
176 196
176 195
176 194
176 193
176 191
175 190
175 189
175 188
175 187
175 186
175 184
175 183
175 182
175 181
175 180
174 178
174 177
174 176
174 174
174 172
174 171
174 169
174 168
174 166
174 165
174 164
174 162
174 161
174 160
174 159
174 158
174 156
174 155
174 154
174 152
174 151
174 150
174 148
174 147
174 146
174 144
174 143
174 142
174 141
174 140
174 139
174 138
175 138
175 137
175 136
175 135
175 134
174 134
174 133
175 133
175 132
176 132
176 131
177 131
177 130
178 129
179 128
180 127
180 126
181 125
182 124
183 123
183 122
184 121
185 120
186 119
187 118
188 117
190 116
191 115
192 114
193 113
194 112
195 111
196 110
197 109
198 107
199 106
200 105
202 103
203 102
204 101
205 99
206 98
208 97
209 96
211 95
212 94
213 93
214 92
216 91
217 90
218 89
219 88
220 87
221 86
222 85
223 85
224 84
225 83
226 82
227 81
227 80
228 80
229 79
230 78
230 77
231 77
231 76
230 76
230 77
230 76
230 77
