364
218 74
222 75
223 75
224 75
226 75
227 75
228 75
230 75
232 75
234 75
236 75
238 75
240 75
243 75
245 75
248 75
250 75
253 76
256 76
258 76
261 76
264 76
267 76
269 76
272 76
275 76
277 76
280 76
282 76
285 76
287 76
289 76
291 76
293 76
295 76
297 76
299 76
300 76
301 76
303 76
304 76
305 76
306 76
307 76
308 76
308 77
309 77
310 78
311 79
312 80
313 81
314 81
315 82
316 83
317 84
319 85
320 87
321 88
323 89
324 91
326 93
327 94
329 96
330 98
332 100
333 102
335 104
336 106
337 108
339 111
340 113
342 115
343 117
345 119
346 121
348 123
349 125
351 127
352 129
354 130
355 132
356 134
358 135
359 137
360 138
361 139
362 140
363 141
364 142
365 143
366 143
366 144
367 144
367 145
368 145
369 146
369 147
369 148
369 149
369 150
369 151
369 152
369 153
369 154
369 156
369 157
369 159
369 161
369 163
369 165
369 167
369 169
369 172
369 174
369 177
369 179
368 182
368 185
368 188
368 190
368 193
368 196
368 199
368 201
368 204
368 207
368 209
368 212
368 214
368 217
368 219
368 221
368 223
368 224
369 226
369 227
369 229
369 230
369 231
369 232
369 233
369 234
369 235
368 236
367 237
366 238
365 239
364 239
363 240
362 241
361 242
359 243
358 244
356 245
355 246
353 248
351 249
350 251
348 252
346 254
344 255
342 257
341 259
339 261
337 262
335 264
334 266
332 267
331 269
329 270
328 272
326 273
325 275
324 276
322 277
321 278
320 280
319 281
318 282
317 283
316 284
315 284
314 285
313 286
312 287
311 287
310 287
309 287
308 287
307 288
306 288
305 288
304 289
302 289
300 290
298 290
296 291
294 291
292 292
289 292
287 293
284 293
282 294
279 294
276 295
274 295
271 296
268 296
266 296
263 297
260 297
257 297
255 297
252 298
250 298
247 298
245 299
242 299
240 299
238 299
236 300
233 300
232 300
230 300
228 300
227 300
226 301
224 301
223 301
222 301
221 301
220 301
220 302
221 302
220 301
220 300
219 300
219 299
218 298
217 297
216 296
215 294
214 293
214 292
213 290
212 288
211 286
210 284
208 282
207 280
206 278
205 276
203 273
202 271
200 269
199 266
197 264
196 262
194 259
192 257
191 255
189 253
187 251
186 249
184 247
182 245
181 243
179 241
178 240
176 238
175 237
174 235
173 234
172 233
171 232
170 231
169 230
168 229
168 228
167 228
167 227
166 227
166 226
165 226
165 225
165 224
165 223
165 222
165 221
165 219
165 218
165 216
165 215
165 213
165 210
165 208
165 206
164 203
164 200
164 197
164 195
164 192
164 189
164 186
164 183
164 180
164 177
164 174
163 171
163 168
163 166
163 163
163 161
162 159
162 156
162 154
162 153
162 151
161 149
161 148
161 147
161 146
161 145
161 144
162 143
163 143
163 142
164 141
165 140
166 139
167 138
168 136
170 134
172 132
173 130
175 128
177 126
180 123
182 121
184 118
187 115
189 113
192 110
194 107
196 105
199 102
201 99
203 97
205 95
207 92
209 90
211 88
213 86
214 84
216 83
217 81
218 80
219 79
220 78
221 77
221 76
222 76
222 75
222 74
