367
197 62
201 63
202 63
203 63
204 64
205 64
206 64
208 64
209 64
211 64
213 64
216 64
218 64
221 64
224 64
226 64
229 64
233 64
236 64
239 64
243 64
247 64
250 64
254 65
258 65
261 65
265 65
269 65
272 65
275 65
279 65
282 65
285 65
287 65
290 65
292 66
295 66
297 66
298 66
300 66
301 66
302 66
303 66
304 66
305 67
306 67
306 68
307 68
307 69
308 69
308 70
309 71
310 71
310 72
311 74
312 75
313 76
314 78
315 79
317 81
318 83
319 85
321 87
322 89
324 91
325 93
327 95
329 97
330 100
332 102
334 104
335 107
337 109
339 111
340 113
342 115
344 117
346 118
348 120
349 122
351 123
353 125
354 126
356 127
357 128
358 129
359 130
360 131
361 132
362 133
363 133
363 134
364 134
364 135
364 136
364 137
363 138
363 139
363 140
363 141
363 143
363 144
363 146
363 147
363 149
364 151
364 154
364 156
364 158
364 161
364 164
364 166
365 169
365 172
365 175
366 178
366 181
366 184
367 186
367 189
367 192
368 195
368 198
368 200
368 203
368 205
369 207
369 209
369 211
369 213
369 215
369 216
369 218
370 219
370 220
370 221
370 222
370 223
370 224
369 224
368 225
367 226
366 227
365 228
364 229
363 230
362 232
360 234
359 236
357 238
355 240
353 242
352 244
350 246
348 249
346 251
344 254
342 257
340 259
338 262
337 265
335 268
333 270
332 273
330 275
329 278
327 280
326 283
325 285
323 287
322 289
321 291
320 293
319 294
318 296
318 297
317 298
317 299
316 299
316 300
316 301
315 301
315 300
314 300
313 300
312 299
311 300
310 300
309 300
308 300
307 300
305 300
303 300
301 300
299 301
296 301
294 301
291 302
288 302
285 303
282 303
279 303
276 304
273 304
270 305
267 305
263 306
260 306
257 307
254 307
251 307
248 307
245 307
242 307
239 307
236 307
234 307
232 307
230 307
228 307
226 307
224 307
223 307
221 307
220 307
219 307
218 307
217 307
216 307
215 307
214 307
214 306
213 306
212 305
211 304
210 304
209 303
208 302
207 301
205 300
204 299
202 298
201 297
199 295
197 294
195 292
192 290
190 289
187 287
185 285
182 283
179 281
176 279
174 277
171 275
168 273
165 271
162 269
160 267
157 265
154 263
152 261
149 259
147 258
145 256
143 254
141 253
139 252
138 251
136 250
135 249
134 249
132 248
131 247
130 247
129 247
130 247
129 246
129 245
129 244
129 243
129 242
129 241
129 240
129 238
129 236
129 234
129 232
129 229
129 226
129 223
128 220
128 217
128 213
128 209
128 206
128 202
127 198
127 194
127 190
126 186
126 183
126 179
125 175
125 172
124 168
124 165
123 162
122 159
122 156
121 154
120 151
120 149
119 147
119 145
118 143
118 142
118 140
117 139
117 138
117 137
116 137
116 136
116 135
117 134
118 133
118 132
119 132
120 131
121 130
122 128
123 127
125 125
127 123
129 121
131 119
134 117
136 114
139 112
142 109
145 106
148 104
151 101
154 98
158 95
161 92
164 90
167 87
171 84
174 82
177 79
180 77
182 75
185 72
188 70
190 68
192 66
194 65
196 64
197 62
199 61
200 60
201 60
201 59
202 59
202 58
201 58
