681
270 68
274 68
275 68
276 68
277 68
278 68
279 67
280 67
281 67
282 67
283 67
285 67
286 67
288 67
289 67
291 66
292 66
294 66
295 66
297 66
298 66
300 65
301 65
303 65
304 65
305 65
307 65
308 65
310 65
312 65
313 65
315 65
316 65
318 65
319 65
320 65
322 65
323 65
324 65
326 64
327 64
328 64
330 64
331 64
333 64
334 64
336 64
337 64
339 64
340 64
342 64
343 64
345 64
347 64
348 64
350 64
351 64
353 64
355 64
356 64
358 64
359 64
361 64
363 64
365 64
366 64
368 64
370 64
372 64
373 64
375 64
376 64
378 64
379 64
380 64
381 64
382 64
383 64
384 64
385 65
386 65
387 66
388 67
389 67
390 68
391 68
392 68
393 69
394 70
395 70
396 71
397 71
398 72
399 73
399 73
400 74
401 74
402 75
402 76
402 76
403 77
404 77
405 78
406 79
407 80
408 81
409 82
410 82
410 83
411 84
412 85
413 86
414 87
415 88
416 88
417 89
419 90
420 91
421 92
422 93
423 94
424 95
425 96
426 97
427 98
428 99
429 100
430 101
431 102
432 103
433 104
434 105
435 106
436 107
437 108
438 109
439 110
440 111
441 112
442 113
443 114
444 115
446 116
447 117
448 118
449 119
450 120
451 121
452 122
453 123
454 124
455 125
456 126
457 127
458 128
459 129
460 130
461 132
462 133
463 134
464 135
465 136
467 137
468 138
469 139
470 139
471 140
472 141
473 142
474 142
475 143
476 144
477 145
478 146
478 147
478 148
478 149
479 149
479 150
479 151
479 152
479 153
479 154
480 155
480 156
480 157
480 158
480 159
480 160
480 161
481 162
481 163
481 165
481 166
481 167
481 168
481 169
481 170
481 171
481 172
481 173
481 175
481 176
481 177
482 178
482 179
482 180
482 181
481 183
481 184
481 185
481 186
481 188
481 189
481 190
481 192
481 193
481 194
480 196
480 197
480 198
480 199
480 201
480 202
479 203
479 205
479 206
479 207
479 209
478 210
478 212
478 213
478 215
478 216
477 217
477 219
477 220
477 221
477 223
477 224
477 225
477 227
477 228
476 229
476 231
476 232
476 233
476 234
476 236
476 237
476 238
476 239
476 240
475 240
475 241
475 242
475 243
475 244
475 245
475 246
475 247
474 247
474 248
474 249
473 249
473 250
472 251
472 252
471 253
471 254
470 254
470 255
469 256
468 257
468 258
467 258
466 259
465 260
465 261
464 262
463 263
463 264
462 265
462 266
461 267
460 268
459 269
458 270
458 271
457 272
456 273
455 274
454 275
453 276
452 277
452 278
451 279
450 280
449 281
448 282
447 283
446 284
445 285
444 286
443 287
442 289
441 290
440 291
439 292
438 293
438 294
437 295
436 297
435 298
434 299
433 300
433 301
432 301
431 302
430 303
429 304
429 305
428 306
427 307
426 308
425 309
424 310
423 311
422 312
421 313
420 314
419 315
418 316
417 317
416 318
415 319
414 320
413 321
412 322
411 322
410 323
409 324
409 325
408 326
407 327
406 327
406 328
405 328
405 329
404 329
403 329
402 329
401 329
400 329
400 330
399 330
398 330
397 330
395 330
394 330
393 330
392 330
390 330
389 330
388 331
386 331
385 331
384 331
382 331
381 331
380 331
378 331
377 331
375 331
374 332
372 332
371 332
369 332
367 332
366 333
364 333
362 333
360 333
359 333
357 334
355 334
354 334
352 334
351 334
349 334
347 334
346 334
344 335
343 335
341 335
339 335
338 335
336 335
334 335
333 336
331 336
329 336
328 336
326 336
325 337
323 337
322 337
320 337
318 337
317 338
315 338
313 338
312 338
310 338
309 338
307 338
306 338
305 339
303 339
302 339
301 339
300 339
299 339
297 340
296 340
295 340
294 340
293 340
292 340
291 340
290 339
289 339
289 338
288 338
287 337
286 337
286 336
285 336
284 335
283 334
282 334
281 333
281 332
280 331
279 330
278 330
277 329
276 328
275 327
274 326
273 325
272 324
271 324
270 323
269 322
268 321
267 320
266 319
265 318
264 316
263 315
262 314
260 313
259 312
258 311
257 310
256 309
255 308
254 308
253 307
252 306
251 305
250 304
249 303
248 302
247 301
246 301
245 300
244 299
243 298
242 297
240 296
239 296
238 295
237 294
236 293
235 292
234 291
233 290
231 290
230 289
229 288
228 287
227 286
226 285
224 285
223 284
222 283
221 282
220 282
219 281
218 280
217 279
216 278
215 278
214 277
213 276
212 275
211 275
211 274
210 274
209 273
208 273
208 272
207 272
207 271
206 271
206 270
206 269
205 269
205 268
205 267
205 266
204 265
204 264
204 263
204 262
204 261
204 260
204 259
204 258
204 256
204 255
204 254
204 253
204 251
204 250
204 249
204 247
205 246
205 245
205 243
205 242
205 241
205 239
205 238
205 237
206 235
206 234
206 233
206 231
206 230
206 229
206 228
206 226
206 225
206 224
206 223
206 221
206 220
207 219
207 217
207 216
207 215
207 213
207 212
207 210
207 209
207 208
207 206
207 205
207 203
207 202
207 201
207 199
207 198
207 196
207 195
207 194
207 192
207 191
207 190
207 188
207 187
207 185
207 184
207 182
207 181
207 179
207 178
207 177
207 175
207 174
207 173
207 171
207 170
207 169
207 168
207 167
207 166
206 165
206 164
206 163
206 162
206 161
206 160
206 159
206 158
206 157
206 156
207 155
208 154
208 153
209 152
209 151
210 150
211 149
212 148
213 147
213 146
214 145
215 144
216 142
217 141
218 140
219 139
221 137
222 136
223 134
224 133
225 131
226 130
228 128
229 127
230 126
232 124
233 123
235 121
236 120
238 118
239 117
241 115
242 114
244 112
245 111
247 109
248 108
249 106
251 105
252 103
253 102
254 100
255 99
256 98
257 97
258 95
259 94
260 93
261 92
262 91
263 89
264 88
265 87
266 86
267 85
267 84
268 84
268 83
269 82
269 81
270 80
270 79
271 79
271 78
272 77
273 76
273 75
274 75
275 74
275 73
275 73
