277
329 131
332 130
335 130
338 130
341 130
344 130
348 130
351 130
354 130
357 130
360 130
363 129
366 129
370 129
373 128
376 128
380 128
383 128
386 128
389 128
392 128
395 127
398 127
401 127
404 127
407 127
410 127
413 126
416 126
420 126
423 126
426 126
429 126
432 126
434 127
436 128
437 130
439 132
440 134
442 135
444 137
446 139
448 141
450 143
452 145
454 147
456 149
458 152
460 154
462 156
463 158
465 160
467 162
469 164
471 166
473 168
474 171
476 173
477 175
479 177
480 179
482 182
484 184
485 186
487 188
489 190
491 191
492 193
493 195
493 198
493 201
493 204
493 208
493 211
493 214
493 217
493 220
493 223
493 226
492 228
492 231
492 234
492 237
492 240
492 243
491 246
491 249
491 253
491 256
491 259
491 263
491 266
491 269
491 272
490 274
490 277
490 280
490 283
490 286
490 289
489 291
488 293
486 295
484 297
482 298
480 299
478 301
476 302
473 304
471 306
469 307
467 308
465 310
463 312
460 313
458 315
456 316
454 318
452 319
450 321
448 323
446 324
444 325
442 326
439 328
437 329
435 331
433 332
431 333
429 335
427 336
425 338
423 339
421 341
419 342
417 343
415 344
412 344
409 345
406 345
403 345
400 345
396 345
393 346
390 346
387 346
384 346
381 347
378 347
375 347
372 347
369 347
366 347
363 347
360 347
357 347
354 347
351 348
348 348
345 348
342 348
339 348
336 348
333 348
330 348
327 348
324 348
321 348
318 348
315 348
312 348
309 349
307 347
305 346
304 344
302 342
300 340
299 338
297 336
295 334
293 332
292 330
290 329
288 327
287 325
285 324
283 322
281 320
280 318
278 316
276 314
275 312
273 310
271 308
269 306
268 304
266 303
265 301
263 299
261 297
260 295
258 293
256 292
255 290
253 289
252 287
250 286
248 285
247 283
247 280
247 277
247 274
247 271
247 268
246 265
246 262
246 259
246 255
246 252
246 249
246 245
246 242
246 238
246 235
246 232
246 229
247 226
247 223
247 220
248 217
248 214
249 212
249 209
250 205
250 202
250 199
251 196
251 193
252 191
253 189
255 188
256 186
258 185
260 183
263 181
264 179
267 177
269 176
272 174
275 172
278 170
281 168
282 166
285 164
288 162
290 160
292 159
294 158
297 156
298 154
300 153
302 152
304 151
305 149
307 148
309 147
312 145
315 143
317 141
319 139
321 138
323 137
325 136
327 135
329 133
331 132
333 131
