378
252 79
266 79
269 79
272 79
275 78
278 78
282 78
286 78
290 77
294 77
298 76
302 76
305 76
309 76
313 75
316 75
320 75
323 75
326 75
329 75
331 75
334 75
336 74
338 74
339 74
341 74
342 74
343 74
344 74
345 74
346 74
347 74
347 73
347 74
348 74
349 74
350 74
351 75
352 75
353 75
353 76
354 76
355 77
356 77
358 78
359 79
360 80
362 82
363 83
365 85
366 86
368 88
369 89
371 91
373 92
375 94
376 96
378 97
380 99
381 101
383 102
385 104
386 106
388 108
390 110
391 111
393 113
395 115
397 117
398 119
400 121
402 123
403 125
405 127
406 128
408 130
409 132
411 133
412 135
414 136
415 138
416 139
417 140
419 141
420 142
421 143
422 144
423 145
424 146
425 147
426 148
427 148
427 149
428 149
428 150
429 150
430 151
431 152
431 153
431 154
431 155
431 156
431 157
431 158
431 160
431 161
432 164
432 166
432 168
432 171
432 174
433 177
433 180
433 183
433 187
433 190
433 194
433 198
434 202
434 205
434 209
434 212
434 216
434 219
435 222
435 225
435 228
435 230
436 232
436 235
436 237
436 239
436 241
436 242
436 244
437 246
437 247
437 249
437 250
437 251
437 252
437 253
437 254
437 255
437 256
436 256
436 257
435 257
435 258
434 258
433 259
432 260
431 261
430 262
428 263
427 264
426 265
424 266
422 267
421 269
419 270
417 272
415 274
413 276
410 278
408 279
406 281
404 283
402 285
400 287
398 289
396 291
394 292
392 294
391 296
389 298
387 299
386 301
384 303
383 304
381 305
380 307
379 308
378 308
377 309
376 310
375 310
374 311
373 312
372 313
371 314
371 315
370 315
370 316
369 316
368 316
367 316
366 316
365 316
364 316
363 317
362 317
361 317
359 317
357 316
355 316
353 316
350 316
347 316
344 316
341 315
337 315
334 315
330 315
327 315
323 315
319 315
315 316
311 316
307 316
303 316
299 316
295 316
291 316
287 316
284 317
280 317
277 317
274 317
271 318
268 318
266 318
263 318
261 318
259 319
258 319
256 319
255 319
254 319
253 319
252 319
251 319
251 320
250 320
249 320
248 320
247 320
247 319
246 319
246 318
245 317
245 316
244 316
243 315
243 314
242 313
241 312
240 311
238 309
237 307
235 305
233 303
231 300
229 297
227 294
224 291
222 288
220 285
217 282
215 278
213 275
211 271
209 268
207 264
205 260
203 257
201 253
199 250
197 247
195 245
194 242
192 240
190 238
189 236
188 235
187 233
186 232
185 231
184 230
184 229
183 228
183 227
182 227
182 226
182 225
182 224
182 223
182 222
182 221
182 220
182 219
182 218
182 216
182 215
182 213
182 211
181 208
181 205
181 202
181 198
181 194
181 190
181 186
181 181
181 177
181 172
181 168
181 164
181 161
181 158
181 155
181 153
181 150
181 148
181 146
181 144
181 143
181 141
181 140
181 139
181 138
181 137
181 136
181 135
181 134
181 133
182 133
182 132
183 132
183 131
184 131
184 130
185 129
186 129
187 128
188 127
190 126
192 124
194 123
196 121
199 119
202 118
205 116
209 113
212 111
216 109
220 107
224 105
228 103
232 101
235 99
239 97
242 95
245 93
248 91
251 90
253 88
255 87
257 86
258 85
260 84
261 83
262 83
263 82
264 82
265 82
266 81
266 79
