439
217 53
220 52
221 52
222 52
223 52
224 52
225 53
227 52
229 52
231 52
233 52
235 52
238 52
240 52
242 52
245 51
247 51
249 51
251 51
254 51
256 51
258 51
261 51
264 50
266 50
269 50
271 50
274 50
276 49
279 49
281 49
283 49
285 49
286 49
288 49
289 48
291 48
292 48
293 48
294 48
294 49
295 50
296 50
296 51
297 52
298 52
298 53
299 53
300 54
300 55
301 55
302 56
303 57
304 58
305 59
306 60
307 61
308 62
309 63
310 64
311 65
312 65
313 66
314 67
315 68
316 69
317 70
319 71
320 72
321 73
322 74
324 75
325 76
326 78
327 79
329 80
330 81
331 83
332 84
333 85
334 86
336 87
337 88
338 89
339 91
341 92
342 93
344 94
345 95
347 96
348 97
350 98
351 99
353 100
354 102
355 103
356 104
357 105
358 106
359 107
360 108
361 109
362 110
363 111
363 112
363 113
363 114
363 115
363 116
363 117
363 118
363 119
364 120
364 121
364 122
364 124
364 125
364 127
364 128
365 130
364 131
365 133
365 134
365 136
365 137
365 139
365 140
365 142
365 144
365 145
365 147
365 149
365 151
366 153
366 155
366 157
366 159
366 160
366 162
366 164
366 166
367 168
367 170
367 172
367 174
367 176
367 178
367 180
367 181
367 183
367 185
367 186
367 188
367 190
367 192
367 193
367 195
367 197
367 198
367 200
367 201
367 202
367 203
367 204
367 205
367 206
367 207
368 207
368 208
368 209
367 209
366 210
365 210
365 211
364 211
363 212
362 213
361 213
360 214
359 215
358 216
357 217
356 218
355 219
354 220
353 221
352 222
351 223
350 224
348 225
347 226
345 227
343 228
341 229
340 230
338 231
336 232
334 233
333 234
331 235
329 236
327 238
325 239
323 241
321 242
319 243
317 245
315 246
313 247
311 248
310 249
308 250
306 251
305 252
303 253
302 253
300 254
299 255
298 256
297 256
296 257
295 257
294 258
293 258
292 258
291 258
290 258
289 258
288 258
287 258
286 258
285 258
284 259
283 259
281 259
279 259
278 259
276 259
274 259
272 259
270 260
268 260
266 260
264 260
262 260
259 261
257 261
255 261
252 261
250 262
247 262
245 262
243 262
240 263
238 263
235 263
233 263
231 264
228 264
226 264
224 264
222 265
220 265
218 265
216 265
214 266
213 266
211 266
210 266
208 266
207 266
206 267
205 267
204 267
203 267
202 267
201 267
200 266
199 265
198 264
197 263
197 262
196 261
196 260
195 260
195 259
194 258
193 257
192 256
192 255
191 254
190 253
189 252
188 251
186 250
185 249
184 248
183 246
182 245
181 243
180 241
179 240
177 238
176 236
175 234
174 233
173 231
171 230
170 228
168 227
167 225
165 224
164 223
163 222
161 220
160 219
159 217
158 216
157 215
156 214
155 212
154 211
153 211
153 210
152 209
152 208
151 208
151 207
151 206
151 205
151 204
150 203
150 202
150 201
150 200
150 199
150 198
150 197
150 196
150 194
149 193
149 191
149 190
149 188
149 187
149 185
149 184
149 182
148 180
148 179
148 177
148 175
148 172
148 170
148 168
148 166
148 164
147 162
147 160
147 158
147 156
147 153
147 151
147 149
146 147
146 145
146 143
146 141
146 139
146 137
146 135
145 133
145 131
145 129
145 127
145 125
145 124
144 122
144 121
144 120
144 118
144 117
144 116
143 115
143 114
144 114
144 113
145 113
146 112
147 112
147 111
148 111
149 110
150 109
151 108
152 107
153 106
153 105
154 104
155 103
156 102
156 101
157 100
159 99
160 98
161 97
162 96
164 95
165 93
167 92
168 91
170 90
171 89
173 88
174 87
176 85
177 84
179 83
180 81
182 80
184 78
186 77
187 76
189 75
191 73
192 72
194 71
196 70
197 69
199 68
200 68
201 67
202 66
203 66
204 65
205 64
206 63
206 62
207 62
