707
253 73
257 72
258 72
259 71
260 71
261 71
262 71
263 71
264 71
265 71
266 71
267 71
268 71
270 71
271 70
272 70
274 70
275 70
277 70
278 70
280 70
282 70
283 70
285 69
287 69
289 69
291 69
293 69
294 69
296 69
298 69
300 69
301 69
303 68
304 68
306 68
308 68
310 68
311 68
313 68
315 68
317 68
318 68
320 68
322 67
324 67
325 67
327 67
329 67
331 67
333 67
334 67
336 67
338 67
340 67
342 67
344 67
346 67
348 67
350 66
351 66
353 66
355 66
357 66
359 66
361 66
363 66
365 66
367 66
369 66
371 66
373 66
375 66
377 66
379 66
381 66
383 66
385 66
386 66
388 66
389 66
390 66
391 66
392 66
393 66
393 67
394 67
394 68
395 68
395 69
396 69
397 70
397 71
398 71
399 72
400 73
401 73
401 74
402 75
403 76
404 77
405 78
406 79
407 80
408 81
409 82
411 83
412 84
413 85
414 86
415 87
416 88
417 89
418 90
419 91
420 92
421 93
422 94
423 95
424 96
425 97
426 99
427 100
428 101
429 102
430 103
431 104
432 106
433 107
434 108
435 109
436 110
437 112
438 113
439 114
440 115
441 116
442 117
444 118
445 119
446 120
447 122
449 123
450 124
451 125
452 126
453 127
455 128
456 129
457 130
458 131
460 133
461 134
462 135
464 136
465 137
466 138
467 139
469 141
470 142
471 143
473 144
474 145
475 146
476 147
477 148
478 149
479 150
480 151
481 152
482 153
482 154
483 154
483 155
483 156
483 157
483 158
483 159
484 160
484 161
484 163
484 164
484 165
484 166
484 167
485 168
485 169
485 170
485 171
485 172
485 173
485 174
485 175
485 176
485 177
485 178
485 180
485 181
485 182
485 183
485 184
485 185
485 186
485 187
485 188
485 190
485 191
485 192
485 193
485 194
485 195
485 196
485 197
484 198
484 199
484 200
484 202
484 203
484 204
484 205
484 206
484 207
484 208
484 209
484 211
484 212
484 213
484 214
485 216
485 217
485 218
485 219
485 220
485 222
485 223
485 224
485 225
485 226
485 227
485 229
485 230
485 231
485 232
485 234
485 235
485 236
485 238
485 239
484 241
484 242
484 244
484 245
484 246
484 247
484 249
484 250
484 251
484 252
484 253
484 254
484 255
484 257
484 258
484 259
484 260
484 261
484 262
484 263
483 264
483 265
482 266
482 267
481 268
480 268
480 269
479 270
478 271
477 272
477 273
476 274
475 275
474 276
473 277
472 278
471 279
470 280
469 281
467 282
466 283
465 284
464 285
463 286
463 287
462 288
461 289
460 289
459 290
458 291
457 292
456 293
456 294
455 295
454 296
453 297
452 298
451 299
450 300
449 301
449 302
448 303
447 304
446 305
445 306
444 307
443 308
442 309
441 310
440 310
439 311
438 312
437 313
437 314
436 315
435 316
434 317
433 318
432 320
431 321
431 322
430 323
429 324
428 325
427 326
426 327
425 328
424 330
424 331
423 332
422 333
421 334
420 335
419 336
418 337
417 339
416 340
415 341
414 342
413 344
412 345
412 346
411 347
410 348
410 349
409 350
409 351
408 351
408 352
407 353
407 354
406 354
405 354
404 354
403 354
402 354
401 354
400 354
399 354
397 354
396 353
395 353
393 353
392 353
390 353
389 353
387 353
386 353
384 353
383 353
381 353
380 353
378 353
377 353
375 353
374 354
372 354
371 354
369 354
368 354
366 354
364 354
363 355
361 355
360 355
358 355
357 355
355 355
354 355
353 356
351 356
349 356
348 356
346 356
345 356
343 357
341 357
340 357
338 357
336 357
335 357
333 357
332 357
330 358
329 358
327 358
326 358
324 358
323 358
322 358
320 358
319 358
318 358
316 359
315 359
313 359
312 359
310 359
309 359
307 359
306 360
304 360
303 360
302 360
300 360
299 361
297 361
296 361
294 361
292 361
291 362
289 362
288 362
286 362
284 363
283 363
281 363
280 363
279 363
278 364
277 364
276 364
275 364
274 364
274 363
273 363
273 362
272 362
271 362
271 361
270 361
269 360
269 359
268 359
267 358
266 357
265 356
264 355
263 355
261 354
260 353
259 352
257 351
256 350
255 349
253 348
252 347
251 346
250 345
248 344
247 343
246 341
245 340
244 339
242 338
241 337
240 336
239 335
237 334
236 333
235 331
233 330
232 329
231 328
229 327
228 326
227 324
226 323
224 322
223 321
222 320
221 318
220 317
218 316
217 315
216 314
215 313
213 312
212 311
211 310
210 308
208 307
207 306
206 305
204 304
203 303
201 302
200 301
199 300
197 299
196 298
195 297
193 296
192 295
191 294
190 293
189 292
187 291
186 290
185 289
184 288
183 287
182 286
181 285
180 285
179 284
178 283
177 282
176 282
176 281
176 280
176 279
176 278
176 277
176 276
176 275
176 274
176 273
176 272
176 271
176 269
176 268
176 267
176 265
175 264
175 262
175 261
175 260
175 258
174 257
174 256
174 254
174 253
173 252
173 250
173 249
173 247
173 246
173 244
173 243
173 241
173 240
172 238
172 237
172 235
172 233
172 232
172 230
172 229
172 227
172 226
172 225
172 223
172 222
172 220
173 219
173 217
173 216
173 214
173 213
173 211
173 210
173 208
173 207
173 206
173 204
173 203
173 201
173 200
173 199
173 197
174 196
174 195
174 193
174 192
174 190
174 189
174 188
174 186
174 185
174 183
174 182
174 181
174 179
175 178
175 177
175 175
175 174
175 173
175 171
175 170
175 169
175 168
175 167
175 165
175 164
175 163
175 162
175 161
175 160
175 159
175 158
175 157
175 156
175 155
175 154
176 153
176 152
177 152
177 151
178 150
179 150
180 149
181 148
182 147
183 145
184 144
185 143
187 142
188 140
189 139
191 138
192 136
193 135
195 134
196 132
198 131
199 130
200 128
202 127
203 126
205 124
206 123
208 122
210 120
211 119
213 118
214 116
216 115
218 114
219 112
221 111
223 109
225 108
227 106
228 105
230 103
232 102
234 100
235 99
237 98
238 97
240 95
241 94
242 93
244 92
245 91
246 90
247 88
249 87
249 87
250 86
251 85
252 84
253 83
253 83
254 83
255 82
256 81
257 80
258 80
259 79
260 78
261 78
262 78
262 77
263 77
264 78
264 78
