660
250 73
256 73
257 73
258 73
259 73
261 73
262 73
264 73
266 73
268 73
269 73
271 73
274 72
276 72
278 72
280 72
282 72
285 72
287 72
289 72
291 72
294 72
296 72
298 72
300 72
302 72
304 72
306 72
308 73
310 73
312 73
314 73
316 73
318 73
320 73
322 73
324 73
326 73
328 73
330 73
333 73
335 73
337 73
339 73
341 73
343 73
345 73
347 73
349 73
351 73
353 72
355 72
357 72
359 72
362 72
364 72
366 72
368 71
371 71
373 71
376 71
378 71
380 70
382 70
384 70
386 70
388 70
389 69
390 69
391 69
392 69
393 69
394 69
394 70
395 71
396 71
396 72
397 72
397 73
398 74
399 74
399 75
400 76
401 76
402 77
403 78
404 79
405 80
405 81
406 81
407 82
408 83
409 84
410 85
411 86
412 87
413 88
414 89
415 90
416 90
417 91
418 92
419 93
420 94
421 95
422 96
423 97
424 98
425 99
426 100
427 101
428 102
429 102
430 104
432 105
433 106
434 107
435 108
436 109
437 110
438 111
439 112
440 113
442 114
443 115
444 116
446 117
447 118
448 119
450 120
451 121
452 122
454 123
455 125
456 126
458 127
459 128
460 129
462 131
463 132
465 133
466 134
467 136
469 137
471 138
472 139
474 141
475 142
477 143
478 144
479 145
480 146
482 147
483 148
484 149
485 150
486 151
487 151
488 152
488 153
488 154
488 155
488 156
488 157
488 158
488 159
488 160
488 162
488 163
489 164
489 165
489 167
489 168
489 169
489 171
489 172
489 174
490 175
490 176
490 178
490 179
490 181
490 182
491 184
491 185
491 186
491 188
491 189
491 190
491 192
491 193
491 194
491 195
492 196
492 198
492 199
492 200
492 201
492 202
492 203
492 204
492 205
493 207
493 208
493 209
493 210
493 211
493 213
493 214
493 215
494 216
494 217
494 219
494 220
494 221
494 222
494 224
494 225
494 226
494 228
494 229
494 231
495 232
495 234
495 235
495 237
495 238
495 240
495 241
495 243
495 244
495 245
495 247
496 248
496 249
496 250
496 251
496 252
496 253
496 254
496 255
495 256
495 257
494 257
494 258
493 259
492 260
491 261
491 262
490 263
489 264
489 265
488 266
487 267
487 268
486 270
485 271
484 272
484 273
483 274
482 275
481 276
480 277
479 279
479 280
478 281
477 282
476 283
474 285
473 286
472 287
471 288
470 290
469 291
467 292
466 293
465 295
464 296
463 297
462 299
461 300
459 301
458 302
457 304
456 305
455 306
453 307
452 309
451 310
450 311
448 312
447 314
446 315
445 316
443 318
442 319
441 321
440 322
439 323
438 325
437 326
436 327
434 329
433 330
432 331
431 333
430 334
429 336
428 337
427 338
425 340
424 341
423 342
422 344
421 345
420 347
418 348
417 349
416 350
415 351
414 352
414 353
413 353
413 354
412 354
411 354
410 354
409 354
408 354
407 354
406 354
405 354
404 355
402 355
401 355
399 355
397 355
396 356
394 356
392 356
390 356
388 357
386 357
384 357
382 357
381 357
379 358
377 358
375 358
373 358
372 358
370 359
368 359
366 359
364 359
363 359
361 359
359 359
357 359
356 360
354 360
352 360
350 360
349 360
347 360
345 360
343 360
341 361
339 361
337 361
335 361
333 361
331 362
329 362
327 362
325 362
323 362
321 363
319 363
317 363
315 363
313 363
311 363
309 363
307 363
305 364
303 364
301 364
299 364
298 364
296 364
294 364
292 364
290 364
288 364
287 364
285 364
284 365
282 365
281 365
279 365
278 365
277 365
276 365
275 365
274 365
274 364
273 364
273 363
272 363
272 362
271 362
271 361
270 360
269 360
269 359
268 358
267 357
266 356
266 355
265 354
263 353
262 352
261 351
260 350
259 349
258 348
256 347
255 346
254 345
253 344
252 343
250 342
249 341
248 340
247 339
246 338
244 337
243 336
242 335
241 334
240 333
238 332
237 331
236 330
235 329
234 328
232 327
231 326
230 325
228 324
227 324
226 323
224 322
223 321
221 320
220 319
218 318
217 317
216 316
214 315
213 314
211 313
210 312
208 312
207 311
205 310
203 309
202 308
200 307
199 306
197 305
196 304
194 303
193 302
192 301
190 300
189 298
188 297
186 296
185 295
184 294
183 293
182 292
181 291
179 290
178 290
178 289
177 288
176 287
175 287
175 286
174 286
174 285
173 285
173 284
172 284
172 283
171 283
171 282
171 281
171 280
171 279
171 278
171 277
171 275
171 274
171 273
171 271
171 270
171 268
171 266
170 265
170 263
170 261
170 259
170 257
170 256
170 254
170 252
170 251
169 249
169 247
169 246
169 244
169 242
169 240
169 238
169 236
168 235
168 233
168 231
168 229
168 228
168 226
168 224
168 223
168 221
168 219
168 218
168 216
169 215
169 213
169 211
169 210
169 208
169 207
169 205
169 204
169 202
169 201
169 199
169 198
169 197
169 195
169 194
169 193
169 191
169 190
169 188
169 187
169 185
169 184
169 182
169 181
169 179
169 178
169 177
169 175
169 174
169 172
168 170
168 169
168 167
168 166
168 164
168 162
168 161
168 159
168 158
168 156
168 155
168 154
168 152
168 151
168 150
168 149
168 148
168 147
168 146
168 145
167 145
167 144
168 143
168 142
169 142
170 141
170 140
171 139
173 138
174 137
175 136
177 135
178 133
180 132
182 131
183 129
185 128
186 127
188 126
189 124
191 123
192 122
194 121
195 119
196 118
198 117
199 116
200 115
202 114
203 113
205 112
206 111
208 110
209 109
211 108
212 107
214 106
215 105
217 103
218 102
220 101
221 100
223 99
225 98
226 97
228 96
229 95
231 94
232 93
234 92
235 91
237 90
238 89
239 88
241 87
242 86
243 86
244 85
245 84
246 84
246 83
247 83
248 82
249 81
250 80
251 80
252 80
253 80
253 80
