305
315 116
319 115
322 115
325 115
329 115
332 115
335 115
339 115
342 115
345 115
348 115
350 114
354 114
357 114
361 114
364 114
367 114
370 114
373 113
376 113
380 113
383 113
386 112
389 112
392 112
395 112
398 112
402 112
405 112
408 113
410 115
412 117
414 119
415 121
417 122
418 124
420 126
422 128
423 130
425 132
427 133
428 135
430 137
432 139
433 141
435 143
437 145
439 147
441 149
443 151
445 154
448 156
450 158
452 160
454 162
456 163
458 165
461 167
463 169
466 171
467 173
469 175
471 177
473 179
475 180
476 182
478 183
480 184
482 185
484 187
486 188
487 190
488 192
489 194
489 197
490 199
490 202
490 205
490 208
490 211
490 214
489 216
489 219
489 222
489 225
489 228
489 231
489 235
489 238
489 241
489 244
489 247
489 250
488 252
488 256
488 260
488 263
488 266
488 270
488 274
488 278
488 281
488 284
487 287
487 291
487 294
487 297
487 300
486 302
484 304
483 306
481 308
479 310
478 312
477 314
475 316
474 318
472 320
470 322
469 324
467 326
466 328
464 329
462 331
461 334
459 336
457 338
455 340
453 342
452 344
450 346
448 348
446 350
444 353
443 355
441 357
439 359
438 361
436 363
434 364
433 366
431 368
430 370
428 371
426 372
424 373
421 373
418 373
415 374
412 374
409 374
406 374
403 374
400 374
397 374
394 374
390 374
387 374
384 374
381 374
378 374
375 375
372 375
369 375
366 375
363 376
360 376
357 376
353 376
351 377
348 377
344 377
340 377
337 378
333 378
330 378
326 378
323 379
320 379
317 379
314 379
311 379
309 378
307 376
305 374
303 372
301 370
299 369
297 367
296 365
294 363
292 361
290 359
288 357
286 356
285 354
283 352
281 350
279 349
278 347
276 345
274 344
272 342
270 340
268 338
266 336
264 334
262 332
260 330
258 328
256 327
254 325
252 323
250 321
248 320
246 319
244 317
241 316
239 315
237 313
235 312
233 311
231 310
229 309
228 307
228 304
228 301
229 299
229 296
229 293
229 290
229 287
229 284
229 281
229 278
229 275
229 272
229 269
229 266
229 263
230 260
230 256
230 253
231 251
231 248
231 245
231 241
232 237
232 234
232 231
232 228
232 225
232 222
231 219
231 215
231 211
231 208
232 206
232 203
232 200
231 196
231 193
231 190
231 187
232 185
233 183
234 181
236 179
238 177
240 174
242 173
244 170
246 169
248 168
251 165
254 163
256 160
258 159
260 157
263 155
264 153
267 151
269 149
271 147
274 145
275 143
277 142
280 140
282 138
285 136
287 134
289 133
291 131
293 130
296 127
298 125
300 124
303 122
305 121
307 119
309 118
311 117
313 116
315 115
316 115
