708
266 65
271 64
272 64
273 64
274 64
275 64
276 64
277 64
278 64
280 64
281 64
282 64
284 64
285 64
287 64
289 64
290 64
292 64
293 64
295 64
296 64
298 64
299 64
301 64
302 64
304 64
305 64
307 64
308 64
310 64
311 64
312 64
314 64
315 64
317 64
318 64
320 64
321 64
323 64
324 64
325 64
327 64
329 64
330 64
332 63
334 63
335 63
337 63
339 63
341 63
342 63
344 63
346 63
348 63
349 63
351 63
353 63
354 63
356 63
358 63
359 63
361 63
363 63
364 63
366 63
368 63
370 63
371 63
373 63
375 63
377 63
379 63
381 63
382 63
384 63
386 63
388 63
389 64
391 64
392 64
393 64
394 64
395 64
396 64
397 65
398 66
399 67
400 67
400 68
401 68
401 69
402 69
402 70
403 71
404 71
404 72
405 73
406 74
407 75
407 76
408 77
409 78
409 79
410 80
411 81
411 82
412 83
413 84
413 85
414 85
415 86
415 87
416 88
417 89
417 90
418 91
419 92
420 93
420 94
421 95
422 96
423 96
424 97
424 98
425 99
426 100
427 101
427 102
428 103
429 104
429 105
430 106
431 107
432 108
432 109
433 110
434 111
435 112
435 113
436 114
437 115
437 116
438 117
439 118
440 119
440 120
441 121
442 122
443 123
444 124
445 125
445 126
446 127
447 128
448 129
449 130
450 131
451 133
451 134
452 135
453 136
454 137
455 139
456 140
457 141
458 142
459 143
460 144
461 145
461 146
462 148
463 149
464 150
465 151
465 152
466 153
467 154
467 155
468 156
469 157
470 158
470 159
470 160
471 160
471 161
471 162
471 163
471 164
471 165
471 166
471 167
471 168
471 169
471 170
470 171
470 172
470 173
470 175
470 176
470 177
470 178
470 179
470 180
470 181
470 182
470 183
470 184
470 185
470 186
470 187
470 188
470 189
470 190
470 191
470 192
470 193
470 194
469 195
469 196
469 197
469 198
469 199
469 200
469 201
469 202
469 203
468 204
468 205
468 206
468 207
468 208
468 209
468 210
468 211
468 212
468 213
468 214
468 216
468 217
468 218
468 219
468 220
468 221
468 222
468 223
468 224
468 225
468 226
468 227
468 228
468 229
468 230
468 231
468 232
467 233
467 234
467 235
467 236
467 238
467 239
467 240
467 241
467 242
467 244
467 245
466 246
466 247
466 248
466 249
466 250
466 251
466 252
466 253
466 254
466 255
466 256
465 256
465 257
465 258
465 259
464 260
464 261
463 261
463 262
462 263
461 264
460 265
459 266
459 267
458 268
457 268
456 269
455 270
454 271
454 272
453 273
452 274
451 275
450 275
450 276
449 277
448 278
447 279
446 280
445 280
445 281
444 282
443 283
442 284
441 285
440 285
439 286
438 287
437 288
436 289
436 290
435 290
434 291
433 292
432 293
431 294
431 295
430 295
429 296
428 297
427 298
426 299
425 300
424 301
423 302
422 302
421 303
420 304
419 305
418 306
417 307
416 307
415 308
415 309
414 309
413 310
412 311
412 312
411 313
410 313
409 314
409 315
408 316
407 317
406 318
406 319
405 320
404 321
403 322
402 323
401 323
401 324
400 325
399 325
399 326
398 327
397 327
396 327
395 327
394 327
393 327
392 327
391 327
390 327
389 328
388 328
387 328
385 328
384 328
382 328
381 328
379 328
378 328
376 328
375 329
373 329
371 329
370 329
368 329
366 329
364 329
362 329
361 329
359 330
357 330
355 330
353 330
352 330
350 330
348 330
347 330
345 330
343 330
341 330
340 330
338 330
336 330
335 331
333 331
331 331
330 331
328 331
327 331
325 331
324 331
322 331
321 331
319 331
318 332
317 332
315 332
314 332
312 332
311 332
309 332
308 332
307 332
305 332
304 332
303 332
302 333
300 333
299 333
298 333
297 333
295 333
294 333
293 334
291 334
290 334
289 334
288 334
286 334
285 335
284 335
283 335
282 335
281 335
280 335
279 335
278 335
277 335
277 336
276 336
276 335
275 335
274 334
273 333
273 332
272 332
271 331
271 330
270 330
269 329
268 328
267 327
266 326
266 325
265 324
264 323
263 322
262 321
261 320
260 319
259 318
258 317
257 316
256 315
255 314
254 313
253 313
252 312
251 311
250 310
249 309
248 308
248 307
247 307
246 306
245 305
244 304
243 303
242 303
241 302
241 301
240 300
239 300
238 299
237 298
237 297
236 297
235 296
234 295
233 294
233 293
232 292
231 291
230 290
229 289
228 288
227 287
227 286
226 286
225 285
224 284
223 283
222 282
221 281
221 280
220 279
219 278
218 277
217 276
216 275
215 274
214 274
213 273
212 272
212 271
211 269
210 268
209 267
207 266
206 265
205 264
204 263
203 261
202 260
201 259
200 258
198 257
197 256
196 255
196 254
195 254
194 253
193 252
193 251
192 251
192 250
191 250
191 249
190 249
190 248
190 247
190 246
190 245
190 244
190 243
190 242
190 240
190 239
190 238
190 237
190 235
190 234
190 233
190 232
190 230
190 229
191 227
191 226
191 225
191 224
191 222
191 221
191 220
191 218
191 217
191 216
191 214
191 213
191 211
192 210
192 209
192 208
192 206
192 205
192 204
192 203
192 201
192 200
192 199
193 198
193 197
193 196
193 194
193 193
193 192
193 191
192 190
192 189
192 188
192 186
192 185
192 184
192 183
192 182
192 180
192 179
192 178
192 177
192 176
192 175
192 174
192 173
192 172
192 171
192 169
192 168
192 167
192 166
192 165
192 164
192 163
192 161
192 160
192 159
192 158
192 156
192 155
192 154
192 153
192 151
192 150
192 149
192 148
192 147
192 146
192 145
192 144
192 143
192 142
192 141
192 140
192 139
192 138
192 137
192 136
192 135
192 134
193 133
193 132
194 131
195 130
195 129
196 128
197 127
199 126
200 125
201 123
203 122
205 121
207 119
208 118
210 116
212 115
214 113
215 112
217 111
218 109
220 108
221 107
223 105
224 104
226 103
227 102
228 101
229 99
231 98
232 97
234 96
235 95
237 94
238 92
240 91
241 90
243 89
244 88
246 86
247 85
249 84
250 83
252 81
253 80
255 79
256 78
258 76
259 75
261 74
262 73
263 72
265 71
266 70
267 69
268 69
269 68
269 67
270 67
270 66
271 66
271 65
271 65
