658
254 72
258 72
259 72
260 72
261 72
262 72
264 72
265 72
266 72
267 72
269 72
270 72
272 72
273 72
275 72
277 71
278 71
280 71
282 71
284 71
286 71
288 71
290 71
292 71
294 71
296 71
297 71
299 71
301 71
303 71
305 71
307 71
309 71
311 71
312 71
314 71
316 71
318 71
320 71
322 71
323 71
325 71
327 71
329 71
331 71
333 71
335 71
337 71
340 71
342 71
344 71
346 71
348 71
350 71
353 71
355 71
357 71
359 71
362 71
364 70
367 70
369 70
372 70
374 70
377 70
380 70
382 70
384 70
387 70
389 70
391 70
393 70
394 70
396 70
397 70
398 70
399 70
399 71
400 71
400 72
401 72
401 73
402 73
402 74
403 75
404 75
405 76
405 77
406 78
407 79
408 80
409 81
410 82
410 83
411 84
412 85
413 86
414 87
414 88
415 89
416 91
417 92
418 93
419 94
419 95
420 96
421 97
422 98
423 100
424 101
425 102
425 103
426 104
427 106
428 107
428 108
429 109
430 110
431 112
432 113
433 114
434 115
435 116
435 117
436 118
437 119
438 120
439 121
440 122
441 123
442 124
443 125
444 126
444 128
445 129
446 130
447 131
448 132
449 134
450 135
451 136
452 138
453 139
454 140
455 141
456 143
456 144
457 145
458 146
459 148
460 149
461 150
462 151
463 153
463 154
464 155
465 157
466 158
467 159
468 160
468 162
469 163
470 164
470 165
471 166
472 167
473 168
473 169
473 170
474 170
474 171
474 172
474 173
474 174
474 175
473 176
473 177
473 179
473 180
473 181
473 182
473 184
473 185
473 186
473 188
473 189
473 190
473 192
473 193
473 194
473 196
473 197
473 198
473 200
474 201
474 202
473 203
473 205
473 206
473 207
473 208
473 210
473 211
473 212
473 214
473 215
473 216
473 218
473 219
473 220
473 221
472 223
472 224
472 225
472 226
472 227
472 229
472 230
472 231
471 232
471 233
471 235
471 236
471 237
471 238
471 239
470 241
470 242
470 243
470 244
470 246
470 247
470 248
470 249
470 250
470 251
470 253
470 254
469 255
469 256
469 257
469 259
469 260
468 261
468 262
468 263
468 264
468 265
468 266
468 267
467 268
467 269
467 270
466 270
466 271
466 272
465 272
465 273
464 274
463 275
462 276
461 277
460 278
459 279
458 280
457 281
457 282
456 283
455 284
454 285
453 286
452 287
450 288
449 289
448 290
447 291
445 292
444 294
443 295
441 296
440 297
439 298
438 299
436 300
435 301
434 302
433 303
432 304
431 305
430 306
429 307
428 308
426 309
425 310
424 311
423 312
422 313
421 314
420 315
419 316
417 317
416 318
415 319
414 320
413 321
411 322
410 323
409 324
408 325
407 326
406 327
405 328
404 329
403 330
401 331
400 332
399 333
398 334
397 335
396 336
395 337
394 338
393 339
392 340
391 341
389 342
388 343
387 344
386 345
385 346
384 347
383 348
381 349
380 350
379 351
378 351
377 352
377 353
376 353
375 353
375 354
374 354
373 354
372 354
371 354
370 354
369 354
368 354
367 354
365 354
364 354
363 354
361 354
360 354
358 355
357 355
355 355
354 355
352 355
350 355
349 355
347 355
345 355
344 355
342 355
340 355
338 356
337 356
335 356
333 356
331 356
329 356
328 356
326 356
324 356
322 356
320 356
318 356
316 356
314 356
312 356
310 356
308 356
306 356
304 356
302 356
300 356
298 357
297 357
295 357
293 357
291 357
289 357
287 357
285 357
283 357
281 357
279 357
278 358
276 358
274 358
272 358
271 358
269 358
267 358
266 359
264 359
262 359
261 359
259 359
257 359
256 359
254 359
252 360
251 360
250 360
249 360
247 360
246 360
245 360
244 360
243 360
242 360
241 360
241 359
240 358
240 357
239 357
239 356
238 356
238 355
237 354
236 354
236 353
235 352
234 351
233 350
232 349
231 348
230 347
229 346
228 345
227 344
226 342
225 341
224 340
223 339
222 338
221 337
220 336
219 335
218 334
217 333
216 332
215 331
214 330
213 329
212 328
210 327
209 325
208 324
207 323
206 322
205 321
204 319
203 318
201 317
200 316
199 314
198 313
197 312
196 310
195 309
194 308
193 307
192 305
191 304
189 303
188 302
187 300
186 299
185 298
184 297
182 296
181 294
180 293
178 292
177 291
176 289
175 288
173 287
172 286
171 285
170 284
169 283
168 282
167 281
166 280
165 279
165 278
164 278
164 277
163 277
163 276
163 275
163 274
163 273
162 272
162 271
162 270
162 269
162 268
162 267
162 265
162 264
163 262
163 261
163 260
163 258
163 257
163 255
163 254
163 252
163 251
163 249
164 248
164 246
164 245
164 243
164 242
164 240
164 239
164 237
164 236
164 234
164 233
164 231
164 230
164 228
164 227
164 225
164 224
164 222
164 220
164 219
164 217
164 215
164 214
164 212
164 210
164 208
164 207
164 205
164 203
164 202
164 200
164 198
164 197
164 195
164 193
164 192
164 190
164 188
164 187
164 185
164 183
164 181
164 180
164 178
164 177
164 175
164 174
164 172
164 171
165 169
165 168
165 166
165 164
165 163
165 161
165 160
166 158
166 157
166 155
166 154
166 153
166 151
166 150
166 149
166 148
166 147
166 146
166 145
166 144
167 143
167 142
168 142
169 141
170 140
171 139
172 138
173 137
174 136
175 135
177 133
178 132
180 131
181 129
183 128
184 127
186 126
187 124
189 123
190 122
192 121
193 119
195 118
196 117
198 116
200 114
201 113
203 112
205 110
207 109
209 108
211 106
213 105
215 103
216 102
218 100
220 99
222 98
224 96
226 95
228 94
229 92
231 91
233 90
235 88
236 87
238 86
239 85
241 83
242 82
243 81
245 80
246 79
247 77
248 76
249 76
250 75
250 74
251 73
252 73
252 72
253 72
254 72
254 72
