291
240 112
244 111
246 111
248 110
251 110
255 109
258 109
262 109
266 108
270 108
274 108
278 107
282 107
285 107
289 107
292 107
295 106
298 106
300 106
303 106
305 106
308 106
310 106
311 106
313 106
314 106
315 106
316 105
317 105
318 106
319 106
320 107
321 108
322 108
323 109
325 110
326 111
327 113
329 114
330 116
332 117
333 119
335 121
337 123
338 124
340 126
341 128
343 130
345 132
346 133
348 135
349 137
351 139
352 140
354 142
355 143
356 145
357 147
358 148
360 149
360 150
361 151
362 152
363 153
363 154
364 154
364 155
365 155
365 156
366 156
367 157
368 157
368 158
369 158
369 159
369 160
369 161
370 162
370 164
370 166
370 168
370 171
370 174
370 177
370 181
370 184
370 188
370 192
370 196
370 199
370 203
370 206
370 210
369 213
369 216
369 218
369 221
369 223
369 224
369 226
369 227
369 228
370 229
369 229
369 230
369 231
369 232
369 233
368 234
367 235
366 235
365 236
364 237
363 237
362 238
360 240
358 241
356 243
353 244
351 246
348 249
345 251
342 253
339 256
336 258
333 260
330 263
328 265
325 267
323 269
321 271
320 273
318 274
317 276
316 277
315 278
314 279
313 280
312 280
312 281
311 281
311 282
310 282
310 283
309 283
309 284
308 284
308 285
307 285
306 285
306 286
305 286
304 286
303 286
302 286
300 286
298 286
296 286
294 286
291 286
289 287
285 287
282 287
279 287
275 288
272 288
269 288
266 289
263 289
260 289
258 290
256 290
254 290
252 290
250 290
249 290
248 290
246 290
245 290
244 291
243 291
242 291
241 291
240 290
239 290
238 289
237 289
237 288
235 287
234 286
233 285
231 283
229 281
227 279
224 277
222 274
219 271
216 269
213 266
210 263
207 261
204 258
202 256
199 253
196 251
194 249
191 247
189 245
186 244
184 242
182 241
181 240
179 239
178 239
177 238
176 238
175 237
174 237
174 236
173 236
173 235
172 235
172 234
172 233
172 232
172 231
173 230
173 229
173 227
173 224
173 222
173 218
173 214
173 210
173 205
174 200
174 195
174 190
174 185
174 181
175 176
175 173
175 169
175 166
175 163
175 161
174 159
174 157
174 156
174 154
174 153
174 152
174 151
173 151
173 150
173 149
173 148
174 148
175 147
176 146
177 145
178 144
179 144
181 143
182 142
184 140
187 139
189 138
192 136
196 135
199 133
202 131
206 129
209 128
213 126
216 124
219 123
222 122
225 121
227 120
229 119
231 118
233 118
234 117
235 117
236 116
237 115
237 114
237 113
237 112
237 111
