317
250 95
256 95
258 95
260 95
263 95
266 94
269 94
272 94
276 93
279 93
283 92
287 92
291 91
295 91
300 90
304 90
307 89
311 89
315 89
318 89
321 89
324 88
326 88
328 88
330 88
332 88
333 88
335 88
336 88
337 88
338 88
338 87
339 88
339 89
340 89
340 90
341 90
342 91
342 92
343 92
344 93
345 94
346 95
347 96
349 97
350 99
351 100
353 102
355 103
356 105
358 107
359 109
361 111
362 113
363 115
365 117
366 119
367 120
369 122
370 124
371 126
373 128
374 130
375 131
377 133
378 135
379 136
380 138
382 139
383 140
383 141
384 142
385 143
386 144
387 145
387 146
388 146
388 147
389 147
389 148
390 148
390 149
390 150
391 150
391 151
391 152
391 153
391 154
391 155
391 156
391 158
391 160
391 162
391 164
391 166
391 168
391 171
391 174
391 176
391 179
391 181
391 184
391 187
390 189
390 192
390 195
390 198
389 200
389 203
388 206
388 208
388 210
388 212
387 214
387 216
387 218
387 219
386 221
386 222
386 223
386 224
386 225
386 226
386 227
386 228
386 229
386 230
385 231
385 232
384 233
383 233
383 234
382 235
380 235
379 236
378 237
376 238
374 239
372 240
370 242
368 244
365 245
363 247
360 249
357 251
355 253
352 255
349 257
346 258
344 260
341 262
339 264
337 265
335 267
333 268
331 269
330 271
328 272
327 273
326 274
325 274
324 275
323 276
322 277
321 277
321 278
320 278
320 279
319 279
319 280
318 280
317 280
316 280
315 280
314 280
313 279
312 279
310 279
309 279
306 279
304 279
301 279
298 280
295 280
292 280
288 281
285 281
281 281
277 282
274 282
271 283
267 283
264 283
261 284
258 284
255 284
252 285
249 285
246 286
244 286
242 286
240 287
238 287
236 287
235 287
234 287
233 287
232 287
232 288
231 288
230 288
229 287
228 287
228 286
227 286
227 285
226 284
225 283
224 282
223 281
221 279
220 277
218 275
216 273
214 270
212 267
210 264
208 261
205 258
203 255
200 253
198 250
196 248
193 246
191 244
189 242
187 240
186 239
184 238
183 236
182 235
181 234
180 233
180 232
179 232
179 231
179 230
179 229
179 228
179 227
179 226
179 225
179 223
179 221
179 219
179 216
179 213
179 209
178 205
178 201
178 196
178 191
178 186
178 181
178 176
178 171
178 167
178 164
178 160
178 157
178 155
178 153
178 151
178 150
178 149
178 148
178 147
178 146
178 145
178 144
178 143
178 142
178 141
179 141
179 140
180 140
181 139
182 138
183 137
185 136
187 134
189 133
192 131
194 129
198 127
201 126
205 123
209 121
213 119
217 117
220 115
224 113
228 111
231 109
234 108
236 107
239 105
240 105
242 104
243 103
244 103
245 102
246 102
246 101
246 100
247 99
247 98
