479
248 73
250 72
251 72
252 72
253 72
255 72
256 72
258 72
259 72
260 72
262 72
264 72
266 72
267 72
270 72
272 72
274 72
277 72
279 71
282 71
284 71
286 71
289 71
291 71
293 71
296 70
299 70
301 70
304 70
306 69
309 69
311 69
314 69
316 68
319 68
321 68
323 68
326 68
328 68
330 68
332 68
334 68
336 68
338 68
340 68
341 68
343 68
344 68
345 68
346 68
347 68
348 68
349 68
350 68
350 69
350 70
351 71
351 72
352 72
352 73
353 74
354 75
354 76
355 77
355 78
356 79
356 80
357 80
357 81
358 82
358 83
359 84
360 85
360 86
361 86
362 87
362 88
363 89
364 90
364 91
365 91
366 92
367 93
368 94
369 95
370 96
371 97
372 98
373 99
374 101
375 102
376 103
377 105
378 106
379 107
379 109
381 110
382 111
383 112
384 113
385 114
386 115
387 116
389 117
390 118
391 118
392 120
393 121
394 121
395 122
396 123
397 124
398 125
398 126
399 127
400 128
400 129
401 129
401 130
402 131
402 132
402 133
402 134
402 135
402 136
402 137
402 138
402 139
401 140
401 141
401 142
401 143
401 144
401 145
401 147
401 148
401 150
401 151
401 153
401 154
401 155
401 157
401 158
401 159
401 161
401 162
401 164
401 165
401 167
401 169
401 170
401 172
401 174
401 176
401 177
401 179
401 180
401 182
401 183
401 184
401 186
401 187
401 188
401 190
400 191
400 193
400 194
400 195
400 197
400 198
400 199
400 200
400 201
400 202
400 203
400 204
400 205
400 206
400 207
400 208
399 208
399 209
398 209
398 210
397 210
396 211
395 211
395 212
394 213
393 213
392 214
391 215
390 216
389 217
388 218
387 219
386 219
385 220
384 221
382 222
381 223
380 224
379 225
377 226
376 227
374 228
372 229
371 230
369 231
367 232
365 233
364 234
362 235
360 236
359 237
357 238
356 240
354 241
353 242
351 243
350 244
348 245
347 246
345 247
344 248
342 249
341 249
340 249
339 250
338 250
338 251
337 251
336 251
336 252
336 251
336 252
336 251
336 252
335 252
334 252
333 252
332 252
331 252
330 253
329 253
327 252
326 252
325 252
323 252
322 252
321 252
319 251
318 251
316 251
314 251
313 251
311 251
310 251
308 251
306 251
304 251
302 251
300 251
298 251
296 251
294 251
292 250
289 250
288 250
285 250
283 250
281 250
279 250
277 250
274 250
272 250
270 251
267 251
265 251
263 251
261 251
259 252
257 252
255 252
253 252
251 252
249 252
247 253
246 253
245 253
244 253
243 253
242 253
241 253
240 253
241 253
240 253
241 253
240 253
240 252
239 251
238 251
238 250
237 250
236 249
235 249
234 248
233 247
232 246
231 245
230 245
229 244
228 243
227 241
226 240
225 239
224 238
223 237
222 235
222 234
220 233
219 232
218 231
217 230
216 228
215 227
214 226
213 225
211 224
210 223
209 222
207 221
206 219
205 218
204 217
203 215
201 214
200 213
199 212
198 211
197 210
196 209
195 208
195 207
194 206
193 205
192 204
191 204
191 203
190 203
190 202
189 202
189 201
188 201
189 201
188 201
188 200
188 199
188 198
187 198
187 197
187 196
187 195
187 194
186 193
186 192
186 191
186 190
186 189
185 188
185 187
185 185
185 184
185 183
185 182
185 181
185 180
185 178
185 177
185 176
185 174
184 173
184 171
184 169
184 168
184 166
184 165
184 163
184 162
184 161
184 159
184 158
184 157
184 155
184 154
184 152
184 151
184 149
184 148
184 146
184 145
184 143
184 142
184 140
184 139
184 138
184 137
184 136
185 135
185 134
185 133
185 132
185 131
185 130
185 129
185 128
185 127
185 126
185 125
185 124
185 125
185 124
186 123
187 122
188 121
189 120
190 119
191 119
192 118
192 117
193 117
194 116
195 115
196 115
197 114
198 113
199 112
200 111
201 111
202 110
203 109
204 108
206 106
207 105
209 104
210 102
212 101
213 100
215 99
216 97
218 96
219 95
220 94
222 93
223 92
224 91
225 90
227 89
228 88
229 88
231 87
232 86
233 85
234 84
235 84
236 83
236 82
237 82
238 81
238 80
239 80
239 79
240 79
239 79
240 79
239 79
239 78
240 78
241 77
