341
334 106
337 105
341 105
344 105
347 105
350 105
354 105
357 105
360 105
363 105
366 105
368 104
371 104
374 104
378 104
381 104
384 104
387 104
390 103
394 103
398 103
402 103
406 103
409 103
412 103
415 103
418 103
422 103
425 102
428 102
431 102
434 102
435 104
437 105
439 107
441 108
443 110
445 112
447 113
449 115
451 116
452 118
455 120
458 123
461 125
464 128
466 130
468 132
470 134
472 135
473 137
475 139
477 142
479 143
481 146
483 148
484 150
486 151
488 154
490 156
492 158
494 160
496 162
498 164
500 165
502 167
504 170
506 172
509 174
511 176
513 177
515 179
518 180
520 182
522 183
524 184
525 186
525 189
526 191
526 194
527 196
527 199
528 201
529 205
529 208
529 211
530 214
530 217
530 220
530 223
531 225
531 229
531 232
531 236
531 239
531 242
532 246
532 249
532 253
533 256
533 260
533 263
533 266
534 269
534 273
534 276
534 280
535 284
535 287
535 291
535 294
536 296
536 299
536 302
535 304
534 306
532 307
531 309
529 310
527 312
525 314
523 316
522 318
520 320
519 322
517 323
516 325
514 327
513 329
512 331
511 333
509 335
507 338
506 340
504 342
502 344
500 346
499 348
497 351
495 353
493 355
491 357
489 359
487 361
485 363
484 365
482 367
480 369
479 371
477 373
475 375
474 377
472 379
470 381
468 383
467 385
466 387
465 389
463 390
461 391
458 392
455 392
453 393
449 393
446 394
443 395
440 395
437 396
433 396
430 396
428 397
425 397
422 397
419 398
416 398
413 398
410 399
407 399
404 399
400 399
397 399
393 399
390 400
387 400
384 400
381 400
377 400
374 401
371 401
367 401
364 402
361 402
358 403
355 403
352 403
348 403
345 403
343 404
339 404
336 404
333 404
330 405
327 405
325 404
323 403
321 401
319 399
317 398
315 397
313 395
311 394
309 392
306 390
304 389
302 387
300 385
297 384
295 382
293 381
291 379
289 377
287 376
285 375
283 373
281 372
279 370
277 368
275 367
273 365
271 364
269 362
267 360
265 359
263 358
262 356
260 355
258 353
256 352
255 350
253 348
251 346
250 344
248 342
246 341
244 338
242 337
240 335
239 333
236 332
235 330
233 329
231 328
229 326
230 324
231 322
231 319
232 317
232 314
233 312
233 309
234 306
234 303
235 300
235 297
235 293
236 291
236 288
236 284
236 281
236 277
237 274
237 271
237 268
237 265
237 262
237 258
237 254
238 252
238 249
238 246
238 243
238 240
238 237
238 233
238 230
238 227
238 224
238 221
237 218
237 215
237 212
237 209
237 205
237 201
237 197
237 194
237 191
237 188
239 186
241 184
243 182
245 180
248 178
250 176
252 175
255 173
256 171
259 169
261 167
264 166
266 164
269 162
271 160
273 159
276 157
279 155
282 153
285 151
288 148
290 147
293 144
296 142
298 141
300 139
302 137
305 135
307 133
309 132
311 130
313 129
315 127
317 126
320 123
323 121
326 119
328 118
331 116
333 115
335 114
337 113
338 112
