282
322 135
326 134
329 134
332 134
335 134
338 134
342 134
346 134
349 134
352 134
354 133
357 133
360 133
363 133
366 133
369 133
372 132
376 132
379 132
382 132
385 132
388 132
390 131
393 131
396 131
400 131
403 131
406 131
409 131
413 131
416 131
419 131
422 131
425 131
427 130
429 131
430 133
432 134
434 135
436 136
437 138
439 140
441 142
443 144
445 146
446 148
448 150
450 153
451 155
453 157
455 159
457 161
459 163
461 165
462 167
464 168
465 170
467 172
469 174
471 176
473 178
475 180
476 182
478 184
480 186
482 187
484 189
486 190
487 192
489 193
491 194
493 196
493 199
493 202
493 205
493 209
492 212
492 215
491 217
491 220
490 222
490 225
490 228
489 230
489 233
489 236
490 238
490 241
490 244
491 246
491 249
491 252
491 255
492 258
492 262
492 265
492 268
492 271
492 274
492 277
492 280
492 283
491 285
491 288
490 290
488 292
486 293
485 295
483 296
482 298
480 299
478 300
477 302
475 304
474 306
472 308
470 310
469 312
467 314
466 316
464 317
463 319
461 321
459 323
457 325
455 327
453 328
452 330
450 331
448 333
446 335
445 337
443 338
442 340
440 341
439 343
437 344
435 346
433 347
432 349
430 350
428 351
425 351
422 351
419 351
416 352
413 352
410 352
407 352
405 353
402 353
399 353
396 353
393 354
390 354
386 354
383 354
380 354
377 355
373 355
370 355
367 355
364 356
361 356
358 356
355 356
352 356
349 356
346 356
342 356
339 357
336 357
333 357
330 357
327 357
324 357
322 356
320 355
319 353
318 351
316 349
315 347
313 345
312 343
310 341
308 339
306 337
305 335
303 334
302 332
300 330
299 328
297 327
295 325
293 323
291 321
290 319
288 317
286 315
285 313
283 311
282 309
280 307
279 305
278 303
277 301
275 300
274 298
272 296
271 294
269 292
268 290
267 288
266 286
266 283
266 280
266 277
266 274
266 271
267 269
267 266
267 263
267 260
267 257
267 254
267 251
267 248
267 245
268 243
268 240
267 237
267 234
267 231
267 228
267 225
267 222
267 219
267 216
267 213
266 211
266 208
266 204
265 202
265 199
266 197
266 194
267 192
269 190
271 188
272 186
274 184
276 182
278 181
280 179
282 176
284 174
286 173
288 171
289 169
291 167
293 165
295 164
297 162
299 160
300 158
302 157
304 156
306 154
308 153
309 151
311 150
313 148
315 147
316 145
318 144
320 143
321 141
323 140
325 139
327 138
328 136
328 137
