683
262 66
267 65
268 65
269 65
270 65
271 65
272 65
273 65
275 65
276 65
277 65
278 65
279 65
280 65
282 65
283 65
285 65
286 65
288 65
290 65
291 65
293 65
295 65
297 65
298 65
300 65
302 65
303 65
305 65
307 65
308 65
310 65
312 65
314 65
316 65
317 66
319 66
321 66
323 66
324 66
326 66
328 66
330 67
332 67
333 67
335 67
337 67
339 67
341 67
343 67
344 67
346 67
348 67
350 67
352 67
354 67
355 67
357 67
359 67
361 67
363 67
365 67
367 67
368 67
370 67
372 67
373 67
375 67
376 67
378 67
379 68
380 68
382 68
383 68
384 68
385 68
386 68
387 68
387 69
387 70
388 70
388 71
389 72
389 73
390 73
390 74
391 75
391 76
392 76
393 77
393 78
394 79
395 80
396 81
396 82
397 83
398 84
399 85
400 86
400 87
401 88
402 89
403 90
403 91
404 92
405 93
406 94
406 95
407 96
408 97
408 98
409 99
410 100
410 101
411 102
411 103
412 104
413 106
413 107
414 108
415 109
416 110
416 111
417 112
418 113
419 114
419 115
420 116
421 117
422 119
423 120
423 121
424 122
425 123
426 124
427 125
428 126
429 127
430 128
430 129
431 130
432 132
433 133
434 134
435 135
436 136
437 138
438 139
439 140
440 141
441 143
442 144
443 145
444 146
445 147
446 149
447 150
448 151
449 152
450 154
451 155
451 156
452 157
452 158
453 159
454 160
454 161
454 162
455 162
455 163
455 164
455 165
455 166
455 167
455 168
455 169
455 170
455 171
455 172
455 173
455 174
455 175
455 177
455 179
455 180
455 181
456 182
456 183
456 184
456 185
456 186
456 187
456 188
456 189
456 190
456 191
456 192
456 193
456 194
456 195
456 196
456 197
456 198
456 199
456 200
456 201
456 202
456 203
456 204
456 205
456 206
456 207
456 208
456 209
456 210
456 211
456 212
456 213
456 214
456 215
456 216
456 217
456 218
456 219
456 220
456 221
456 222
456 223
456 224
456 226
455 227
455 228
455 229
455 230
455 232
455 233
455 234
454 236
454 237
454 239
454 240
454 241
454 242
453 243
453 244
453 245
453 246
453 247
453 248
453 249
452 249
452 250
452 251
451 252
450 253
450 254
449 255
448 256
447 257
446 258
446 259
445 260
444 261
443 262
442 263
442 264
441 265
440 266
439 267
438 268
437 269
436 271
435 272
435 273
434 274
433 275
432 277
431 278
430 279
429 280
428 281
427 282
426 283
425 284
424 285
423 286
422 287
421 289
420 290
419 291
418 292
417 293
416 294
415 295
414 297
413 298
412 299
411 300
410 301
409 302
408 303
407 304
407 305
406 306
405 307
404 308
403 309
402 310
401 311
400 312
399 313
398 314
397 315
396 316
395 317
394 318
393 320
392 321
391 322
390 323
389 324
388 326
387 327
386 328
385 329
384 331
383 332
382 333
381 334
380 335
379 336
378 337
377 338
376 339
375 340
375 341
374 341
373 341
372 342
371 342
369 342
368 342
367 342
365 342
364 343
362 343
361 343
359 343
358 343
356 343
355 344
353 344
351 344
350 344
348 344
347 345
345 345
343 345
342 345
340 345
339 345
337 345
335 345
334 346
332 346
331 346
329 346
328 346
326 346
325 346
323 346
322 347
321 347
319 347
317 347
316 347
314 347
313 347
311 348
310 348
308 348
306 348
305 348
304 348
302 348
301 349
299 349
298 349
296 349
295 349
293 349
292 349
290 349
289 350
288 350
286 350
285 350
283 350
282 350
281 350
279 350
278 350
276 350
275 350
274 350
272 350
271 350
270 350
268 350
267 350
266 350
264 350
263 351
261 351
260 351
258 351
257 351
255 351
254 351
253 351
252 351
250 351
249 351
248 351
247 351
246 351
245 351
244 351
243 351
242 350
241 350
241 349
240 349
239 348
239 347
238 347
237 346
236 345
235 344
234 343
233 342
231 341
230 340
229 339
228 338
227 337
225 336
224 335
223 334
222 333
220 331
219 330
218 329
217 328
215 327
214 325
213 324
212 323
210 322
209 321
208 320
207 318
205 317
204 316
203 315
202 313
201 312
199 311
198 310
197 309
196 308
195 307
194 305
193 304
192 303
191 302
190 301
189 300
188 299
188 298
187 297
186 296
185 295
184 294
183 293
182 291
181 290
180 289
179 288
177 287
176 286
176 285
175 284
174 283
173 282
172 281
171 280
170 279
170 278
169 277
168 276
167 275
167 274
166 273
165 272
164 271
164 270
163 269
162 268
162 267
161 266
161 265
160 265
160 264
159 263
159 262
158 262
158 261
157 261
157 260
157 259
157 258
157 257
157 256
157 255
157 254
157 253
157 251
157 250
157 249
157 247
157 246
157 244
157 243
157 241
157 240
157 238
157 237
157 235
157 234
156 232
156 231
156 229
156 228
156 226
156 225
156 223
156 222
156 220
155 218
155 217
155 215
155 214
155 212
155 211
155 209
155 208
155 206
155 205
155 203
155 202
155 200
155 199
155 197
155 196
155 194
156 193
156 191
156 190
156 189
156 187
156 186
156 184
157 183
157 181
157 180
157 178
157 177
157 176
157 174
157 173
157 172
157 171
157 169
157 168
157 167
157 165
156 164
156 163
156 161
156 160
156 158
156 157
156 156
156 154
156 153
156 151
156 150
156 148
156 147
156 145
156 143
156 142
156 140
156 139
155 138
156 136
156 135
156 133
156 132
156 131
156 130
156 129
156 128
155 127
155 126
155 125
155 124
156 124
157 123
158 122
159 122
160 121
161 120
162 119
164 118
165 117
166 116
168 115
170 114
171 113
173 112
175 111
177 109
179 108
181 107
183 106
185 104
187 103
189 102
191 101
193 99
196 98
198 97
200 95
203 94
205 93
208 91
210 90
213 89
215 87
218 86
220 85
222 83
225 82
227 81
229 80
231 79
233 78
235 77
236 76
238 75
240 74
241 73
242 72
244 72
245 71
246 70
247 70
248 69
249 69
250 68
251 67
252 67
253 66
254 66
254 65
255 65
256 65
257 64
258 64
259 64
259 64
