642
273 79
278 78
279 78
280 78
281 78
282 78
284 78
285 77
287 77
288 77
290 77
291 77
293 77
295 76
297 76
297 76
299 76
301 76
303 76
305 75
307 75
310 75
312 75
314 74
317 74
319 74
322 74
324 74
327 73
329 73
332 73
334 73
337 72
339 72
342 72
344 72
347 71
349 71
352 71
354 71
356 71
358 71
360 70
363 70
365 70
367 70
369 70
371 70
373 70
375 70
376 70
378 70
380 70
381 70
382 70
384 70
385 70
386 69
387 69
388 69
388 70
389 70
390 71
391 71
392 72
393 72
394 73
395 73
395 74
396 74
397 75
398 75
399 76
400 77
401 77
402 78
402 79
403 79
404 80
405 81
406 82
407 83
408 84
409 84
409 85
410 86
411 87
412 87
413 88
414 89
415 90
417 91
418 92
419 92
420 93
422 94
423 95
424 96
425 96
427 97
428 98
429 99
430 100
431 101
433 102
434 102
435 103
436 104
437 105
439 106
440 107
441 108
442 109
444 110
445 111
446 112
448 113
449 114
450 115
452 116
453 117
454 118
455 119
456 119
458 120
459 121
460 122
461 123
462 124
463 124
464 125
465 126
466 127
467 127
467 128
468 128
469 129
470 130
471 131
472 132
472 133
473 134
473 135
473 135
473 136
473 137
473 137
473 138
474 139
474 140
474 141
474 142
474 143
474 144
474 145
474 146
474 147
474 148
474 149
474 150
474 151
474 152
474 154
474 155
474 156
474 157
474 159
474 160
474 161
474 163
474 164
474 165
473 167
473 168
473 170
473 171
473 172
473 174
473 175
473 177
473 178
473 180
472 181
472 183
472 184
472 186
472 187
473 189
473 191
473 192
473 194
473 195
473 197
473 198
473 200
473 201
473 203
473 204
474 206
474 207
474 209
474 210
474 212
474 214
474 215
474 217
474 218
474 220
474 221
474 223
474 224
475 226
475 227
475 228
475 230
475 231
475 232
475 234
475 235
475 236
475 237
475 238
475 240
474 241
474 242
474 243
474 244
474 245
474 246
474 247
474 248
474 249
473 249
473 250
472 250
472 251
471 251
470 252
469 253
468 254
467 254
466 255
465 255
464 256
463 257
462 258
461 258
460 259
459 260
458 261
457 262
456 263
455 264
454 265
453 266
452 267
451 268
450 269
449 270
448 271
447 272
446 273
445 273
444 274
443 275
442 276
441 277
440 278
439 279
438 280
437 281
435 282
434 283
433 284
432 285
431 286
430 287
429 288
427 289
426 290
425 291
424 292
423 294
421 295
420 296
419 297
417 299
416 300
415 301
413 302
412 303
411 305
410 306
409 307
408 308
406 309
405 310
404 312
403 313
402 314
401 315
400 316
400 317
399 317
398 318
398 319
397 320
396 321
396 322
395 322
395 323
394 324
393 324
393 325
392 325
392 326
391 326
390 326
389 326
388 326
387 326
387 327
386 327
385 327
384 327
383 327
382 327
381 327
380 327
379 328
378 328
377 328
376 328
375 328
374 328
373 328
372 328
371 328
369 328
368 328
366 329
365 329
363 329
362 329
361 329
359 329
358 329
356 329
355 329
353 329
352 329
350 329
349 329
348 329
346 329
345 329
343 329
342 330
340 330
339 330
337 330
336 330
334 330
333 330
331 331
330 331
329 331
327 331
326 331
325 331
324 331
323 331
321 332
320 332
319 332
318 332
316 332
315 333
313 333
312 333
311 333
309 333
308 334
306 334
305 334
304 334
302 334
301 334
300 335
299 335
298 335
296 335
295 335
294 335
292 335
291 335
289 336
288 336
286 336
285 336
283 336
282 336
281 337
280 337
278 337
277 337
276 337
275 337
274 337
273 336
272 336
272 335
271 335
270 334
269 334
269 333
268 332
267 331
266 330
265 329
265 328
264 327
263 326
262 325
261 324
260 323
259 322
258 321
257 320
256 319
255 318
254 317
253 316
252 315
251 314
250 312
248 311
247 310
246 309
245 308
244 307
243 306
242 304
241 303
240 302
239 301
237 299
236 298
235 297
234 296
232 294
231 293
230 292
229 290
227 289
226 288
225 287
224 285
223 284
222 283
221 282
220 281
219 280
218 278
217 277
216 276
215 275
214 274
213 273
213 272
212 270
211 269
210 268
209 267
209 266
208 265
207 264
206 264
206 263
205 262
204 261
204 260
203 260
202 259
202 258
201 258
201 257
200 257
200 256
199 255
198 255
198 254
198 253
198 252
198 251
197 250
197 249
197 248
197 247
197 246
197 245
197 244
197 243
197 242
197 241
197 239
197 238
197 237
197 235
197 234
197 233
197 231
197 230
197 228
197 227
197 226
197 224
197 223
197 221
197 220
197 218
197 217
197 215
197 214
197 212
197 211
197 209
197 208
197 206
197 205
197 204
197 202
197 201
198 199
198 198
198 197
198 195
198 194
198 193
198 192
198 190
198 189
198 188
198 186
198 185
198 184
198 182
198 181
198 179
198 178
198 177
198 176
198 174
198 173
198 172
198 171
198 169
198 168
198 167
198 165
198 164
198 163
198 161
198 160
198 159
198 157
198 156
198 155
198 153
198 152
198 151
198 150
198 149
197 148
197 147
197 146
197 145
197 144
197 143
197 142
197 141
198 141
198 140
199 140
199 139
200 138
200 137
201 136
202 136
203 134
204 133
205 132
206 131
208 130
209 129
210 128
211 127
213 126
214 124
215 123
217 122
218 121
219 120
221 119
222 117
224 116
226 115
227 113
229 112
231 111
233 109
235 108
237 106
239 105
241 104
242 102
244 101
246 99
248 98
250 97
251 95
253 94
254 93
256 92
258 91
259 90
261 88
262 87
263 86
265 85
266 85
267 84
268 83
269 82
270 81
271 80
272 79
273 79
273 78
274 78
275 77
275 77
