360
267 97
270 96
272 96
274 96
276 96
279 96
281 96
284 95
287 95
290 95
293 94
296 94
300 94
303 94
307 93
310 93
313 93
316 93
319 92
322 92
324 92
327 92
329 92
331 92
333 91
335 91
337 91
339 91
340 91
342 91
343 90
344 90
345 90
346 90
347 90
348 90
349 90
350 90
351 90
352 90
353 91
354 92
355 93
356 93
357 94
358 95
359 96
360 98
361 99
362 100
364 101
365 103
367 104
368 105
369 107
371 108
372 110
374 111
375 113
376 115
378 116
379 118
380 119
382 120
383 122
384 123
386 124
387 126
389 127
390 129
391 130
393 132
394 133
395 135
396 136
398 138
399 139
400 141
401 142
402 143
403 144
404 145
405 145
406 146
406 147
407 147
407 148
408 148
409 149
410 150
411 151
412 152
412 153
413 153
413 154
414 155
414 156
414 157
414 158
415 160
415 161
415 163
415 164
415 166
416 168
416 170
416 172
416 175
416 177
417 179
417 182
417 184
417 187
417 190
417 193
417 196
417 198
417 201
417 204
417 206
417 209
417 212
417 214
417 217
417 219
417 221
417 223
417 225
417 227
417 229
417 231
417 233
417 234
417 235
417 236
417 237
417 238
416 239
416 240
416 241
416 242
416 243
416 244
416 245
415 245
415 246
415 247
415 248
414 248
414 249
413 250
412 251
411 251
410 252
409 253
408 254
407 256
405 257
404 258
402 259
400 261
399 262
397 263
395 265
393 266
391 267
389 269
388 270
386 272
384 273
382 275
381 277
379 278
378 279
376 281
375 282
374 283
373 284
372 285
371 286
370 287
369 288
368 289
367 289
366 290
366 291
365 291
364 292
364 293
363 293
363 294
362 294
362 295
361 295
361 296
360 296
360 297
359 297
358 297
357 297
356 297
355 297
354 297
353 297
352 297
351 297
350 297
348 297
346 297
344 297
342 297
340 297
338 297
335 297
332 297
330 298
327 298
324 298
321 298
318 298
315 298
312 298
309 298
306 298
303 298
299 298
296 299
293 299
290 299
287 299
284 299
282 299
279 299
277 300
275 300
273 300
271 300
269 301
268 301
266 301
265 301
264 302
263 302
262 302
261 302
260 302
259 302
259 301
258 301
257 300
256 299
255 298
254 297
252 296
251 294
249 293
247 291
245 289
243 287
241 285
239 283
237 281
235 279
232 277
230 274
228 272
225 270
222 268
220 265
217 263
215 261
212 259
210 257
208 256
207 254
205 253
203 252
202 250
201 250
200 249
199 248
198 247
197 247
197 246
196 246
196 245
195 244
195 243
195 242
194 241
194 240
194 239
194 237
194 236
194 234
193 232
193 229
193 226
193 223
193 219
193 215
193 211
193 207
193 203
193 198
193 194
193 189
193 185
193 181
192 177
192 173
192 170
192 167
192 165
192 163
192 161
192 160
192 158
192 157
192 156
192 155
192 154
192 153
193 153
193 152
194 151
195 150
196 150
197 149
198 148
199 147
201 146
203 145
205 143
207 142
209 140
212 137
215 135
218 133
221 131
224 128
227 126
231 123
234 121
237 118
240 116
243 114
245 112
248 110
250 108
253 107
254 105
256 104
258 104
259 103
260 103
260 102
261 102
262 102
262 101
