296
301 113
306 112
308 112
311 112
314 112
317 111
321 111
325 110
329 110
333 109
338 108
342 108
347 107
351 106
355 105
359 105
362 104
366 104
369 104
372 103
374 103
376 103
378 103
380 103
381 102
382 102
383 102
384 102
385 103
386 103
386 104
387 104
388 104
389 105
390 106
391 107
393 108
394 109
396 110
398 111
400 113
402 114
404 116
406 118
408 120
410 121
412 123
413 125
415 127
416 129
418 130
419 132
420 134
422 135
423 137
424 138
425 140
426 141
427 142
428 143
429 143
430 144
431 144
431 145
432 145
433 146
434 146
434 147
435 147
436 147
436 148
436 149
436 150
436 151
437 152
437 153
437 155
437 156
437 158
437 161
437 163
438 166
438 170
438 173
438 176
439 180
439 183
439 187
439 190
440 193
440 196
440 199
440 202
440 204
440 206
440 208
440 210
440 211
440 212
440 213
440 214
440 215
440 216
440 217
440 218
440 219
440 220
439 220
439 221
438 221
438 222
437 222
436 223
435 224
434 225
433 227
431 228
429 230
427 233
424 236
421 239
418 243
415 247
411 251
408 255
405 259
402 262
399 266
396 269
394 272
392 275
390 277
389 279
388 280
387 281
386 282
385 283
385 284
384 284
384 285
383 285
382 286
382 287
381 287
380 287
379 287
379 288
378 288
377 288
376 288
375 288
374 288
373 288
372 288
370 288
368 288
366 289
364 289
361 289
357 289
354 289
350 290
346 290
342 290
338 291
334 291
330 291
326 292
322 292
318 292
315 293
312 293
308 293
305 294
302 294
300 295
297 295
295 295
294 296
292 296
291 296
290 296
289 296
289 297
288 297
287 297
286 297
285 297
284 298
283 298
282 298
281 298
280 297
279 297
278 296
277 295
276 295
275 294
274 293
273 292
271 290
269 289
267 287
265 285
263 283
261 280
258 278
256 275
253 273
250 270
248 268
245 266
242 264
240 262
237 260
235 259
233 258
231 257
229 256
228 255
227 255
226 254
225 254
224 253
223 253
223 252
223 251
223 250
223 249
223 248
223 247
223 246
223 245
223 243
223 241
222 238
222 235
221 232
221 228
221 224
220 220
220 215
219 211
219 207
218 203
218 200
218 196
218 193
218 190
218 188
218 185
217 183
217 182
217 180
217 179
217 177
217 176
217 175
217 174
217 173
217 172
217 171
217 170
218 170
218 169
219 169
220 168
221 167
223 166
225 164
227 163
229 160
232 158
235 156
239 153
243 150
248 147
252 144
257 140
262 137
267 134
272 131
276 129
280 126
284 124
287 122
290 120
293 119
295 118
296 117
298 116
299 115
300 115
300 114
300 113
301 112
