347
221 83
226 84
227 84
228 84
229 84
231 84
233 84
235 84
237 84
240 84
242 84
245 84
248 83
251 83
255 83
258 83
261 82
264 82
268 82
271 81
274 81
277 81
280 81
283 80
285 80
288 80
290 80
293 80
295 80
297 79
298 79
300 79
301 79
302 79
303 79
304 79
305 79
305 78
306 79
307 80
308 81
309 82
310 83
311 84
312 85
313 86
315 87
316 88
317 89
319 91
320 92
322 93
323 94
325 96
327 97
328 99
330 100
332 101
333 103
335 104
337 106
338 107
340 109
342 110
343 112
345 113
346 114
348 116
349 117
350 118
352 119
353 121
354 122
356 123
357 124
358 125
359 126
360 126
361 127
362 128
363 129
364 129
365 130
366 130
367 131
367 132
367 133
367 134
367 135
367 136
368 137
368 138
368 139
368 140
368 142
368 144
368 145
368 147
369 149
369 151
369 154
369 156
369 158
369 160
369 163
370 165
370 167
370 169
370 172
370 174
371 176
371 179
371 181
371 183
372 185
372 187
372 189
372 191
372 193
373 194
373 196
373 197
373 198
373 199
373 200
373 201
373 202
373 203
373 204
372 205
371 205
371 206
370 207
369 208
369 209
368 210
367 211
365 212
364 213
363 215
362 216
360 218
359 220
358 221
356 223
354 225
353 227
351 229
350 231
348 233
347 235
345 237
343 239
342 241
340 242
339 244
337 246
336 248
335 249
334 251
332 252
331 253
330 255
329 256
329 257
328 258
327 259
326 260
325 261
324 261
323 261
322 261
321 261
320 261
319 261
317 261
316 261
315 261
313 261
312 261
310 261
308 261
306 261
304 261
302 261
299 260
297 260
294 260
291 260
288 260
285 260
282 260
279 259
276 259
273 259
269 259
266 259
263 259
260 259
257 259
253 259
250 259
248 259
245 259
242 259
240 259
237 259
235 259
233 258
231 259
229 259
228 258
226 258
225 258
224 258
223 258
222 258
221 258
220 258
219 258
219 257
218 257
218 256
217 256
216 255
215 254
214 254
214 253
213 252
212 251
211 250
211 249
210 248
208 247
207 245
206 244
205 242
203 240
202 238
200 236
198 234
197 232
195 230
193 228
191 226
189 224
187 222
185 220
183 219
182 217
180 215
178 213
176 212
175 210
173 209
172 207
171 206
170 205
168 204
167 203
166 202
166 201
165 201
164 200
163 199
162 199
162 198
162 197
161 196
161 195
160 194
160 193
160 192
160 191
159 190
159 188
159 187
158 185
158 183
157 181
157 179
156 177
156 174
156 172
155 170
155 167
155 165
154 162
154 160
154 157
154 155
154 152
154 150
153 147
153 145
153 142
153 140
153 138
153 136
153 134
153 132
153 131
152 129
152 128
152 127
152 125
152 124
152 123
151 123
151 122
152 121
153 121
154 120
155 120
156 119
158 118
159 118
161 117
163 115
165 114
167 113
170 112
172 110
175 109
177 107
180 105
182 104
185 102
188 100
191 98
193 97
196 95
198 93
201 92
203 91
205 90
207 89
209 88
210 87
212 87
213 86
214 85
215 85
216 84
217 84
218 84
217 83
