355
267 107
272 107
274 107
276 106
278 106
280 106
282 105
285 105
287 104
290 104
293 104
296 103
299 103
301 103
304 103
307 103
310 102
313 102
315 102
318 102
321 102
323 102
326 101
328 101
331 101
333 101
335 101
337 101
339 101
341 101
343 101
344 100
346 100
347 100
348 100
349 100
350 100
351 100
352 100
353 100
354 100
354 101
355 101
356 102
357 103
358 103
358 104
359 105
360 106
361 108
362 109
362 110
363 112
364 113
365 115
367 117
368 119
369 120
370 122
371 124
372 126
373 128
374 130
375 131
376 133
377 135
378 137
379 139
380 140
381 142
382 143
383 145
384 146
385 148
386 149
387 150
388 151
389 152
389 153
390 153
391 154
391 155
392 155
393 156
394 157
395 157
395 158
396 158
397 159
398 160
398 161
399 162
399 163
399 164
400 165
400 166
400 167
400 168
400 170
400 171
400 173
400 175
400 177
400 179
400 182
400 184
399 186
399 189
399 191
399 194
399 196
398 199
398 201
398 204
398 206
398 209
398 211
397 213
397 216
397 218
397 220
397 221
397 223
397 225
397 226
397 227
397 228
397 229
396 230
396 231
396 232
396 233
396 234
396 235
396 236
395 237
395 238
394 238
393 239
392 239
392 240
391 241
390 242
389 243
387 244
386 246
384 247
382 249
381 251
379 252
376 254
374 256
372 259
370 261
368 263
366 265
365 268
363 270
361 272
359 274
358 276
356 278
355 280
353 282
352 283
351 284
350 285
349 286
348 286
348 287
347 287
347 288
346 288
346 289
345 289
345 290
344 290
343 291
342 291
341 292
340 292
339 292
338 292
337 292
336 292
335 292
333 292
332 292
330 292
328 292
326 292
324 292
322 292
320 293
318 293
315 293
313 293
311 293
308 293
305 293
303 293
300 293
297 293
294 293
291 293
288 294
285 294
282 294
280 294
277 295
275 295
273 296
271 296
269 296
267 297
266 297
264 297
263 297
262 297
261 297
260 297
259 297
258 297
258 298
257 298
256 298
255 298
254 298
253 298
252 297
251 297
250 296
249 295
248 294
247 294
245 293
244 291
243 290
241 289
239 287
237 286
235 284
233 282
231 280
229 278
226 276
224 273
222 271
219 269
217 266
215 264
213 262
211 260
209 258
207 256
205 254
204 253
202 252
201 250
200 250
199 249
198 248
197 247
196 247
196 246
195 246
194 245
194 244
194 243
193 242
193 241
193 240
193 239
193 238
193 237
193 236
193 234
193 233
193 230
193 228
193 225
193 222
193 219
193 216
193 212
193 209
193 205
193 201
193 198
193 194
193 191
193 188
193 184
193 182
193 179
193 176
193 174
193 172
193 170
193 169
193 167
193 166
193 165
193 164
193 163
193 162
193 161
193 160
193 159
194 158
194 157
195 157
195 156
196 155
197 154
198 153
199 152
200 152
200 151
201 150
203 149
204 148
206 146
207 145
209 143
212 142
214 140
217 138
220 136
223 134
226 132
229 130
233 128
236 127
240 125
243 123
246 121
249 120
252 118
254 117
257 115
259 114
260 112
262 111
264 110
265 109
266 108
267 107
268 107
269 106
270 106
271 105
270 106
270 105
271 105
