303
308 101
312 102
313 103
316 103
319 103
322 102
325 102
329 102
333 102
337 102
341 101
346 101
350 101
355 100
359 100
364 100
368 100
372 99
376 99
379 99
382 99
385 99
387 99
389 99
391 98
392 98
393 98
394 98
395 98
396 98
397 98
398 99
399 100
400 100
401 101
402 102
403 103
405 104
406 105
408 106
409 108
411 110
412 112
414 114
415 117
417 119
419 122
421 124
423 127
425 129
427 132
428 134
430 137
432 139
434 141
436 144
437 146
439 148
440 150
441 151
442 153
443 154
444 156
445 157
446 158
447 159
448 160
449 161
450 162
451 162
451 163
451 164
452 164
452 165
452 166
452 168
452 169
452 171
452 173
452 175
452 178
452 180
452 183
452 186
452 190
452 194
452 197
452 201
451 207
451 212
450 217
450 222
449 226
449 231
449 235
448 239
448 241
448 243
448 245
449 246
448 247
448 248
448 249
448 250
448 251
448 252
448 253
448 254
447 254
447 255
446 256
445 256
444 257
443 258
442 259
440 260
438 261
436 262
433 263
430 264
427 265
423 267
420 268
416 270
412 272
409 274
405 276
402 278
398 280
395 282
392 283
389 285
386 287
384 289
381 290
379 292
377 293
376 294
374 295
373 296
372 296
371 297
370 297
370 298
369 298
368 298
367 299
366 299
366 300
365 301
364 301
364 302
363 302
362 302
361 302
360 302
359 302
357 302
356 302
354 301
352 301
349 300
346 300
343 299
340 299
337 299
333 298
329 298
325 298
321 298
317 297
313 297
309 297
305 298
301 298
298 298
295 298
291 298
289 298
286 298
284 299
282 299
280 299
278 299
277 299
276 300
275 300
274 300
273 300
272 300
271 300
271 301
270 301
269 301
268 301
268 300
267 300
266 300
265 300
264 300
264 299
262 299
261 297
259 296
257 294
255 291
252 288
249 285
246 282
244 278
241 275
238 271
235 268
232 265
229 262
227 260
224 257
221 255
218 253
216 250
213 248
211 246
209 244
207 242
206 241
204 239
203 238
202 238
202 237
201 236
200 236
200 235
199 235
199 234
199 233
198 232
198 231
198 230
198 228
197 225
197 223
197 220
196 216
196 211
195 206
195 201
194 195
194 190
194 184
193 179
193 174
193 170
193 166
193 162
192 159
192 157
192 154
192 153
191 151
191 150
191 149
191 148
190 147
190 146
191 146
192 145
193 145
194 144
195 143
197 142
199 141
201 140
203 139
206 137
209 135
212 133
216 131
220 129
225 127
229 125
234 122
239 120
244 118
248 116
253 113
257 111
261 109
265 108
268 106
271 105
274 104
276 103
278 102
279 101
280 101
281 100
282 100
283 99
284 99
284 98
285 98
286 97
287 96
