413
216 63
217 63
218 63
219 63
221 63
223 63
226 63
229 63
233 63
236 63
239 63
241 63
242 63
245 63
247 63
248 63
251 63
255 63
257 64
261 64
266 65
270 65
274 65
278 65
282 66
285 66
290 67
294 67
298 67
301 67
303 67
306 67
308 67
309 67
311 67
311 68
312 69
313 69
313 71
314 72
315 73
316 74
316 75
317 76
318 77
319 78
319 79
320 80
321 81
322 82
323 84
325 86
326 87
328 88
328 90
329 92
330 93
332 94
333 96
334 98
335 99
337 101
339 103
341 105
341 106
343 109
345 110
347 112
348 115
350 116
351 119
353 121
355 124
357 126
359 128
362 131
363 134
365 137
367 140
368 140
369 142
369 143
370 143
370 144
370 145
370 146
370 147
370 148
370 149
370 150
370 151
370 153
370 154
370 155
370 156
370 157
370 159
370 160
370 162
370 163
370 165
370 167
370 168
370 170
370 172
370 173
370 175
370 176
370 178
370 180
370 182
370 184
370 185
370 187
370 189
370 191
370 194
370 196
370 198
370 201
370 203
370 205
370 206
370 208
370 209
370 212
370 215
370 216
370 219
370 222
370 223
370 225
370 226
369 226
368 226
367 227
366 228
364 228
364 229
363 230
362 231
361 231
361 232
360 233
359 233
359 234
358 235
357 236
356 237
355 238
354 239
353 239
352 240
351 241
350 242
349 242
348 243
347 244
346 246
344 247
344 248
342 249
340 250
338 252
337 254
335 254
333 256
332 257
331 259
330 259
329 260
328 262
326 263
325 264
323 265
322 267
321 268
320 269
318 270
318 272
316 273
314 274
313 275
312 277
311 277
310 278
310 279
309 280
308 280
307 280
306 280
304 280
302 280
301 280
298 280
296 280
295 280
293 280
291 280
290 280
288 280
286 280
285 280
284 280
283 280
281 280
279 280
278 280
276 280
275 280
272 280
270 280
269 280
266 280
264 280
263 280
260 280
259 280
256 280
254 280
251 280
248 280
245 280
242 280
239 280
235 280
232 280
230 280
227 280
226 280
224 280
222 280
221 280
220 280
219 280
218 279
217 278
216 277
215 276
213 275
212 274
210 273
209 271
207 270
205 269
204 267
202 266
201 265
199 263
197 261
196 260
195 259
193 257
191 255
190 254
189 253
188 251
187 250
186 250
184 248
182 246
180 244
178 242
175 240
175 239
173 239
171 237
171 236
169 235
168 234
166 233
166 232
165 231
164 230
163 230
163 229
163 228
162 228
161 227
160 226
160 225
159 225
159 224
159 223
159 222
159 221
159 220
159 218
159 217
159 216
159 215
159 213
159 211
159 210
159 208
159 207
159 205
159 203
159 202
159 200
159 199
159 198
159 195
159 194
159 192
159 190
159 189
159 187
159 186
159 184
159 182
159 181
159 180
159 179
159 176
159 174
159 173
159 171
159 168
159 167
159 165
159 162
159 160
159 157
159 155
159 154
159 151
159 150
159 147
159 145
159 144
159 142
159 139
159 138
159 136
159 134
159 133
160 131
161 130
161 129
163 128
164 127
165 126
166 125
167 124
168 124
168 123
169 122
170 121
171 120
172 119
173 118
174 118
175 117
176 115
177 115
178 114
179 113
180 111
181 111
182 110
183 108
184 108
185 106
187 105
188 103
189 102
190 100
191 100
191 99
192 98
193 97
194 96
195 94
196 94
196 93
197 92
198 91
199 90
200 89
201 88
202 88
202 87
203 85
204 85
205 84
205 83
206 82
207 82
207 81
207 80
208 79
209 79
209 78
210 77
211 76
212 76
213 75
213 74
214 73
215 73
215 72
215 71
216 70
217 70
217 69
218 68
219 68
219 67
220 67
220 66
220 65
220 65
