410
140 86
142 86
144 86
147 86
151 86
154 86
157 86
160 86
163 86
164 86
167 86
169 86
170 86
172 86
175 86
176 86
179 86
181 86
183 86
185 86
187 86
189 86
191 86
192 86
195 86
198 86
201 86
202 86
205 86
206 86
209 86
212 86
215 86
218 86
220 87
223 87
224 87
224 88
224 89
225 91
226 92
227 94
228 95
228 97
229 98
230 98
230 100
231 101
231 102
231 103
233 104
234 105
234 106
235 107
236 108
237 110
238 112
239 114
240 114
240 115
241 117
242 117
243 119
244 120
245 121
247 123
248 125
250 128
251 129
253 131
254 133
256 135
257 136
258 138
259 140
261 142
262 143
263 145
264 148
265 149
267 151
269 154
270 156
271 158
271 159
271 160
271 161
271 162
271 163
271 164
271 165
271 167
271 168
271 170
271 172
271 173
271 174
271 175
271 176
271 177
271 178
271 179
271 180
271 182
271 184
271 185
271 186
271 187
271 188
271 189
271 191
271 192
271 193
271 194
271 195
271 197
271 199
271 201
271 203
271 205
271 206
271 207
271 209
271 210
271 211
271 213
271 214
271 216
271 219
271 221
271 222
271 223
271 224
271 225
271 226
270 227
269 227
268 228
268 229
267 229
266 230
266 231
265 232
264 232
263 233
262 234
261 235
260 236
259 236
259 237
258 238
257 239
256 239
256 240
255 241
254 241
253 243
253 244
251 245
250 246
249 247
248 249
246 251
245 251
245 252
244 253
243 253
242 254
242 255
241 256
240 256
240 258
240 259
239 259
238 260
237 261
236 262
235 264
234 264
233 265
232 267
231 268
230 268
229 268
228 268
227 268
226 268
224 268
223 268
220 268
217 268
215 268
213 268
212 268
210 268
208 268
207 268
206 268
205 268
204 268
203 268
202 268
201 268
200 268
198 268
196 268
195 268
193 268
192 268
191 268
188 268
187 268
184 268
182 268
181 268
179 268
178 268
175 267
173 267
172 267
170 267
167 267
166 267
164 267
163 267
161 267
159 267
158 266
156 266
154 266
153 266
152 266
150 265
149 265
148 265
146 265
145 265
144 265
143 265
142 264
141 264
140 264
139 264
139 263
138 262
138 261
137 260
137 259
136 258
135 257
134 255
133 253
133 252
132 251
131 250
131 249
130 247
129 245
128 244
128 243
127 242
126 241
126 240
125 238
124 238
124 236
123 236
122 235
122 234
121 233
120 231
120 230
119 230
118 229
117 227
117 226
116 224
115 223
114 222
113 220
113 219
112 217
111 216
110 215
110 214
110 213
109 213
109 212
109 211
109 210
109 209
109 208
109 207
109 206
109 205
109 204
109 203
109 202
109 201
109 200
109 199
109 197
109 196
109 195
109 194
109 193
109 191
109 190
109 189
109 188
109 187
109 185
109 184
109 182
109 181
109 180
109 178
109 177
109 176
109 175
109 174
109 172
109 171
109 169
109 167
109 165
109 164
109 162
109 161
109 159
109 158
109 157
109 155
109 153
109 151
109 150
109 148
109 147
109 146
109 145
109 144
109 143
111 142
112 141
113 139
114 138
115 137
117 136
117 135
118 134
119 134
119 133
120 132
121 131
122 131
122 130
123 129
124 129
125 128
126 127
127 126
128 125
129 124
130 124
130 123
131 122
132 121
133 120
135 119
135 118
136 118
137 117
138 116
139 115
140 114
140 113
141 112
142 111
142 110
144 110
144 109
145 108
146 107
147 106
148 105
150 104
151 103
152 102
152 101
153 101
154 100
155 99
157 98
157 97
158 97
159 96
160 95
161 94
162 94
163 93
164 92
165 91
166 91
166 90
167 89
168 89
168 88
169 87
170 87
170 87
