378
322 112
326 112
329 112
332 112
336 112
339 112
342 112
346 112
349 112
352 112
355 112
357 111
360 111
363 111
366 111
369 111
373 111
376 111
379 111
381 110
384 110
387 110
390 110
393 110
396 110
398 109
402 109
406 109
409 109
412 109
415 108
419 108
422 108
426 108
429 108
433 108
436 108
437 111
439 113
440 115
442 116
443 118
445 120
446 122
448 123
449 125
450 127
452 128
453 130
455 132
457 134
459 136
461 138
463 140
465 142
467 144
468 146
470 147
471 149
473 151
474 153
476 155
477 157
479 158
481 160
482 162
484 163
485 165
487 166
489 168
491 169
492 171
494 173
496 175
498 177
500 179
502 180
504 182
506 184
508 185
510 187
513 189
515 191
517 193
519 194
521 196
523 198
524 200
526 201
526 204
526 207
525 210
525 213
525 216
524 218
524 221
524 224
523 226
523 229
523 232
523 235
522 237
522 240
522 243
522 246
522 249
521 251
521 254
521 257
521 260
521 263
521 266
521 269
521 272
521 275
521 278
521 281
521 284
521 287
521 290
521 293
521 296
521 299
521 302
521 305
521 308
521 311
521 314
520 316
519 318
518 320
516 321
514 323
512 325
510 327
509 329
507 330
505 332
503 334
501 336
500 338
498 340
496 342
494 344
492 346
491 348
489 349
487 350
485 352
483 353
481 355
479 357
477 358
475 359
474 361
472 362
470 363
468 365
466 367
464 368
462 370
460 372
458 373
456 375
454 376
452 378
450 379
448 381
446 383
444 385
442 387
440 389
438 390
437 392
435 393
433 394
430 394
427 394
424 394
421 394
418 394
414 394
411 394
408 394
405 394
402 394
399 394
396 394
393 394
390 394
387 394
385 395
382 395
379 395
376 395
373 395
370 395
368 396
365 396
362 396
359 396
355 396
353 397
350 397
347 397
344 397
341 397
338 397
335 397
332 397
329 397
326 397
323 397
320 397
317 397
314 397
310 397
306 397
303 397
300 397
298 396
296 394
295 392
293 390
291 389
289 387
287 385
285 384
283 382
281 381
279 380
277 379
275 377
273 376
271 374
269 373
267 372
265 370
263 368
261 367
259 365
257 363
255 362
253 360
251 359
249 357
247 356
245 355
243 353
241 352
239 350
237 349
235 347
233 346
231 344
229 343
228 341
226 339
224 338
223 336
221 334
219 333
216 331
214 329
212 327
210 325
209 323
207 322
205 320
203 319
201 317
199 315
198 313
197 311
197 308
197 305
197 302
197 299
197 296
197 293
197 290
198 288
198 285
199 282
199 279
199 276
200 274
200 271
201 269
201 266
202 264
202 261
202 258
202 255
203 253
203 250
203 247
204 245
204 242
204 238
205 235
205 231
205 228
206 226
206 223
206 220
207 218
207 215
207 212
208 209
208 205
208 202
209 199
209 195
209 191
210 189
210 186
210 183
210 180
211 178
211 175
211 172
211 169
212 167
214 166
216 164
218 163
220 162
222 161
224 160
226 159
228 158
230 157
232 156
235 154
237 153
239 151
241 150
243 149
245 147
247 146
249 145
251 144
253 143
255 142
257 141
259 140
261 139
263 138
265 137
267 136
270 135
272 134
274 133
276 132
278 131
281 130
283 129
285 128
287 127
290 126
292 125
294 124
296 123
298 122
300 121
302 120
304 119
306 118
308 117
310 116
312 115
314 114
316 113
318 112
320 111
322 110
324 111
