340
287 86
292 88
294 88
296 88
298 88
301 88
303 87
306 87
310 87
313 86
317 86
321 86
325 85
329 85
333 85
337 85
341 84
345 84
349 84
353 84
357 83
360 83
363 83
366 83
369 82
372 82
375 82
377 82
379 82
381 82
383 81
384 81
386 81
387 81
388 81
389 81
389 80
390 81
391 81
392 82
393 82
393 83
394 84
395 84
396 85
397 86
398 87
399 88
400 90
402 91
403 92
404 94
406 96
408 97
409 99
411 101
413 103
414 105
416 107
418 108
420 110
422 112
424 114
426 116
427 118
429 120
431 122
433 124
434 126
436 127
437 129
439 130
440 132
441 133
442 134
443 135
444 136
445 137
446 138
447 139
448 139
448 140
449 140
450 141
451 141
451 142
451 143
452 143
452 144
452 145
452 146
453 147
453 148
453 150
453 151
453 153
454 155
454 158
454 160
454 163
454 166
454 168
455 171
455 174
455 176
456 179
456 182
457 184
457 187
458 190
458 192
459 194
459 197
459 199
459 201
459 204
459 206
459 208
459 210
459 212
458 214
458 216
458 218
458 220
458 221
458 222
458 224
458 225
458 226
459 227
459 228
459 229
459 230
459 231
459 232
458 233
458 234
457 235
457 236
456 237
455 239
454 240
452 242
451 245
449 247
447 249
445 252
443 255
441 258
438 261
436 264
434 267
431 270
429 273
426 275
424 278
422 281
420 283
418 285
416 287
414 289
413 291
412 293
410 295
409 296
408 298
408 299
407 300
406 300
406 301
405 301
405 302
404 303
403 304
402 305
401 305
400 305
399 305
398 305
397 305
396 305
395 305
394 305
392 305
390 305
388 305
385 305
382 305
379 305
376 306
373 306
370 306
366 306
363 306
359 306
355 306
351 307
348 307
344 307
340 307
336 307
332 308
328 308
324 308
321 309
317 309
314 310
311 310
308 310
305 311
302 311
300 311
298 311
296 311
294 312
292 312
291 312
289 312
288 313
287 313
286 313
285 313
284 313
283 313
282 313
281 313
280 313
279 313
278 312
277 312
277 311
276 311
275 310
273 309
272 309
271 308
269 306
267 305
265 303
263 301
261 299
258 297
256 294
253 292
250 289
248 287
245 284
242 282
239 280
237 277
234 275
231 273
229 271
226 269
224 267
222 266
220 264
218 263
216 262
215 261
214 260
212 259
211 258
210 257
209 256
208 255
207 255
206 254
205 254
205 253
205 252
205 251
205 250
205 249
205 247
205 245
205 242
205 239
205 235
205 231
205 226
205 221
205 215
205 210
205 204
205 198
205 193
205 188
205 184
205 180
204 176
204 173
204 170
204 168
204 166
203 164
203 162
203 161
203 160
203 159
203 158
203 157
204 157
205 156
205 155
206 155
207 154
208 153
209 151
211 150
213 148
215 146
217 144
220 141
223 139
226 136
229 133
233 130
237 126
241 123
246 119
250 116
254 113
258 110
262 107
265 105
268 103
271 101
273 100
275 99
277 98
279 97
280 97
281 96
282 96
283 95
284 95
284 94
285 94
285 93
