351
169 67
174 68
175 68
176 69
178 69
179 69
181 69
182 69
184 70
186 70
189 70
191 70
193 70
196 71
198 71
201 71
203 71
206 71
209 71
212 71
215 71
218 71
220 72
223 72
226 72
228 72
231 72
233 72
235 72
237 72
239 72
241 72
243 72
245 72
246 72
247 72
249 72
250 72
251 72
252 72
253 72
254 73
254 74
255 74
255 75
256 75
257 76
257 77
258 78
259 79
260 80
261 81
262 82
263 83
265 85
266 86
267 88
269 90
271 91
272 93
274 95
275 97
277 99
279 101
280 103
282 105
284 107
286 109
287 111
289 113
291 114
292 116
294 118
296 119
297 121
299 122
300 124
301 125
303 127
304 128
305 129
306 130
307 131
308 132
309 132
309 133
310 134
311 134
311 135
312 135
312 136
312 137
312 138
312 139
312 140
312 141
312 142
312 143
312 145
313 146
313 148
313 150
313 152
313 154
313 156
313 158
313 160
314 163
314 165
314 168
314 170
315 173
315 175
315 178
315 180
316 183
316 185
316 188
316 190
316 192
316 194
317 196
317 198
317 200
317 202
317 203
317 204
317 206
317 207
317 208
317 209
318 210
318 211
318 212
317 212
317 213
316 213
316 214
315 215
314 215
313 216
312 217
311 219
310 220
309 221
307 223
306 225
304 227
303 229
301 231
299 233
297 235
295 238
293 240
291 242
289 245
288 247
286 249
284 251
282 254
280 256
278 258
277 260
275 262
274 264
272 266
271 267
269 268
268 270
267 271
266 272
265 273
265 274
264 274
263 275
262 275
261 275
260 275
259 275
258 275
257 275
256 275
255 275
254 275
253 275
251 275
249 275
247 275
245 276
243 276
241 276
239 276
236 276
234 276
231 276
229 277
226 277
224 277
221 277
218 277
216 278
213 278
210 278
207 278
205 279
202 279
200 279
197 280
195 280
193 280
191 281
188 281
187 281
185 281
183 282
182 282
181 282
180 282
179 282
178 282
177 282
176 282
175 281
174 280
173 279
172 278
171 277
170 276
169 275
168 274
166 272
165 271
163 270
161 268
159 266
157 265
155 263
153 261
151 260
149 258
147 256
144 254
142 252
140 251
138 249
135 247
133 246
131 244
129 243
127 242
125 240
123 239
122 238
120 237
119 235
118 235
116 234
115 233
114 232
113 232
113 231
112 231
111 231
111 230
111 229
111 228
110 227
110 226
110 225
110 224
110 223
110 221
109 220
109 218
109 216
109 214
109 211
109 209
109 206
109 203
109 201
109 198
109 195
109 192
108 189
108 186
108 183
108 180
108 177
108 174
108 171
108 168
108 165
107 162
107 160
107 157
107 154
107 152
107 150
107 148
106 146
106 144
106 142
106 141
106 140
106 139
105 138
105 137
105 136
106 135
107 134
108 133
109 132
110 132
111 130
112 129
113 128
115 126
116 124
118 123
120 121
122 119
124 117
126 114
128 112
130 110
132 108
135 106
137 104
139 102
142 99
144 97
146 95
148 93
150 91
153 89
155 87
157 85
159 84
161 82
163 80
165 79
167 77
169 76
170 75
172 74
173 73
173 72
174 72
175 72
175 71
