302
312 127
315 126
318 126
320 125
324 125
327 125
330 124
334 124
338 124
342 124
344 123
349 123
353 123
355 122
358 122
362 122
366 122
369 122
371 121
375 121
379 121
383 121
387 120
390 120
394 120
398 120
402 120
406 120
409 120
411 119
414 119
417 119
420 119
422 120
424 122
426 124
428 125
430 126
432 128
434 129
436 130
438 132
440 133
442 135
444 136
446 138
448 140
450 142
452 144
455 145
457 147
459 149
461 151
464 152
466 154
468 155
470 157
473 158
475 160
477 161
480 162
482 164
484 165
487 166
489 167
491 168
493 169
495 171
497 172
499 173
501 174
503 175
505 176
507 178
508 180
508 183
509 185
509 189
509 192
510 194
510 197
510 200
510 203
510 206
510 210
510 213
510 216
510 219
510 222
509 224
509 227
509 230
510 233
510 236
510 239
510 242
511 244
511 247
512 249
512 252
512 255
513 257
513 260
513 263
513 266
514 269
514 272
514 275
514 278
513 280
512 282
511 284
510 286
509 288
507 290
505 292
504 295
503 297
501 299
500 301
499 303
497 306
495 309
494 311
493 313
491 315
490 317
489 319
487 321
485 324
483 326
482 328
480 330
479 332
478 334
476 337
475 339
474 341
473 343
471 345
470 347
468 349
467 351
465 353
464 355
463 357
461 359
460 361
458 362
455 362
452 362
450 363
447 363
444 363
442 364
439 364
436 365
433 365
430 365
428 366
425 366
422 366
419 366
416 367
413 367
409 367
406 367
402 367
398 367
396 368
393 368
389 368
386 368
384 369
380 369
376 369
372 370
369 370
366 370
363 370
359 370
356 371
353 371
350 371
346 371
344 372
341 372
338 372
335 372
333 373
331 372
329 371
327 369
325 368
323 366
321 364
319 362
317 360
315 358
313 357
311 355
309 353
307 351
305 350
304 348
302 346
300 345
298 343
296 341
294 339
293 337
291 335
289 333
288 331
286 330
284 328
283 326
281 324
280 322
279 320
277 318
275 316
274 314
272 313
271 311
270 309
268 307
266 305
264 304
263 302
261 301
260 299
258 298
257 296
255 295
254 293
254 290
254 287
254 284
254 281
254 277
254 274
254 271
254 268
255 266
255 263
255 259
255 255
255 252
255 249
255 246
255 243
255 240
256 238
256 235
256 232
256 229
256 226
255 224
255 221
255 218
255 215
255 212
256 209
256 206
256 203
256 199
256 196
256 193
256 190
257 188
257 185
258 182
259 180
260 178
261 176
263 174
265 172
267 170
269 168
270 166
273 164
275 162
277 159
280 157
282 155
284 153
285 151
288 149
290 146
292 144
294 142
297 140
299 138
302 136
304 134
306 133
308 131
310 130
312 128
314 127
315 128
