373
186 73
190 75
191 75
192 75
193 75
194 75
195 75
196 75
197 75
199 75
200 75
200 75
202 75
204 75
206 75
209 75
211 75
214 75
217 75
220 74
223 74
226 74
229 74
232 74
235 73
238 73
241 73
244 73
247 72
250 72
253 72
256 72
259 71
262 71
264 71
267 70
269 70
272 70
274 70
276 69
278 69
279 69
281 69
282 68
283 68
284 68
285 68
286 68
287 68
288 68
288 69
289 70
290 70
290 71
291 72
291 73
292 73
293 75
294 76
294 77
295 78
297 80
298 81
299 83
300 84
301 86
302 88
304 90
305 92
306 94
308 96
309 98
310 100
312 102
313 105
315 107
316 109
318 111
320 113
321 115
323 118
324 120
326 122
327 124
329 126
330 128
331 130
333 131
334 133
335 134
336 136
337 137
338 138
339 139
340 140
340 141
341 142
342 142
342 143
343 144
344 145
344 146
345 146
345 147
345 148
345 149
345 150
345 151
345 153
345 154
345 156
345 158
345 160
345 162
345 164
345 166
346 169
346 171
346 174
346 176
346 179
346 182
347 185
347 187
347 190
347 193
347 195
347 198
347 200
347 203
347 205
347 207
347 209
347 211
347 213
347 215
347 216
346 218
346 219
346 220
346 221
346 222
346 223
346 224
345 225
344 225
344 226
343 226
342 227
341 228
340 229
339 230
337 232
336 233
334 235
332 236
331 238
329 240
327 242
325 244
323 245
321 248
318 250
316 252
314 254
312 256
310 259
307 261
305 263
303 265
301 267
299 269
297 271
295 273
293 274
292 276
290 277
288 279
287 280
286 281
284 283
283 284
282 284
282 285
281 286
280 286
279 287
278 287
277 287
276 287
275 287
274 288
273 288
271 288
270 288
268 289
266 289
264 289
262 290
260 290
258 291
255 291
253 291
250 292
247 292
245 293
242 293
239 294
236 294
234 294
231 295
228 295
225 296
222 296
220 297
217 297
214 298
211 298
209 299
206 299
204 300
201 300
199 300
197 300
195 301
194 301
192 301
191 302
189 302
188 302
187 302
186 302
186 303
185 302
184 301
183 300
182 299
181 298
180 297
179 296
178 295
177 293
176 292
175 291
173 289
171 287
170 286
168 284
166 282
164 280
161 279
159 277
156 275
154 273
152 272
149 270
147 268
144 267
141 265
139 264
136 262
134 261
131 259
129 258
127 257
124 255
122 254
121 253
119 252
117 251
116 250
115 249
113 248
112 247
111 246
110 246
109 245
108 245
109 245
108 245
108 244
108 243
108 242
108 241
108 240
108 239
107 238
107 236
107 235
107 233
107 230
106 228
106 226
106 223
105 221
105 218
105 215
105 212
105 209
104 205
104 202
104 199
104 195
104 192
104 189
103 186
103 183
103 180
103 177
103 174
102 172
102 169
102 167
102 165
101 163
101 162
101 161
101 160
101 159
100 158
100 157
100 156
101 156
101 155
102 155
102 154
103 154
104 153
105 152
106 151
108 150
109 148
111 147
112 145
114 144
116 142
118 140
121 138
123 136
125 134
128 132
130 129
133 127
135 125
138 122
141 120
143 118
146 115
148 113
151 111
153 109
156 107
158 105
160 103
162 101
164 99
166 98
168 96
170 94
172 93
173 91
175 90
176 89
177 88
178 87
179 87
179 86
180 85
181 85
182 84
182 84
182 83
181 84
