346
170 70
175 70
177 69
178 69
180 69
182 70
184 70
186 70
188 70
191 70
194 70
196 70
199 70
203 70
206 70
209 70
212 70
216 70
219 70
222 70
225 70
228 71
231 71
234 71
237 71
239 71
242 71
244 71
246 71
248 71
250 71
252 72
253 72
254 72
255 72
256 72
257 72
258 72
259 73
260 74
261 75
262 76
263 77
264 78
265 79
266 80
267 82
269 83
270 84
271 86
273 88
274 89
275 91
277 93
278 95
280 97
282 98
283 101
285 103
287 105
288 107
290 109
292 111
293 113
295 114
296 116
298 118
300 120
301 121
303 123
304 124
305 126
307 127
308 128
309 129
310 130
311 131
312 132
313 133
314 133
314 134
314 135
314 136
314 137
314 138
314 139
314 141
314 142
315 144
315 145
315 147
315 149
315 151
316 153
316 156
316 158
317 161
317 163
317 165
318 168
318 171
318 173
319 176
319 179
320 181
320 184
320 186
321 189
321 191
322 193
322 195
322 197
323 199
323 201
323 203
323 205
324 206
324 208
324 209
324 210
325 211
325 212
326 213
325 213
324 213
324 214
323 214
323 215
322 215
321 216
320 217
319 218
317 219
316 220
315 221
313 223
312 224
310 226
309 228
307 230
306 231
304 233
302 235
300 237
299 239
297 241
296 243
294 245
292 247
291 249
290 251
288 252
287 254
286 256
285 258
284 259
283 261
282 262
281 264
280 265
279 266
278 267
277 268
277 269
276 270
276 271
275 271
275 272
274 272
273 272
272 272
271 272
270 272
269 272
268 272
267 272
265 272
264 272
262 272
260 272
258 272
256 272
254 272
252 273
249 273
246 273
244 273
241 274
238 274
235 274
232 274
229 275
226 275
223 275
219 276
216 276
213 276
210 277
207 277
204 277
202 277
199 278
197 278
194 278
192 278
189 278
187 278
185 278
183 278
181 278
180 278
178 278
177 278
176 278
175 278
174 278
173 278
173 277
172 277
172 276
171 275
170 274
169 273
169 272
168 271
167 270
166 268
164 267
163 265
161 264
160 262
158 260
156 258
154 256
152 254
150 252
148 250
146 248
144 246
141 244
139 242
136 239
134 237
132 235
129 233
127 231
124 229
122 227
120 225
118 223
116 221
114 219
112 218
110 216
109 215
107 214
106 213
104 212
103 211
102 211
101 210
100 209
99 209
99 208
99 207
99 206
99 205
99 204
98 203
99 202
98 200
99 198
99 196
99 194
99 192
99 189
98 187
98 184
98 181
98 178
98 175
98 172
98 169
97 166
97 163
97 160
97 157
97 154
97 152
97 149
97 146
97 144
97 142
97 140
97 138
97 136
97 135
97 133
97 132
97 131
97 130
97 129
97 128
98 128
98 127
99 127
100 126
101 125
102 124
103 123
104 122
106 120
108 119
110 117
112 115
115 113
117 111
120 109
123 106
125 104
128 102
131 100
134 97
136 95
139 93
142 91
144 89
147 88
150 86
152 84
154 83
156 81
158 80
160 79
162 77
164 76
166 75
167 74
169 73
170 72
171 72
172 71
173 71
173 70
174 70
175 70
