417
214 51
218 51
219 51
220 51
221 51
222 51
224 51
226 51
227 51
229 51
231 51
233 51
235 51
237 51
239 51
241 50
243 50
246 50
248 50
250 50
253 50
256 50
258 50
261 50
263 50
266 50
268 50
271 50
274 50
276 50
279 50
282 50
284 50
287 50
290 50
292 50
295 50
297 50
300 51
302 51
303 51
305 51
307 51
308 51
309 51
310 51
311 51
312 51
313 51
312 51
313 51
313 52
314 52
314 53
315 53
315 54
316 54
316 55
317 55
318 56
319 56
320 57
320 58
321 59
323 59
324 60
325 61
326 62
327 63
329 64
330 64
331 65
332 66
333 67
335 67
336 68
338 69
339 70
341 71
342 71
344 72
346 74
347 75
349 76
351 77
352 78
354 79
355 81
357 82
359 83
360 84
361 85
363 86
365 87
366 88
367 89
369 89
370 90
371 90
372 90
372 91
373 91
374 91
374 92
374 91
374 92
374 93
374 94
374 95
374 96
374 97
375 98
375 99
375 100
375 101
375 102
375 103
375 104
375 105
376 107
376 108
376 109
376 110
376 112
376 113
377 114
377 116
377 117
377 118
377 120
377 122
377 123
378 125
378 127
378 128
378 130
378 132
378 133
379 135
379 136
379 138
379 139
379 141
380 142
380 144
380 146
380 147
381 149
381 150
381 152
381 153
381 154
382 156
382 157
382 158
382 159
382 160
382 161
383 161
383 160
383 161
383 160
383 161
383 162
382 162
382 163
381 163
381 164
381 165
380 165
380 166
379 166
379 167
379 168
378 168
377 169
377 170
377 171
376 172
375 173
375 174
374 175
373 176
372 177
371 178
370 179
369 180
367 181
366 182
365 183
363 185
362 186
361 187
360 189
358 191
357 192
355 194
354 195
353 197
351 199
350 200
348 202
347 203
345 205
344 206
342 207
341 208
340 209
339 210
339 211
338 212
337 213
337 214
337 215
336 215
337 215
336 215
337 215
336 215
335 215
334 215
333 215
333 216
332 216
331 216
330 216
329 216
328 216
326 216
325 217
323 217
322 217
320 217
318 217
316 218
314 218
312 218
310 218
308 218
306 219
304 219
302 219
299 219
297 219
294 220
292 220
289 220
286 220
284 220
281 221
279 221
276 221
273 221
271 222
268 222
266 222
264 222
261 222
259 223
257 223
255 223
253 223
251 223
249 224
247 224
246 224
244 224
243 224
242 224
241 224
240 225
239 225
238 225
238 224
237 224
236 223
235 222
234 221
233 221
232 220
231 219
230 218
228 218
227 217
225 216
224 215
223 214
221 213
220 212
218 211
216 211
215 210
213 209
212 208
210 207
208 206
206 205
204 204
202 203
201 202
199 201
197 200
195 199
194 197
192 196
190 195
189 194
187 193
186 192
185 191
183 190
182 190
181 189
180 188
179 188
179 187
178 187
178 186
178 185
177 185
177 184
177 183
176 182
176 181
175 180
175 179
175 178
174 177
174 176
174 174
174 173
174 172
174 170
174 169
174 167
174 165
174 164
174 162
174 161
174 159
174 158
174 156
174 154
174 152
174 150
173 149
173 147
173 144
173 142
173 141
173 139
173 137
172 135
172 133
172 131
172 129
172 127
171 125
171 123
171 122
171 120
171 119
171 117
170 116
170 115
170 114
170 113
170 112
169 112
169 111
170 111
170 110
171 110
171 109
172 109
172 108
173 108
173 107
173 106
174 105
175 103
176 102
176 101
177 100
178 99
179 98
181 97
182 95
183 94
185 93
186 91
187 90
189 89
191 87
192 86
194 84
195 82
197 81
198 79
199 77
201 75
202 73
204 72
205 71
207 69
208 68
209 67
210 66
211 65
212 65
212 64
213 64
213 63
214 63
214 62
214 63
214 62
