694
257 75
262 74
263 74
264 74
265 74
266 73
268 73
269 73
271 73
272 73
274 72
276 72
277 72
279 72
281 71
283 71
285 71
287 71
289 71
290 70
292 70
294 70
296 70
297 70
299 70
301 70
302 70
304 69
306 69
308 69
309 69
311 69
313 69
315 69
316 69
318 69
320 69
322 69
323 69
325 68
327 68
328 68
330 68
332 68
333 68
335 68
337 68
339 68
341 68
342 67
344 67
346 67
348 67
350 67
352 67
354 67
356 67
359 66
361 66
363 66
365 66
368 66
370 66
373 66
375 66
378 65
380 65
383 65
385 65
388 65
391 64
393 64
395 64
397 64
399 64
401 64
402 64
403 64
404 64
405 64
406 64
406 65
407 65
407 66
408 66
408 67
409 67
410 68
411 68
411 69
412 69
413 70
414 71
415 71
416 72
417 73
418 73
419 74
420 75
421 76
422 77
423 78
424 78
425 79
426 80
427 81
428 82
428 83
429 84
430 85
431 85
432 86
432 87
433 88
434 89
435 90
436 91
436 92
437 93
438 94
439 95
440 96
441 96
441 97
442 98
443 99
444 100
446 101
447 102
448 103
449 104
450 105
451 106
452 107
453 108
454 109
456 110
457 111
458 112
459 113
460 114
461 115
463 116
464 117
465 118
466 119
468 120
469 121
470 122
472 123
473 124
474 125
476 126
477 127
478 128
479 129
481 130
482 132
483 133
484 134
485 135
486 137
487 138
489 139
490 140
491 141
492 142
493 143
494 144
495 145
496 146
497 147
498 148
499 148
499 149
500 149
500 150
501 150
501 151
502 152
502 153
502 154
502 155
502 156
503 157
503 158
503 159
503 160
503 161
503 163
503 164
504 165
504 166
504 167
504 168
504 169
504 170
504 171
505 172
505 173
505 174
505 175
505 176
505 177
505 178
505 180
505 181
505 182
505 183
505 184
505 185
505 186
505 187
505 188
505 189
505 190
505 191
505 192
505 193
505 194
505 195
505 196
505 197
505 198
505 200
505 201
505 202
505 203
505 204
505 205
505 206
505 207
505 209
505 210
505 211
505 213
505 214
505 215
505 216
505 218
505 219
505 220
505 222
505 223
505 224
505 226
505 227
505 228
505 230
505 231
505 233
505 234
505 236
505 237
504 239
504 241
504 242
504 244
504 245
504 247
504 248
504 250
504 251
504 253
504 254
504 255
504 257
504 258
504 259
504 260
504 261
504 262
504 263
504 264
504 265
503 265
503 266
502 267
501 268
501 269
500 270
499 271
498 272
497 273
496 274
495 275
494 276
493 277
492 278
491 279
490 280
488 281
487 282
486 284
485 285
484 286
482 287
481 288
480 289
479 291
477 292
476 293
475 294
474 296
472 297
471 298
470 299
469 300
467 301
466 302
465 304
463 305
462 306
461 307
459 308
458 309
457 311
455 312
454 313
453 314
451 315
450 317
449 318
447 319
446 321
444 322
443 323
442 324
440 326
439 327
438 328
436 329
435 331
434 332
433 333
431 334
430 336
429 337
428 338
426 340
425 341
424 342
422 344
421 345
420 346
419 348
417 349
416 350
415 351
414 352
413 353
412 354
411 354
410 355
410 356
409 356
408 357
407 357
407 356
406 356
405 356
404 356
403 357
402 357
401 357
399 357
398 357
397 357
395 357
394 357
393 357
391 357
390 357
388 357
386 358
385 358
383 358
382 358
380 358
378 358
377 358
375 358
373 358
371 359
370 359
368 359
366 359
364 359
362 359
360 359
359 359
357 359
355 360
353 360
351 360
349 360
348 360
346 360
344 360
342 360
339 361
337 361
335 361
333 361
331 361
329 361
326 362
324 362
322 362
320 362
318 362
316 362
314 363
312 363
311 363
309 363
307 363
305 363
304 364
302 364
301 364
299 364
298 364
296 364
295 364
294 364
292 365
291 365
290 365
288 365
287 365
285 365
284 365
282 365
281 365
279 365
278 366
277 366
275 366
274 366
273 366
272 366
271 366
270 366
269 367
268 367
268 366
267 366
267 365
266 365
266 364
265 364
265 363
264 362
263 362
263 361
262 360
261 359
260 358
260 357
259 356
258 355
257 354
256 353
255 352
254 351
253 350
252 349
251 348
250 346
249 345
247 344
246 343
245 342
244 341
243 339
242 338
241 337
240 336
239 335
238 334
237 333
236 332
234 331
233 330
232 329
231 328
230 326
229 325
228 324
227 323
226 322
225 320
224 319
223 318
222 316
221 315
220 314
219 313
218 311
217 310
216 309
215 308
213 307
212 306
211 304
210 303
209 302
207 301
206 300
205 299
203 297
202 296
201 295
199 294
198 292
197 291
196 290
195 289
193 288
192 287
191 285
190 284
189 283
188 282
187 281
186 280
185 279
184 278
183 277
182 277
181 276
181 275
180 274
179 274
179 273
178 273
178 272
177 272
177 271
176 271
176 270
176 269
176 268
175 267
175 266
175 265
175 264
175 262
174 261
174 260
174 259
174 258
174 257
174 256
174 254
174 253
174 252
173 251
173 249
173 248
173 247
173 245
173 244
173 242
173 241
173 240
173 238
173 237
173 235
172 234
172 233
172 231
172 230
172 229
172 227
172 226
172 224
172 223
172 222
172 220
172 219
172 217
172 216
172 214
172 213
172 211
172 209
172 208
172 206
172 205
172 203
171 202
171 200
171 199
171 197
171 196
171 194
170 193
170 191
170 189
170 188
170 186
170 184
170 183
170 181
170 179
170 178
169 176
169 175
169 173
169 172
169 170
169 169
169 167
169 166
169 164
169 163
169 161
169 159
169 158
169 157
169 156
169 155
169 154
169 153
169 152
169 151
169 150
169 149
169 148
170 148
170 147
171 146
172 145
173 145
174 144
175 142
176 141
178 140
180 139
181 137
183 136
185 135
186 133
188 132
190 130
191 129
193 128
194 126
196 125
197 124
199 122
201 121
202 120
204 119
205 117
207 116
209 115
210 113
212 112
214 110
216 109
217 108
219 106
221 105
223 103
225 102
227 100
228 99
230 98
232 96
234 95
236 94
238 93
239 91
241 90
243 89
244 88
245 87
247 86
248 85
249 84
250 83
251 82
252 81
253 80
254 79
255 78
256 77
257 76
258 76
257 77
257 77
