343
204 70
208 71
209 71
211 71
212 71
214 70
215 70
217 70
219 70
221 70
223 70
226 69
228 69
231 69
234 69
236 68
239 68
242 68
245 67
248 67
251 67
254 66
256 66
259 66
261 66
264 66
266 66
268 66
270 66
272 66
273 66
274 66
276 66
277 66
278 66
279 66
279 67
280 67
280 68
281 69
281 70
282 70
283 71
283 72
284 73
285 74
286 75
286 76
287 78
289 79
290 81
291 83
292 84
294 86
295 87
297 89
298 91
300 92
301 94
302 96
304 97
305 99
307 101
308 102
309 104
310 105
312 107
313 108
314 109
315 111
316 112
317 113
318 114
319 115
320 115
321 116
322 117
323 117
324 118
324 119
325 119
326 119
326 120
327 120
327 121
327 122
327 123
327 124
327 125
327 126
327 127
327 128
327 130
327 131
327 133
327 135
328 137
328 139
328 141
328 143
328 147
329 150
329 152
329 155
329 157
330 159
330 162
330 164
330 166
331 168
331 171
331 173
331 175
332 177
332 179
332 181
332 183
332 185
333 187
333 188
333 190
333 191
333 192
334 193
334 194
334 195
335 195
335 196
336 197
335 197
334 197
333 198
332 198
331 199
330 200
329 201
327 202
325 203
324 204
322 205
320 207
318 208
316 210
314 212
312 213
310 215
307 217
305 218
303 220
301 222
299 224
297 226
295 228
293 229
291 231
289 233
287 235
286 236
284 238
283 239
282 240
281 241
280 242
279 243
278 244
277 244
276 244
275 244
274 244
273 243
272 243
271 243
269 243
268 243
266 243
265 243
263 243
261 243
259 243
257 243
255 243
252 243
250 243
247 243
245 243
242 244
239 244
236 244
233 244
230 244
227 245
224 245
221 245
218 246
215 246
212 246
209 247
206 247
204 247
201 247
199 248
196 248
194 248
192 248
191 248
189 248
188 248
186 248
185 248
184 248
183 248
182 248
181 248
181 247
180 247
180 246
179 246
179 245
178 244
177 243
176 242
175 241
173 240
172 239
171 237
169 236
167 234
165 233
163 231
161 229
159 227
156 226
154 224
151 222
149 220
146 219
144 217
141 216
138 214
136 213
133 211
131 210
128 208
126 207
124 206
122 205
120 204
119 203
117 202
116 201
115 200
114 200
113 199
112 199
111 199
111 198
110 198
111 198
111 197
111 196
111 195
111 194
111 193
110 191
110 189
110 187
110 185
110 182
110 180
109 177
109 174
109 170
109 167
109 163
109 160
109 156
108 153
108 149
108 146
108 142
108 139
108 136
108 133
108 130
108 127
107 125
107 122
107 120
107 118
107 117
106 115
106 114
106 113
106 112
105 111
105 110
104 110
105 110
106 110
106 109
107 109
108 109
109 108
110 108
112 107
113 106
115 105
117 104
119 103
121 102
123 101
126 99
128 98
131 97
134 95
138 94
141 93
144 91
147 90
150 89
154 87
157 86
160 85
163 84
166 82
169 81
172 80
174 79
177 78
179 77
181 76
183 75
185 74
187 73
188 72
190 71
191 71
192 70
193 69
194 69
195 69
195 68
194 67
