418
191 47
193 46
194 46
196 46
197 46
198 46
200 46
201 46
203 46
204 46
206 47
208 47
210 47
212 47
214 47
216 46
218 46
220 46
222 46
224 46
226 46
228 46
231 46
233 46
235 45
238 45
240 45
242 45
244 45
246 45
248 45
250 45
252 46
254 46
256 46
258 46
260 46
261 46
262 46
263 46
264 46
265 46
264 46
265 46
265 47
266 47
266 48
267 49
268 50
269 50
269 51
270 51
270 52
271 53
272 54
273 55
274 57
275 58
276 59
278 60
279 61
280 62
281 63
283 64
284 65
285 66
287 67
288 69
289 70
291 71
292 72
293 73
295 75
296 76
297 77
299 79
300 81
302 82
303 84
305 85
306 86
308 88
309 89
311 90
312 91
313 92
314 93
315 94
316 95
317 95
318 96
319 97
320 98
321 99
322 100
323 100
324 101
324 102
325 102
325 103
326 103
326 104
326 105
326 106
327 107
327 108
327 109
327 110
327 111
327 112
327 113
327 114
327 115
327 116
327 117
327 118
327 119
327 121
327 123
327 124
327 126
327 127
327 129
327 131
327 132
327 134
327 136
328 138
328 139
328 141
328 143
328 145
328 148
328 150
328 152
329 154
329 156
329 158
329 160
329 162
329 163
328 165
328 167
328 170
328 172
328 174
328 176
328 177
328 179
328 181
328 182
328 183
328 184
328 185
328 186
328 187
328 188
329 189
329 190
329 191
328 191
328 192
327 192
327 193
326 193
326 194
325 195
324 196
323 197
322 198
321 199
320 199
319 200
319 201
318 202
317 203
316 203
315 204
313 205
312 206
311 207
310 208
309 209
307 210
306 212
304 213
303 214
301 216
299 217
297 219
295 220
293 222
291 223
289 225
286 226
284 227
282 228
280 229
278 231
277 232
275 233
273 234
272 235
270 235
269 236
268 237
267 238
266 239
265 239
265 240
264 240
263 240
262 240
261 240
260 240
259 240
258 240
257 240
256 240
254 241
253 241
251 241
249 241
248 241
246 241
245 242
243 242
241 242
240 242
238 242
236 242
234 242
232 242
229 243
227 243
225 243
223 243
221 243
219 243
216 243
214 243
212 244
210 244
207 244
205 244
203 244
201 244
199 244
198 245
196 245
195 245
193 245
192 245
191 245
190 245
189 245
188 245
187 245
186 245
185 245
184 245
185 245
184 245
184 244
183 244
183 243
182 243
182 242
181 242
181 241
180 241
180 240
179 239
178 238
178 237
177 236
176 235
175 234
174 233
173 232
172 231
171 230
169 229
168 228
167 227
165 226
164 224
162 223
161 222
159 221
158 219
156 218
155 216
154 215
153 213
152 212
150 211
150 210
149 209
148 208
147 207
146 206
146 205
145 205
145 204
144 204
144 203
143 203
143 202
143 201
143 200
143 199
142 199
142 198
142 197
142 196
142 195
141 194
141 193
141 191
141 190
141 189
141 187
141 186
141 185
141 183
141 182
141 181
141 179
141 177
141 176
141 174
141 172
141 170
141 168
141 166
141 164
141 162
141 160
141 158
141 156
141 154
141 152
141 150
141 148
141 146
141 144
141 142
141 140
141 138
141 137
140 135
140 133
140 132
140 130
140 129
140 127
140 125
141 124
141 123
141 122
141 121
141 120
141 119
141 118
140 118
141 118
140 118
140 117
140 118
141 118
141 117
141 116
142 116
142 115
143 115
144 114
145 113
146 112
147 111
148 110
149 109
150 107
151 106
152 105
153 103
154 101
155 100
157 98
158 96
159 95
161 93
162 92
164 90
166 88
168 86
169 85
171 83
173 81
174 79
176 77
177 75
179 73
180 71
182 70
184 68
185 67
187 65
188 64
189 63
191 62
192 60
193 59
194 58
194 57
195 56
194 57
195 57
