329
329 99
333 98
336 98
339 98
342 98
345 98
348 98
352 98
354 97
357 97
361 97
364 97
367 97
370 97
372 96
375 96
378 96
381 96
384 96
387 96
390 96
393 96
396 96
399 96
402 96
405 96
408 96
411 96
414 96
418 96
421 96
425 96
429 96
432 95
435 95
438 95
441 95
443 96
444 98
446 100
448 102
449 104
451 105
453 107
455 109
457 111
459 112
461 114
463 116
465 118
466 120
468 122
470 124
472 126
474 128
475 130
477 131
479 133
481 135
483 137
485 138
487 140
489 141
491 143
493 145
494 147
496 148
498 150
500 152
501 154
503 156
505 158
507 160
509 162
511 163
512 165
514 166
516 167
518 168
519 170
519 173
519 176
520 178
520 182
520 185
520 188
520 191
521 194
521 197
521 200
521 203
521 206
521 209
520 211
520 214
520 218
519 220
520 222
520 225
521 227
521 230
522 233
522 236
523 239
523 242
524 245
524 248
524 251
524 255
524 258
524 261
524 264
524 267
524 270
524 273
524 276
523 278
522 280
521 282
520 284
519 287
518 289
516 291
515 293
513 295
511 297
509 299
507 301
505 303
503 306
502 308
500 310
498 312
496 313
494 315
493 317
491 318
489 320
487 322
485 324
483 326
481 327
480 329
478 331
476 332
474 334
473 336
471 338
469 340
467 341
466 343
464 344
463 346
461 347
460 349
458 350
456 352
453 353
450 353
448 354
445 354
442 355
439 355
435 355
432 356
429 356
426 356
423 356
420 356
417 356
414 356
411 356
408 356
406 357
403 357
400 357
397 357
394 357
391 357
388 357
384 357
381 357
377 358
373 358
369 358
366 358
362 358
358 358
354 358
350 358
346 358
343 358
341 359
339 358
336 358
333 358
332 356
330 355
328 353
326 351
324 350
322 349
320 347
318 346
317 344
315 343
313 342
311 341
310 339
308 338
306 337
304 335
302 334
300 333
298 332
296 330
294 329
292 328
290 326
288 325
286 323
284 322
281 320
279 318
277 316
275 314
272 313
270 311
267 309
265 307
263 306
261 304
259 301
257 299
255 297
253 296
251 294
249 292
247 291
245 289
243 288
241 287
239 285
237 284
235 283
234 281
234 278
233 275
233 272
233 269
234 267
234 264
234 261
234 257
235 255
235 252
235 249
235 246
235 243
235 240
235 237
236 235
236 232
236 229
237 227
237 224
237 221
237 218
238 216
238 213
239 211
239 208
240 205
240 202
240 199
241 197
241 194
241 191
242 189
242 186
242 183
242 180
242 177
242 173
242 170
242 167
242 164
242 161
242 158
242 155
244 153
246 152
248 150
250 149
253 147
255 145
257 144
260 142
262 141
265 139
267 137
270 135
272 134
275 132
277 131
280 129
282 127
284 126
287 124
290 122
291 120
293 119
296 117
299 115
301 114
304 113
307 111
309 110
312 108
315 107
318 105
320 104
322 103
324 102
326 101
328 100
330 99
332 98
333 98
