419
209 58
212 58
214 58
215 58
217 58
219 58
221 58
223 58
226 58
228 58
231 58
234 58
237 57
240 57
243 57
246 57
249 57
253 57
256 57
259 57
262 57
265 57
267 56
270 56
272 56
274 56
276 56
278 56
279 57
281 57
282 57
283 57
284 57
285 57
286 57
285 57
286 57
286 58
286 59
286 60
287 60
287 61
288 61
288 62
289 62
289 63
290 63
290 64
291 65
292 65
292 66
293 66
293 67
294 67
295 68
295 69
296 69
297 70
298 71
299 72
300 72
301 73
302 74
303 75
304 76
306 77
307 79
308 80
309 81
310 82
312 84
313 85
315 86
316 87
318 88
319 89
321 90
323 91
324 92
326 93
328 94
329 95
331 96
332 97
334 98
335 99
336 100
338 101
339 102
340 103
341 104
342 105
343 106
344 107
345 107
345 108
346 108
346 109
347 109
347 110
347 111
347 112
348 113
348 114
348 115
348 116
349 117
349 118
349 119
349 120
349 122
349 123
349 124
349 126
349 127
350 129
350 131
350 132
350 133
350 135
350 136
351 138
351 139
351 141
351 142
351 144
352 146
352 148
352 150
352 152
353 154
353 155
353 157
353 159
353 160
354 162
354 164
354 165
354 167
354 169
354 170
354 172
354 173
355 175
355 176
355 177
355 178
355 179
355 180
355 181
355 182
354 182
354 183
353 184
352 185
351 186
350 187
349 188
349 189
348 190
347 190
346 191
345 192
344 194
343 195
342 196
341 197
339 198
338 200
337 201
336 202
335 203
334 204
333 205
331 206
330 207
329 208
327 209
326 210
324 212
322 213
321 214
319 216
318 217
316 218
314 220
313 221
312 222
310 223
309 224
308 225
307 226
306 227
305 227
304 228
303 229
302 230
301 230
301 231
300 231
301 231
300 231
301 231
300 231
301 231
300 231
301 231
300 231
299 231
298 232
297 232
296 232
295 232
294 232
293 232
292 232
291 232
290 232
288 232
287 233
285 233
283 233
281 233
280 233
278 233
275 233
273 234
271 234
269 234
267 234
265 234
262 234
260 235
258 235
255 235
253 235
250 235
248 235
246 236
244 236
242 236
240 236
238 236
237 236
235 237
233 237
232 237
230 237
229 237
228 237
227 237
226 237
225 237
225 236
224 236
223 236
223 235
222 235
221 234
220 233
219 233
218 232
217 232
216 231
215 230
214 230
213 229
212 228
210 228
209 227
208 226
207 225
205 224
204 223
202 222
201 220
200 219
198 218
197 216
196 215
194 214
193 212
191 211
189 210
188 208
186 207
184 206
183 205
181 204
179 203
178 202
177 201
176 200
175 200
174 199
173 198
172 197
171 196
171 195
170 195
170 194
169 194
170 194
169 194
170 194
170 193
169 193
169 192
169 191
169 190
169 189
169 188
168 187
168 186
168 185
168 184
168 183
168 182
168 181
168 180
168 179
168 178
168 177
168 175
168 174
168 172
168 171
167 169
167 167
167 165
167 164
167 162
167 160
167 158
167 157
167 155
166 153
166 151
166 148
166 146
166 144
165 142
165 140
165 138
165 136
165 135
165 133
165 131
164 130
164 128
164 126
164 125
164 123
164 122
164 121
163 120
163 119
163 118
164 118
163 118
164 118
165 118
165 117
166 116
167 115
168 114
169 113
170 112
171 111
171 110
172 109
173 108
173 107
174 106
175 105
176 103
177 102
178 100
179 99
180 97
182 96
183 94
184 93
186 92
187 90
189 89
190 87
192 86
193 84
194 83
195 81
196 80
198 79
198 77
199 76
200 75
201 74
201 73
202 73
202 72
203 72
203 71
204 71
204 70
204 69
204 70
205 70
204 70
205 70
204 70
205 70
204 70
204 69
205 69
205 70
204 70
204 69
204 70
204 69
