338
280 89
284 90
286 90
288 90
291 90
294 90
298 90
301 90
305 89
310 89
314 88
319 88
323 87
327 87
332 86
336 86
340 85
344 85
348 85
352 84
356 84
359 84
363 83
366 83
369 83
371 83
374 83
376 82
378 82
380 82
382 82
383 82
384 82
385 82
386 81
386 82
387 82
388 82
389 82
390 83
391 84
392 85
393 86
394 87
395 88
397 89
398 90
399 91
401 92
403 94
404 95
406 97
408 98
410 100
412 101
414 103
416 105
418 107
419 109
421 111
423 113
425 116
427 118
428 120
430 122
432 124
434 126
435 127
437 129
438 131
439 132
441 134
442 135
443 136
444 138
445 139
446 140
446 141
447 141
448 142
449 143
450 144
451 144
451 145
452 145
452 146
453 147
453 148
454 149
454 150
454 152
454 153
455 155
455 157
455 159
455 161
455 163
455 166
454 169
454 172
454 175
454 178
454 181
453 185
453 188
453 191
453 194
453 197
453 200
453 203
453 206
453 208
453 211
453 213
453 216
453 218
453 220
453 222
453 224
453 225
453 226
453 227
453 228
453 229
453 230
453 231
454 231
454 232
454 233
453 233
453 234
452 234
452 235
451 236
450 237
449 238
448 239
447 241
445 242
443 244
442 246
439 248
437 250
435 252
433 254
430 256
427 259
425 261
422 263
419 266
417 268
414 271
411 273
409 276
407 278
405 280
403 282
401 284
400 286
398 288
397 290
396 291
395 292
394 294
393 295
392 296
392 297
391 297
390 298
390 299
389 299
389 300
388 300
387 301
386 301
385 302
384 302
383 302
382 302
381 302
380 303
378 303
377 303
375 303
373 303
371 303
369 303
366 303
364 304
361 304
358 304
355 304
353 305
350 305
346 305
343 306
340 306
337 306
334 307
330 307
327 307
323 308
320 308
317 308
314 309
311 309
308 309
306 309
303 310
301 310
299 310
297 310
295 310
294 311
293 311
291 311
290 311
289 311
288 311
287 311
286 311
285 311
284 311
284 310
283 310
282 309
281 309
280 308
279 307
278 306
276 305
274 304
273 302
271 301
269 299
267 297
265 294
262 292
260 289
258 287
256 284
253 281
251 279
248 276
246 274
244 272
242 270
240 268
238 266
236 265
234 263
232 262
230 260
229 259
227 258
226 257
224 256
223 256
222 255
221 255
221 254
220 254
220 253
219 252
218 252
218 251
217 250
217 249
217 248
216 247
216 245
216 243
215 241
215 238
215 235
215 232
214 228
214 224
214 220
214 216
214 211
214 207
213 203
213 198
213 195
213 191
213 188
213 184
213 182
213 179
213 177
213 174
213 172
212 170
212 169
212 168
212 167
212 166
212 165
212 164
212 163
212 162
212 161
213 161
213 160
214 159
215 158
216 157
217 156
218 155
219 154
221 153
223 151
225 149
227 147
229 144
232 141
235 138
238 135
241 131
245 128
248 124
252 121
255 117
259 114
263 111
266 108
270 106
273 104
275 102
278 100
280 99
281 98
282 97
283 96
284 95
285 95
285 94
