334
223 74
228 75
230 74
231 74
233 74
235 74
237 74
239 74
242 74
244 74
247 74
250 74
253 74
255 74
258 74
261 73
264 73
267 73
270 73
273 72
275 72
278 72
280 72
283 72
285 72
286 72
288 71
290 71
291 71
292 72
293 72
294 72
295 72
296 72
296 73
297 73
297 74
298 74
298 75
299 75
300 76
301 77
302 78
303 79
304 80
305 80
306 81
307 83
308 84
309 85
310 86
312 87
313 89
314 90
315 92
317 93
318 95
319 96
321 98
322 100
323 101
325 103
326 104
327 106
328 107
329 108
330 109
331 111
332 112
333 112
333 113
334 114
335 115
336 115
336 116
337 116
337 117
338 117
339 118
339 119
340 119
340 120
340 121
340 122
340 123
340 124
341 125
341 126
341 127
341 129
341 130
342 132
342 133
342 135
342 137
342 139
343 141
343 143
343 145
343 147
343 149
344 152
344 154
344 156
344 158
344 161
344 163
345 165
345 166
345 168
345 170
345 171
345 173
345 174
346 175
346 176
346 177
346 178
346 179
346 180
345 180
345 181
344 181
343 182
342 183
341 184
340 185
338 186
337 187
336 188
334 189
333 191
331 192
329 193
328 195
326 196
325 198
323 199
322 201
320 202
319 204
317 205
316 207
315 208
314 209
313 210
312 212
311 213
310 214
309 215
308 216
307 216
306 217
305 218
305 219
304 219
304 220
303 220
303 221
302 221
301 221
300 221
299 221
298 221
297 222
296 222
295 222
293 222
292 222
291 222
289 222
287 223
285 223
283 223
281 223
279 223
277 224
275 224
272 224
269 224
267 225
264 225
261 225
259 225
256 225
253 226
250 226
247 226
244 226
242 227
239 227
236 227
233 228
231 228
229 229
226 229
224 230
222 230
221 230
219 231
217 231
216 231
215 232
213 232
212 233
211 233
210 233
209 233
208 233
208 232
207 232
207 231
206 230
206 229
205 229
205 228
204 227
203 226
202 225
201 224
200 222
199 221
198 219
197 218
196 216
194 215
193 213
191 211
189 209
188 207
186 205
184 203
182 200
180 198
179 197
177 195
175 193
173 191
172 190
170 188
169 187
167 185
166 184
165 183
164 182
163 181
162 180
161 180
161 179
160 179
160 178
159 178
159 177
159 176
159 175
159 174
158 173
158 172
158 171
158 169
158 168
157 166
157 164
157 162
156 160
156 158
156 155
155 153
155 150
155 148
155 145
155 143
155 140
155 138
155 135
155 133
155 131
155 129
155 127
155 125
155 123
155 121
155 120
155 119
156 118
156 117
156 116
156 115
156 114
156 113
157 113
158 112
159 112
159 111
161 111
162 110
163 109
165 108
167 107
168 106
170 104
172 103
174 102
177 100
179 99
181 98
184 96
186 95
188 94
190 93
192 92
195 91
197 90
198 89
200 88
202 87
204 86
205 85
206 85
208 84
209 83
210 83
211 83
212 82
213 82
214 81
215 81
216 81
216 80
217 80
218 80
219 80
219 79
220 79
