350
227 89
232 90
233 90
234 90
235 90
237 91
238 91
240 91
242 91
244 91
246 91
248 91
250 91
252 90
254 90
257 90
259 90
261 90
263 90
266 90
268 90
270 89
273 89
275 89
277 89
279 89
281 89
283 89
285 88
287 88
288 88
290 88
291 88
293 88
294 88
296 88
297 88
298 87
299 87
300 87
301 87
301 88
302 88
302 89
303 89
303 90
304 90
304 91
305 92
305 93
306 94
307 95
308 96
309 97
310 99
311 100
312 102
313 103
315 105
316 107
318 108
320 110
322 112
323 114
325 116
327 118
329 120
331 122
333 124
334 126
336 128
338 130
339 132
341 134
343 135
344 137
346 139
348 140
349 142
351 143
352 144
353 145
354 147
355 147
356 148
357 149
358 150
359 150
359 151
360 151
360 152
361 152
361 153
361 154
361 155
362 155
362 156
362 157
362 158
362 160
362 161
362 162
362 164
362 165
362 167
362 169
362 171
362 173
362 176
363 178
363 181
363 183
363 186
363 189
363 191
363 194
363 196
363 199
363 202
364 204
364 206
364 209
364 211
364 213
365 215
365 217
365 218
365 220
366 221
366 222
366 223
366 224
366 225
366 226
366 227
366 228
366 229
365 229
365 230
364 230
364 231
363 232
362 233
361 234
360 235
359 236
358 237
357 239
355 240
354 242
352 243
351 245
349 246
348 248
346 250
344 251
343 253
341 255
340 257
338 258
337 260
335 262
334 263
333 265
331 266
330 268
329 269
328 270
327 271
326 272
325 273
325 274
324 275
323 276
322 277
321 278
320 278
319 278
318 278
317 278
316 279
315 279
314 279
312 279
310 279
309 280
307 280
305 280
302 281
300 281
297 282
294 282
291 283
288 283
285 284
282 284
279 284
276 285
273 285
269 286
267 286
264 287
261 287
258 288
255 288
253 288
250 289
248 289
246 289
244 289
242 289
241 290
240 290
238 290
237 290
236 290
235 290
234 290
233 290
232 289
232 288
231 288
230 287
230 286
229 285
228 284
226 283
225 282
224 281
222 280
220 278
218 277
216 275
214 274
211 272
209 270
206 269
204 267
201 265
199 264
196 262
193 260
190 259
188 257
185 255
182 254
179 253
177 251
174 250
172 249
169 247
167 246
165 245
163 244
161 243
159 242
158 242
156 241
155 241
154 240
153 240
153 239
152 239
151 239
151 238
151 237
151 236
150 235
150 234
150 232
150 231
149 229
149 227
149 225
148 223
148 220
148 217
147 214
147 211
146 208
146 205
146 202
145 198
145 195
144 192
144 189
143 185
143 182
142 179
142 176
141 174
140 171
140 169
139 167
139 165
138 163
138 161
137 160
137 159
137 158
136 157
136 156
135 155
135 154
136 154
136 153
137 153
138 152
139 151
140 150
141 149
142 148
144 147
145 146
147 144
149 142
151 141
153 139
156 137
158 135
160 133
163 131
166 129
168 127
171 125
173 123
176 121
178 119
181 117
183 116
185 114
188 112
190 111
192 109
194 108
197 106
199 105
200 103
202 102
204 101
205 99
207 98
208 97
209 97
210 96
211 95
212 95
212 94
213 94
212 94
