307
327 127
331 125
334 125
336 126
339 126
342 127
345 127
348 127
352 127
355 127
359 126
363 126
366 126
370 126
372 125
376 125
380 125
384 125
388 125
390 124
393 124
396 124
400 124
403 124
406 124
409 124
413 124
416 124
420 124
423 124
425 123
427 124
428 126
430 127
431 129
433 131
435 132
437 134
439 137
441 139
443 141
445 143
447 145
449 147
450 149
452 152
453 154
454 156
456 158
457 160
459 162
461 164
463 167
465 169
467 171
469 173
471 175
472 177
474 179
476 181
478 183
480 185
482 187
484 189
486 192
488 194
490 196
491 198
493 199
494 202
494 205
494 208
494 211
494 215
494 219
493 222
493 225
493 228
493 231
493 234
493 237
493 240
493 243
493 246
493 249
493 253
493 256
493 259
492 261
492 264
492 268
492 271
492 274
492 277
492 280
492 283
492 286
492 289
492 292
491 295
490 297
488 298
487 300
485 302
483 303
481 305
479 308
477 310
475 312
474 314
472 316
470 317
468 319
467 321
465 323
463 325
462 327
460 329
458 331
457 333
455 335
453 338
452 340
450 342
448 344
447 346
446 348
444 350
443 352
441 353
440 355
438 357
436 359
435 361
433 362
431 363
428 364
425 364
423 365
420 365
418 366
415 366
412 366
409 367
405 367
401 367
399 368
396 368
393 368
391 369
387 369
384 369
381 369
379 370
376 370
372 370
369 370
365 370
363 371
360 371
356 371
353 371
349 372
345 372
341 372
337 372
335 373
331 373
328 373
326 374
322 374
319 375
316 375
315 373
313 372
312 370
310 369
309 367
307 365
305 363
302 361
301 359
299 358
297 357
295 355
293 354
290 352
287 351
285 349
282 348
280 347
278 345
275 343
273 341
271 339
269 338
267 336
264 334
262 332
259 330
257 328
255 327
252 324
249 322
246 320
244 319
242 318
239 317
237 316
234 314
232 313
231 311
229 310
227 309
225 308
222 305
220 304
218 303
216 301
214 300
213 298
213 295
212 293
212 290
212 287
212 284
212 281
212 278
211 275
211 272
211 269
211 266
211 262
212 259
212 256
212 253
212 250
212 247
212 243
212 240
212 237
212 234
212 231
211 227
211 224
211 221
211 218
211 214
211 211
211 208
211 205
212 203
214 201
216 199
218 198
220 196
222 195
225 193
227 192
228 190
230 189
232 188
234 187
237 184
239 183
241 182
243 180
245 179
247 177
249 176
251 175
253 173
255 172
257 170
259 169
261 168
263 166
265 165
267 164
270 163
272 162
274 160
276 159
278 158
280 157
282 155
284 154
287 153
289 152
291 150
293 149
295 147
298 146
300 145
302 143
304 142
306 141
308 140
311 139
313 137
315 136
318 134
322 133
324 132
326 131
328 130
329 130
