340
330 112
334 112
337 112
340 112
343 112
347 112
351 111
354 111
357 111
361 111
365 111
369 111
372 111
375 110
377 111
380 111
383 111
386 111
389 111
392 111
395 111
398 111
401 111
405 111
408 110
411 110
414 110
417 110
420 111
422 113
424 115
425 117
427 118
428 120
430 122
431 124
432 126
434 128
435 130
436 132
438 133
439 135
441 137
442 139
444 141
445 143
447 145
448 147
450 148
451 150
452 152
454 153
455 155
457 157
459 158
461 160
462 162
464 163
466 165
467 167
469 169
471 171
473 172
475 174
476 176
478 177
479 179
481 180
482 182
484 183
486 185
488 186
489 188
491 189
492 191
492 194
492 197
492 200
491 202
491 205
490 207
490 210
489 212
489 215
488 218
488 221
488 224
487 226
487 229
487 232
487 235
487 238
487 241
487 244
487 247
487 250
486 252
486 255
486 258
485 260
485 263
484 266
484 269
484 272
483 275
483 279
483 282
482 284
482 287
482 290
482 293
481 295
481 298
479 300
477 302
475 303
473 304
471 306
469 307
468 309
466 310
464 311
462 313
460 315
458 316
456 318
454 319
452 321
450 323
448 324
446 326
444 328
442 329
440 331
438 332
436 334
434 336
432 337
430 339
428 341
426 342
424 343
423 345
421 346
419 348
417 349
416 351
414 352
412 353
410 355
408 356
406 358
404 359
402 360
400 362
398 363
396 365
393 365
390 366
387 366
384 366
382 367
379 367
376 367
374 368
371 368
368 368
365 368
362 368
359 368
356 368
353 368
350 368
347 368
344 368
341 368
338 368
335 368
332 368
329 368
326 368
323 368
320 368
317 368
313 368
309 368
306 368
303 368
300 368
297 368
294 368
291 369
288 369
285 369
283 368
281 366
279 364
277 363
276 361
274 360
272 358
270 357
268 356
266 355
264 354
262 353
260 352
258 351
256 350
254 348
252 347
250 346
249 344
247 343
245 342
243 341
241 339
239 338
238 336
236 335
234 334
232 332
230 331
229 329
227 328
225 327
223 325
221 323
219 321
217 320
215 318
213 317
212 315
210 314
208 312
206 310
204 308
202 306
200 304
198 302
195 301
193 299
191 298
189 297
187 295
185 294
184 292
184 289
183 287
183 284
183 281
183 278
183 275
183 272
183 269
183 266
183 263
183 260
183 257
183 254
183 251
184 248
184 245
184 242
185 240
185 237
186 235
186 232
186 229
187 227
187 224
187 221
188 219
188 216
188 213
188 210
188 207
188 204
188 201
188 198
188 195
188 192
187 189
187 185
187 182
187 179
187 176
187 173
186 171
187 169
189 168
191 167
193 166
195 165
197 164
199 162
201 161
203 160
205 159
207 158
209 156
211 155
213 154
216 152
218 151
221 149
223 147
226 145
228 144
231 142
233 141
235 139
237 138
240 137
242 135
245 134
247 133
249 132
251 131
253 130
255 129
257 127
259 126
261 125
263 124
265 122
267 121
269 120
271 119
274 118
277 117
279 115
282 114
285 113
287 112
289 111
291 110
293 109
295 108
296 108
