298
318 125
323 125
326 125
329 125
332 125
335 126
338 126
341 126
345 126
349 125
353 125
357 125
361 125
365 125
368 125
372 125
376 125
380 125
382 124
385 124
389 124
392 124
394 123
397 123
401 123
404 123
407 123
410 123
413 123
416 123
419 123
420 125
421 127
422 129
423 131
425 133
426 135
428 136
429 138
431 140
433 142
435 144
437 146
438 148
440 150
441 153
443 154
445 156
447 158
448 160
450 162
452 164
455 167
457 169
459 171
462 174
465 177
468 180
471 183
474 185
475 187
478 189
480 191
483 193
485 195
487 196
489 197
490 199
491 201
491 204
491 207
492 209
492 212
492 215
492 218
492 221
492 225
492 228
492 231
493 234
493 237
493 241
492 243
492 246
492 249
492 252
492 256
492 260
492 263
492 266
492 269
493 272
493 275
493 278
493 282
494 286
494 289
494 292
493 294
492 296
491 298
489 300
488 303
486 305
484 307
483 310
481 312
479 314
477 317
475 319
473 322
471 324
469 327
467 329
465 331
463 333
462 335
460 337
458 339
456 341
454 343
453 345
451 347
449 349
447 351
446 353
443 355
441 357
440 359
438 361
436 363
435 365
433 366
431 367
429 368
426 368
423 369
420 369
417 369
415 370
412 370
409 370
406 370
403 370
400 370
397 370
394 370
391 371
387 371
384 371
381 371
378 371
374 371
371 371
367 371
364 371
360 372
357 372
353 372
349 372
345 373
342 373
338 373
335 373
331 373
328 373
325 373
321 373
318 373
315 372
313 370
312 368
310 367
308 365
306 363
304 361
302 360
300 358
298 357
296 355
294 354
292 353
290 351
288 350
286 349
284 347
282 345
280 344
278 343
275 341
273 339
270 337
268 335
265 333
263 331
261 329
259 328
257 326
256 324
253 322
251 320
249 319
246 316
243 314
241 312
238 310
237 308
235 307
232 304
229 302
226 300
224 299
222 298
220 297
219 295
218 293
218 290
218 287
217 284
217 280
216 278
216 275
216 272
216 269
216 266
216 263
216 259
216 255
216 251
216 248
216 245
217 243
217 240
217 237
217 234
217 231
217 227
217 224
217 221
217 218
217 215
217 211
217 208
217 204
217 201
217 198
217 195
217 192
218 190
219 188
220 186
222 185
224 183
226 182
229 180
230 178
232 177
234 176
236 174
238 173
240 172
242 171
244 169
246 168
248 167
250 166
252 165
254 164
256 162
259 160
261 159
263 158
265 157
267 156
269 155
271 154
273 152
275 151
277 150
279 149
282 147
284 146
286 145
288 144
291 142
293 141
296 139
298 138
301 137
303 136
305 135
308 134
310 133
312 132
315 131
317 130
319 128
320 127
