332
283 113
287 113
289 113
291 112
294 112
297 111
300 111
303 110
306 110
310 109
313 109
316 109
320 108
323 108
326 108
329 108
332 108
335 108
338 107
341 107
343 107
346 107
348 107
350 107
352 107
353 107
355 107
356 107
357 107
358 107
359 106
360 106
361 106
362 106
363 106
364 106
365 107
366 108
367 108
367 109
368 110
369 111
370 112
371 113
372 114
374 115
375 117
376 119
378 120
380 122
381 124
383 126
384 128
386 130
387 132
388 134
390 136
391 138
392 141
394 143
395 145
396 148
398 150
399 152
401 154
402 156
404 158
405 160
407 161
408 163
409 164
410 166
411 167
412 168
412 169
413 170
414 170
414 171
415 172
416 173
417 173
417 174
417 175
418 176
418 177
418 178
418 179
418 180
419 181
419 183
419 185
419 188
419 191
419 193
419 197
419 200
419 204
419 207
419 211
419 214
419 218
419 221
419 224
419 227
419 230
419 232
420 235
420 237
420 239
420 241
420 243
419 245
419 247
419 249
419 250
419 252
419 253
419 254
419 255
419 256
419 257
419 258
418 259
418 260
418 261
418 262
417 263
416 263
416 264
415 264
414 265
413 266
412 267
411 268
409 269
407 271
406 272
404 274
402 275
400 277
398 279
395 280
393 282
391 284
388 286
386 288
383 289
380 291
378 293
375 295
373 296
371 298
369 299
367 301
365 302
363 303
361 304
360 305
358 306
357 307
356 308
354 309
353 309
352 310
351 310
350 311
349 312
348 312
348 313
347 313
347 314
346 314
345 314
344 314
343 314
342 314
341 315
339 315
338 315
336 315
334 314
332 314
330 314
328 314
325 313
323 313
320 312
317 312
314 312
310 311
307 311
303 311
299 311
296 311
292 311
288 311
285 312
282 312
278 312
275 313
273 313
270 313
268 314
266 314
264 314
262 314
261 315
259 315
258 315
257 315
256 315
255 316
254 316
253 316
252 316
251 316
250 316
250 315
249 315
248 314
247 313
245 312
244 311
242 310
241 308
239 307
237 304
235 302
232 299
230 296
228 293
225 290
223 287
220 283
218 280
215 277
213 275
210 272
208 269
206 267
204 265
202 263
200 261
199 259
197 258
196 257
195 256
194 255
194 254
193 254
193 253
192 253
192 252
191 252
191 251
191 250
190 249
190 248
190 247
190 246
190 245
190 243
189 241
189 239
189 236
188 233
188 229
188 226
187 222
187 217
187 213
187 209
186 205
186 201
186 197
185 194
185 190
185 187
184 184
184 182
184 179
184 178
183 176
183 175
183 174
183 173
183 172
182 171
182 170
182 169
182 168
182 167
182 166
182 165
183 164
184 163
185 163
186 162
187 161
188 160
190 158
193 157
195 155
198 153
201 151
205 149
209 146
213 144
217 141
221 138
226 136
230 133
235 131
239 129
243 127
247 125
250 123
254 122
257 120
259 119
262 118
263 117
265 116
266 116
267 115
269 115
269 114
270 114
271 114
272 114
272 113
272 112
