454
241 82
244 81
245 82
247 82
248 82
250 82
252 82
253 82
255 82
257 82
260 82
262 81
264 81
266 81
268 81
270 81
273 81
275 81
278 80
280 80
283 80
285 80
287 80
289 80
292 80
294 79
296 79
299 79
301 79
303 79
305 79
308 79
310 79
312 79
313 79
315 79
317 79
319 79
320 78
322 78
323 78
324 78
325 78
326 78
327 78
328 78
329 79
330 79
330 80
331 80
331 81
332 82
333 83
334 84
335 85
336 85
336 86
337 86
338 87
339 88
340 89
341 89
342 90
343 90
344 91
345 92
346 93
347 93
348 94
350 95
351 96
352 97
353 98
354 99
355 101
357 102
358 103
359 105
360 106
362 107
363 109
365 110
366 111
368 112
369 113
371 114
372 115
374 116
375 116
376 117
377 118
378 119
379 120
380 121
381 121
382 122
383 123
384 124
384 125
385 125
385 126
385 127
385 128
385 129
385 130
385 131
385 132
386 133
386 134
386 135
386 136
386 137
386 138
386 139
386 140
387 141
387 142
387 143
387 144
387 146
387 147
388 148
388 150
388 151
388 153
389 154
389 155
389 156
389 158
389 159
390 160
390 162
390 163
390 164
390 166
391 168
391 170
391 171
391 173
391 175
392 177
392 178
392 180
392 181
392 182
392 184
393 185
393 186
393 188
393 189
393 190
393 192
394 193
394 194
394 195
394 196
394 197
394 198
394 199
394 200
394 201
395 202
395 203
394 203
394 204
393 204
392 205
391 206
390 206
390 207
389 208
388 209
387 210
386 211
385 212
384 213
384 214
383 215
382 216
381 216
381 217
380 219
379 220
379 221
378 222
377 223
376 224
375 224
374 225
373 226
372 227
371 228
370 229
368 230
367 230
366 231
365 232
364 233
362 235
361 236
360 237
359 238
358 239
357 240
356 242
355 243
354 244
353 245
352 246
352 247
351 248
350 248
350 249
349 249
349 250
348 250
347 250
346 250
345 250
344 250
343 250
342 250
341 250
340 250
339 250
337 250
336 250
335 250
333 250
332 250
330 250
329 250
327 250
326 250
324 250
322 250
320 250
319 250
317 250
315 250
313 250
312 250
310 250
309 250
307 250
305 250
303 250
301 250
300 250
298 250
295 250
293 250
292 250
290 250
288 251
286 251
284 251
282 251
280 251
278 252
276 252
274 252
270 252
268 253
267 253
265 253
264 253
262 253
261 253
260 253
258 254
257 254
256 254
255 254
254 254
253 254
252 254
253 254
252 254
252 253
251 253
251 252
250 251
249 251
248 250
247 250
246 249
245 249
244 249
244 248
243 247
242 247
241 246
240 245
239 244
238 243
237 242
236 241
234 239
233 238
231 237
230 236
228 234
227 233
226 232
224 231
223 230
221 228
220 227
219 226
217 225
216 224
215 223
213 221
212 220
210 219
209 218
207 216
206 215
205 214
204 213
203 212
202 211
201 211
201 210
200 210
199 209
198 208
197 208
197 207
197 206
197 205
197 204
197 203
197 202
197 201
197 200
196 200
196 199
196 197
196 196
196 195
196 194
196 192
196 191
196 190
196 189
196 188
195 186
195 185
195 184
195 183
195 182
195 180
195 179
195 178
195 176
195 175
195 173
195 172
196 170
196 168
196 167
196 166
196 164
196 163
196 162
196 160
196 159
196 158
196 157
196 156
196 155
196 153
196 152
196 151
196 150
196 148
196 147
196 146
196 145
196 144
196 143
196 142
196 141
196 140
196 139
196 138
196 137
195 137
195 136
196 136
196 135
196 134
197 134
197 133
198 132
199 131
199 130
200 129
200 128
201 127
202 126
202 125
203 124
204 123
205 122
205 121
206 120
207 119
208 118
209 117
210 116
211 115
212 114
214 113
215 113
216 111
217 111
218 110
219 108
220 107
221 106
222 105
223 104
224 103
225 101
226 100
227 99
228 98
229 98
231 97
231 96
233 95
234 94
235 93
236 93
236 92
237 92
238 91
239 91
239 90
240 90
241 89
242 89
242 88
242 89
242 88
242 89
242 88
242 89
242 88
243 88
244 88
