202
139 71
142 72
143 72
145 72
146 72
148 72
149 72
151 72
153 72
155 72
157 72
160 72
162 71
165 71
168 71
170 71
173 71
176 71
178 71
181 71
184 71
187 71
190 71
192 70
195 70
198 70
201 69
204 69
206 69
209 68
211 68
213 68
215 68
216 68
217 68
218 68
219 68
220 68
219 68
220 69
221 69
221 70
222 70
222 71
223 71
223 72
224 72
224 73
225 73
225 74
226 75
227 76
228 77
229 78
229 79
230 80
231 81
232 83
233 84
234 85
235 86
235 87
236 88
237 89
238 90
239 91
240 92
240 93
241 94
242 96
243 97
244 99
245 101
246 103
248 104
249 106
250 108
251 109
252 111
254 112
255 114
256 115
258 116
259 117
260 119
261 120
262 121
262 122
263 123
264 124
264 125
265 126
265 127
266 127
266 128
267 128
267 129
268 129
268 130
269 130
269 131
270 131
271 131
272 131
273 131
275 131
276 131
277 131
279 131
281 131
282 131
284 132
285 132
287 132
289 132
290 132
292 132
294 132
296 132
299 133
301 133
303 133
306 133
308 133
311 133
313 133
316 133
318 134
321 134
324 134
326 134
329 134
332 134
334 134
337 134
339 134
342 134
344 135
346 135
348 135
350 135
351 135
353 135
354 135
355 135
356 135
357 135
358 135
359 135
359 136
359 135
359 136
360 136
361 136
361 137
362 137
362 138
363 138
364 139
365 140
366 141
367 142
368 143
369 144
370 145
371 146
372 147
373 148
374 150
375 151
377 152
378 154
379 155
380 156
382 157
383 159
385 160
386 161
387 162
389 164
390 165
392 166
394 168
395 169
396 171
398 172
399 173
400 175
401 176
402 177
403 178
404 179
405 180
406 180
406 181
407 181
408 182
409 182
409 183
410 183
410 184
410 185
