229
113 121
119 119
121 119
122 118
124 118
126 118
128 117
130 117
133 116
135 116
138 116
140 115
143 115
146 115
149 114
152 114
155 114
158 113
160 113
163 113
166 112
169 112
172 112
174 112
177 112
180 111
182 111
185 111
188 111
191 110
194 110
196 110
199 110
202 109
205 109
207 109
209 108
212 108
214 107
216 107
217 107
219 107
220 106
221 106
222 106
223 106
224 107
225 107
226 108
227 108
228 109
229 110
230 110
231 111
232 112
233 113
235 114
236 115
237 116
238 117
239 118
241 119
242 120
243 121
244 123
246 124
247 125
248 127
250 128
251 129
252 131
253 132
255 134
256 135
257 137
259 138
260 140
261 141
263 143
264 144
265 146
266 148
267 149
269 151
270 152
271 154
272 156
273 157
274 159
275 161
277 162
278 164
279 166
280 167
281 168
282 170
283 171
284 172
285 173
285 174
286 175
287 176
288 177
288 178
289 179
289 180
290 180
290 181
291 181
291 182
292 183
293 184
294 184
295 184
296 184
297 184
298 184
299 184
300 184
301 185
303 185
304 185
306 185
308 185
310 185
312 185
314 185
316 185
319 185
321 184
324 184
326 184
329 184
331 184
334 184
337 184
339 184
342 184
345 184
347 184
350 184
353 184
356 184
358 184
361 184
364 184
367 184
370 184
372 184
375 184
378 184
380 184
383 184
386 184
389 184
392 184
395 184
397 184
400 184
403 184
406 184
409 183
412 183
414 183
417 183
419 183
422 183
424 183
426 183
428 183
429 183
430 183
431 183
432 183
433 183
434 184
435 184
435 185
436 185
436 186
437 187
438 187
439 188
440 189
441 190
442 192
443 193
444 194
446 196
447 197
449 199
450 200
451 202
453 203
454 205
456 207
457 209
459 211
461 213
462 215
464 217
466 218
467 220
469 222
471 224
473 226
475 228
477 230
478 232
480 234
482 236
484 238
485 240
487 242
489 244
490 245
492 247
493 248
495 250
496 251
497 252
498 253
499 254
500 255
500 256
501 256
501 257
502 257
502 257
