148
177 123
183 123
185 123
188 123
192 123
196 122
199 122
204 122
208 122
212 122
216 121
220 121
224 121
228 120
232 120
236 120
239 120
243 119
246 119
249 119
251 119
254 119
256 118
258 118
260 118
262 118
263 118
264 117
265 117
266 117
267 117
268 117
269 117
270 117
271 118
272 118
273 119
273 120
275 121
276 122
277 124
279 126
280 129
282 131
283 134
285 137
287 140
288 143
290 146
291 149
292 152
293 155
295 157
296 160
297 163
298 165
299 167
300 169
301 171
301 173
302 175
303 176
303 177
304 178
304 179
304 180
305 180
305 181
305 182
306 182
307 182
308 182
309 182
310 182
311 182
312 182
314 182
315 182
317 182
321 182
324 182
326 181
329 181
331 181
334 181
337 181
340 181
342 180
345 180
348 180
350 180
353 180
355 180
358 180
360 180
362 180
364 180
366 180
368 180
369 180
371 180
372 180
373 180
374 180
375 180
376 180
377 180
378 180
379 180
380 180
381 180
382 180
382 181
383 181
384 182
384 183
385 184
386 186
387 187
389 189
390 192
392 194
394 197
395 200
397 204
400 207
401 210
403 214
405 217
406 220
408 223
409 226
410 229
411 232
412 234
412 236
413 238
414 239
414 241
414 242
414 243
415 243
415 244
415 245
415 246
415 245
414 246
413 246
