290
87 101
93 99
95 99
96 99
98 99
99 99
101 99
103 99
105 99
107 99
109 98
111 98
113 98
115 98
118 98
120 98
122 98
125 98
127 98
129 98
132 97
134 97
136 97
138 97
140 97
142 97
144 97
146 97
148 97
150 97
152 97
154 97
156 97
158 97
160 97
162 97
165 96
167 96
169 96
171 96
173 96
175 96
177 96
179 96
181 96
183 96
185 96
187 96
189 96
191 96
193 96
196 96
198 96
200 96
202 96
205 96
207 96
209 96
212 96
214 96
216 96
218 96
219 96
221 96
222 96
223 96
224 96
225 96
226 96
226 96
227 96
227 97
228 97
228 98
228 98
229 98
230 99
231 100
232 101
233 102
234 103
235 104
236 105
237 106
238 107
239 108
239 109
240 110
241 112
242 113
243 114
244 116
245 117
246 118
247 119
248 120
249 122
250 123
250 124
251 125
252 126
253 128
254 129
255 130
256 131
257 133
258 134
259 135
260 137
261 138
262 139
263 141
264 142
265 143
266 145
267 146
267 147
268 149
269 150
270 152
271 153
272 154
273 156
274 157
275 159
276 161
277 162
278 164
279 165
280 167
281 168
282 170
283 171
284 172
285 174
286 175
287 176
288 177
288 178
289 180
290 181
290 182
291 183
292 184
292 185
292 186
293 186
293 187
294 187
294 188
295 188
296 188
297 188
298 188
300 188
301 188
302 188
304 187
305 187
307 187
308 187
310 187
312 187
314 187
316 187
318 187
319 187
321 187
323 187
325 187
327 187
329 187
331 187
333 187
334 187
336 187
339 187
341 187
343 187
345 187
347 187
349 187
351 188
352 188
354 188
356 188
358 188
360 188
362 188
364 188
366 189
368 188
370 189
372 189
374 189
376 189
378 189
379 189
381 189
383 189
385 189
387 189
389 189
391 189
393 189
396 189
398 189
400 189
402 188
404 188
406 188
408 188
410 188
412 188
415 188
417 188
419 187
421 187
422 187
424 187
426 187
427 187
428 187
429 187
430 187
431 187
432 187
433 187
433 188
434 189
435 189
435 190
436 191
437 192
438 193
439 193
440 194
440 195
441 196
443 197
444 198
445 199
446 201
447 202
449 203
450 204
451 206
453 207
454 209
455 210
457 212
458 213
460 215
461 216
463 218
465 220
466 221
468 223
469 224
471 226
473 227
474 229
476 231
478 233
479 234
481 236
482 238
484 240
485 242
487 243
488 245
489 247
491 248
492 250
493 251
495 253
496 254
497 255
498 257
499 258
500 259
501 260
501 261
502 261
503 262
503 263
504 264
505 265
506 265
506 265
