242
104 106
109 106
110 106
111 106
113 106
114 106
116 106
118 106
120 106
122 105
125 105
127 105
130 105
132 105
135 105
137 105
140 105
143 105
146 105
149 105
152 105
155 105
158 105
161 105
164 106
167 106
170 106
173 106
176 106
180 106
183 106
186 106
190 106
193 107
197 107
200 107
204 107
207 107
211 107
214 107
217 107
221 107
224 107
227 107
229 107
232 107
234 107
236 106
238 106
239 106
240 106
241 106
242 106
243 106
244 107
245 108
246 109
247 110
248 111
249 111
250 112
251 113
252 114
253 115
254 116
255 116
256 117
257 119
258 120
259 121
260 122
261 123
262 124
264 126
265 127
266 128
267 130
267 131
268 133
269 134
270 136
271 137
272 139
273 141
274 142
276 144
277 145
278 147
279 149
280 151
281 153
283 154
284 156
285 158
287 160
288 162
289 163
291 165
292 167
293 168
294 170
296 171
297 172
298 174
298 175
299 176
300 177
301 178
301 179
302 179
302 180
303 181
303 182
304 182
305 183
306 183
307 183
308 183
309 183
311 183
312 183
313 183
315 183
317 183
319 183
321 183
323 183
325 183
327 183
329 183
332 183
334 184
336 184
339 184
341 184
344 184
347 184
349 184
349 184
352 185
355 185
357 185
360 185
363 185
363 185
366 185
369 186
371 186
374 186
377 186
380 186
382 186
385 186
388 187
391 187
393 187
396 187
399 187
401 187
404 187
406 187
408 187
410 187
413 187
415 187
417 187
419 187
421 187
423 187
425 187
427 187
428 187
430 187
432 187
433 187
434 187
435 187
436 187
437 187
438 187
439 187
440 187
440 188
441 189
442 189
442 190
443 190
443 191
444 192
444 193
445 193
446 194
447 195
448 196
448 198
449 199
450 200
451 201
452 203
454 204
455 206
456 207
457 209
458 211
459 212
461 214
462 216
463 218
465 220
466 221
467 223
469 225
470 227
472 229
474 231
475 233
477 235
478 237
480 239
481 241
483 243
485 245
486 247
488 249
489 251
491 252
492 254
493 255
495 257
496 258
497 260
498 261
500 262
500 263
501 264
502 265
503 265
503 266
504 266
503 265
503 264
503 264
