212
152 71
156 71
157 71
159 71
160 71
162 71
164 71
166 71
168 71
170 70
172 70
174 70
176 70
179 70
181 70
184 70
186 70
189 70
192 70
195 70
197 69
200 69
203 69
206 69
209 69
212 69
214 69
217 69
220 69
222 69
225 69
227 69
230 69
232 69
235 70
237 70
239 70
240 70
242 70
243 70
244 70
245 71
246 71
247 71
248 71
249 71
250 71
251 72
252 72
253 73
254 73
254 74
255 74
256 75
257 76
258 77
259 77
260 78
260 79
261 80
262 81
263 83
263 84
264 85
265 86
266 87
267 88
268 89
268 90
269 91
271 92
272 93
273 94
274 96
275 97
276 99
277 101
278 102
280 104
281 105
282 107
283 109
284 110
285 111
285 112
286 113
287 114
288 115
288 116
289 117
290 117
290 118
291 119
291 120
292 120
292 121
293 121
293 122
294 122
295 122
296 122
297 122
298 122
299 122
300 121
301 121
302 121
303 121
305 121
306 121
307 121
308 122
309 122
311 122
312 122
313 122
315 122
316 122
318 122
320 122
322 122
323 122
325 123
327 123
329 123
331 123
332 123
334 123
336 123
338 123
339 123
342 123
343 124
345 124
348 124
349 124
351 124
353 124
355 124
357 124
359 124
360 124
362 124
364 124
366 125
368 125
370 125
371 125
373 125
374 125
375 125
376 125
377 125
378 125
379 125
378 125
379 125
379 126
380 127
380 128
381 128
381 129
381 130
382 130
382 131
383 132
383 133
384 133
384 134
385 135
385 136
386 137
387 138
387 139
388 140
389 141
390 142
391 143
392 145
393 146
394 148
395 150
396 151
397 153
397 155
398 156
399 157
400 158
401 160
402 161
403 162
404 163
405 165
406 166
407 167
407 169
408 170
409 171
410 172
411 173
411 174
412 175
413 176
413 177
414 177
414 178
414 179
415 179
414 179
415 179
415 180
416 180
