249
90 101
96 101
97 101
98 101
99 101
100 101
101 101
102 101
104 101
105 101
107 101
108 101
110 101
112 101
114 101
116 101
118 101
120 101
122 101
124 101
126 101
128 101
130 101
132 101
134 101
136 101
138 101
140 101
142 100
145 100
147 100
149 100
152 100
154 100
157 100
160 99
162 99
165 99
168 99
170 99
173 99
176 98
179 98
182 98
185 98
188 98
191 98
194 97
197 97
200 97
203 97
205 97
208 97
210 96
213 96
215 96
216 96
218 96
219 96
220 96
221 96
222 96
223 96
223 97
224 98
225 99
225 100
226 100
226 101
227 102
227 103
228 104
229 105
229 106
230 107
231 108
232 109
232 111
233 112
234 113
235 114
235 116
236 117
237 118
238 119
238 121
239 122
240 123
241 125
242 126
243 127
243 129
244 130
245 132
246 133
247 135
248 136
249 138
250 139
251 141
252 142
253 144
253 145
254 147
255 148
257 150
258 152
259 153
260 155
261 156
262 158
263 160
264 162
265 163
266 165
267 166
268 168
268 169
269 170
270 171
270 172
271 173
271 174
272 174
272 175
273 176
274 176
274 177
275 177
276 177
277 177
278 177
279 177
281 177
282 177
284 177
285 177
287 177
289 177
291 177
293 177
295 177
297 177
299 177
301 177
303 177
306 177
308 177
310 177
313 177
315 177
318 177
320 177
323 177
325 177
328 177
330 177
333 177
336 177
338 177
341 177
344 177
346 177
349 177
352 177
354 176
357 176
360 176
363 176
365 176
368 176
371 176
374 176
377 176
379 176
382 176
385 176
388 176
391 176
393 176
396 176
399 176
402 176
404 176
406 176
409 176
411 176
413 176
415 176
416 176
417 176
419 176
420 176
421 176
422 177
423 177
423 178
424 178
425 179
425 180
426 181
427 182
428 183
429 184
430 185
431 187
432 188
433 190
434 191
436 193
437 195
438 196
440 198
441 200
443 202
444 204
446 206
447 208
449 210
451 212
452 214
454 216
456 218
457 221
459 223
460 225
462 227
464 229
465 231
467 233
469 236
470 238
472 240
473 242
475 244
476 245
478 247
479 249
480 250
481 252
482 253
483 254
483 255
484 256
485 256
485 257
485 258
485 257
485 257
