174
145 68
148 66
149 66
151 66
152 65
154 65
156 64
158 64
160 63
162 63
165 62
167 62
170 62
173 61
175 61
178 60
181 60
184 60
187 59
190 59
193 59
196 58
199 58
202 58
204 57
206 57
209 57
211 57
213 57
215 57
217 57
218 57
220 57
221 57
222 57
223 57
224 57
225 57
226 57
227 57
227 58
227 59
228 59
228 60
229 61
229 62
230 62
230 63
231 64
231 65
232 66
233 67
233 69
234 70
235 72
236 73
237 75
237 77
239 79
240 80
241 82
242 84
243 86
244 89
245 91
246 93
247 96
248 98
249 100
250 103
250 105
251 107
252 109
252 110
253 112
253 114
254 115
254 116
254 118
254 119
255 120
255 121
256 122
256 123
257 123
258 123
259 123
260 123
262 123
263 123
264 123
266 123
267 123
269 122
271 122
273 122
276 122
278 122
280 121
283 121
285 121
288 121
290 121
293 120
295 120
297 120
300 120
302 120
304 120
306 120
308 120
310 119
311 119
312 119
314 119
315 119
316 119
317 119
318 119
319 119
319 120
320 119
321 119
322 119
322 120
323 120
324 120
325 121
326 122
327 122
328 123
329 124
330 125
331 126
333 128
334 129
336 131
338 133
340 135
342 137
344 139
346 141
349 144
351 147
354 149
356 152
359 155
361 157
363 160
366 163
368 166
370 168
372 171
374 174
376 176
378 178
380 180
382 182
383 184
385 186
386 187
388 189
389 190
390 191
391 192
392 193
393 194
394 194
394 195
395 195
395 196
396 196
396 195
395 195
