199
143 74
145 75
146 75
147 75
149 75
150 75
151 75
153 75
155 75
156 75
158 75
161 75
163 75
165 75
168 75
171 74
174 74
176 74
179 74
182 74
185 74
188 73
191 73
194 73
197 73
199 73
202 73
205 73
207 73
210 73
212 73
214 73
216 73
218 73
220 73
222 73
223 73
225 73
226 73
227 73
228 73
229 73
230 73
231 73
232 74
233 75
234 76
234 77
235 77
236 78
236 79
237 80
238 81
238 83
239 84
240 85
240 86
241 87
242 88
243 89
243 90
244 91
245 92
246 93
247 95
247 96
248 97
249 99
250 101
251 102
252 104
253 106
254 107
255 109
256 110
257 112
258 113
259 114
260 116
260 117
261 118
262 120
263 121
263 122
264 124
264 125
264 126
265 127
265 128
266 129
267 130
268 131
269 132
270 133
271 133
272 133
273 133
274 133
275 134
277 134
278 134
279 134
281 134
282 134
284 134
285 134
287 134
289 134
290 134
292 134
294 134
296 134
298 134
300 134
302 134
304 134
307 134
309 134
311 134
313 134
316 134
318 134
321 134
323 134
325 134
328 134
330 134
333 135
335 135
337 135
339 135
342 135
344 135
346 135
348 135
351 135
353 135
354 135
356 135
358 135
359 135
360 135
362 135
363 135
364 135
366 135
367 135
368 135
369 135
370 135
370 136
371 136
372 137
373 137
373 138
374 139
375 139
375 140
376 141
377 142
378 143
379 144
380 145
380 146
381 147
382 148
383 150
384 151
386 152
387 154
388 155
390 156
391 157
392 159
393 160
395 161
396 162
397 164
398 165
399 167
400 168
401 169
402 171
403 172
403 173
404 174
405 175
406 176
406 177
407 178
408 178
408 179
409 180
410 180
410 181
411 181
411 182
412 182
413 181
