123
219 171
224 171
227 171
229 170
232 170
235 170
239 170
243 170
245 169
248 169
251 169
255 169
258 169
261 169
263 168
266 168
269 168
272 168
275 168
279 168
283 168
286 167
290 167
295 167
299 167
304 166
308 166
311 166
314 165
317 166
318 168
319 170
320 172
321 174
322 176
323 179
324 181
325 183
326 185
327 188
328 190
329 192
330 194
331 197
332 200
333 202
334 204
335 207
336 209
337 211
338 213
339 215
340 217
341 219
341 222
343 223
346 223
349 223
352 223
355 223
358 223
361 223
364 223
367 223
370 223
373 224
376 224
379 224
382 224
385 223
387 224
390 223
393 223
396 223
399 223
402 223
406 223
409 223
412 223
415 223
418 223
421 223
424 223
427 223
430 223
431 225
432 227
434 229
435 231
437 233
439 235
441 237
442 239
444 241
445 243
447 245
448 247
450 249
451 251
453 253
454 256
456 258
457 260
459 262
460 265
462 267
463 269
465 271
466 273
468 276
470 279
472 282
474 285
475 287
478 290
479 292
480 294
482 296
484 298
486 300
487 302
489 303
489 304
