240
104 104
109 103
110 103
111 103
113 103
114 103
116 103
118 103
120 103
123 102
125 102
128 102
130 102
133 102
136 101
139 101
142 101
145 101
148 101
151 101
154 101
158 101
161 101
164 101
167 101
171 101
174 101
177 101
180 101
184 101
187 101
190 101
194 101
197 101
201 101
205 101
208 102
212 102
215 102
219 102
222 102
225 102
228 101
231 101
233 101
236 101
238 101
239 101
241 101
242 101
243 101
244 101
244 102
245 102
245 103
246 103
247 104
248 105
249 106
250 107
251 108
252 109
253 110
255 111
256 112
257 113
258 115
260 116
261 117
262 118
264 120
265 121
266 123
267 124
268 126
270 127
271 129
272 130
273 132
274 134
275 135
276 137
277 139
278 140
279 142
280 144
282 146
283 147
284 149
285 151
286 153
287 154
288 156
289 158
290 160
292 162
293 164
294 166
295 168
296 170
297 171
298 173
299 174
300 176
301 177
302 179
302 180
303 181
304 182
304 183
305 184
305 185
306 185
306 186
307 187
308 188
309 188
309 189
310 189
311 189
312 189
313 190
314 190
315 190
316 190
318 190
319 190
321 190
323 190
325 190
327 190
329 190
331 190
334 190
336 191
338 191
341 191
344 191
346 192
349 192
351 192
354 192
357 192
359 193
362 193
365 193
368 193
371 193
374 193
377 193
380 193
382 194
385 194
388 194
391 194
394 194
397 194
400 194
403 194
406 194
409 194
413 194
416 194
419 194
422 194
425 194
428 194
430 194
433 194
435 194
437 194
440 194
442 194
444 194
445 194
447 194
448 194
449 194
450 194
451 194
452 194
452 195
453 195
453 196
454 196
454 197
455 197
456 198
456 199
457 200
458 200
458 201
459 202
460 203
461 205
462 206
463 207
464 209
465 210
466 212
467 214
468 215
469 217
470 219
471 220
472 222
474 224
475 226
476 227
477 229
478 231
479 233
480 235
481 237
482 239
483 241
485 243
486 245
487 246
488 248
489 250
489 252
490 254
491 256
492 257
493 259
494 261
495 262
496 264
497 266
498 267
498 268
499 270
500 271
500 272
501 273
502 274
503 275
504 275
504 275
