171
99 83
106 83
108 83
110 83
112 82
114 82
117 82
120 82
123 82
126 81
130 81
134 81
137 81
141 81
146 81
150 81
154 81
158 81
162 81
166 81
170 81
174 80
177 80
180 80
183 80
186 80
188 80
190 80
192 80
194 80
195 80
196 80
197 80
198 80
199 81
199 82
200 83
200 84
200 85
201 85
201 86
202 87
203 89
204 90
205 91
206 93
207 95
208 97
209 99
210 102
212 104
213 107
215 109
216 112
218 115
219 118
221 121
222 124
223 127
225 129
226 132
227 135
229 138
230 140
231 142
231 145
232 147
233 149
234 151
234 152
235 154
235 155
236 156
236 157
237 158
237 159
238 158
239 158
240 158
241 158
243 158
244 158
245 158
247 158
248 158
250 158
252 157
254 157
257 157
259 157
262 157
264 157
267 157
270 158
273 158
276 158
280 158
283 158
286 158
289 159
293 159
296 159
299 159
302 160
305 160
308 160
311 160
313 160
315 160
317 160
319 160
321 160
323 160
324 160
325 160
326 161
327 161
328 161
328 160
329 161
330 161
330 162
331 162
331 163
332 164
333 165
334 166
335 167
336 168
337 170
339 172
340 174
342 176
343 178
345 180
347 183
349 185
351 188
354 191
356 193
358 196
360 199
362 202
365 204
367 207
369 210
371 213
373 215
375 218
377 220
378 222
380 225
381 227
383 229
384 230
386 232
387 233
388 235
389 236
390 237
391 237
392 238
392 239
393 239
394 239
394 240
395 240
396 240
396 241
397 242
397 243
