142
189 191
193 191
197 191
200 191
203 191
206 191
209 191
213 191
217 191
219 190
224 190
228 190
233 190
237 190
240 190
244 190
249 189
253 189
258 189
262 188
267 188
271 188
274 188
276 187
281 187
285 187
288 187
292 187
295 187
299 187
302 187
306 187
309 186
312 186
314 187
315 189
316 191
317 193
318 195
320 197
321 199
322 201
324 203
325 205
327 207
328 209
330 211
331 213
332 215
334 217
335 219
337 221
338 223
339 225
340 227
341 229
343 231
344 234
345 236
347 238
348 240
350 242
351 244
353 246
354 248
356 250
357 252
358 254
360 257
361 259
363 261
364 263
366 264
369 264
372 264
375 264
378 264
381 264
384 264
388 264
391 264
395 264
398 264
403 264
407 264
411 264
416 264
420 264
425 263
429 263
432 263
437 263
441 263
444 263
448 262
453 262
457 262
462 262
464 261
468 261
472 261
475 260
479 260
483 260
486 260
487 263
488 265
489 267
491 268
492 270
493 272
495 274
497 275
499 278
500 280
502 282
504 285
506 287
508 289
510 291
512 293
514 295
515 297
517 299
519 301
520 303
522 305
524 308
526 311
528 313
529 315
531 317
533 319
535 321
536 323
538 325
540 327
542 329
544 331
546 333
548 335
547 335
