173
88 76
92 76
93 76
94 76
95 76
97 76
98 76
100 77
102 77
104 77
107 77
109 77
112 78
115 78
118 78
121 78
124 78
127 78
130 78
133 78
137 78
140 78
143 78
146 78
149 78
151 78
154 78
156 77
159 77
161 77
163 77
165 76
166 76
168 76
169 76
170 76
171 75
172 75
173 75
174 75
174 76
174 77
175 77
175 78
176 79
176 80
177 81
178 82
178 83
179 85
180 86
181 88
182 90
184 92
185 94
186 96
188 98
189 100
190 103
192 105
193 107
194 110
196 112
197 114
198 116
199 118
199 121
200 123
201 125
202 126
203 128
203 130
204 131
204 132
205 133
205 134
206 135
206 136
207 137
208 137
209 137
209 138
210 138
211 138
212 138
213 138
214 138
215 138
217 138
218 138
220 138
222 138
224 138
226 138
228 138
230 138
233 138
235 138
237 138
240 138
242 138
245 138
248 138
250 138
253 138
255 138
257 138
260 138
262 138
264 138
266 139
268 139
269 139
271 139
273 139
274 139
275 139
277 139
278 139
279 139
280 139
281 139
281 140
282 140
283 140
284 140
285 141
286 142
287 142
287 143
288 143
289 144
289 145
290 146
291 147
292 149
294 150
295 152
296 153
298 155
300 157
301 159
303 161
305 164
307 166
308 169
310 171
312 174
314 177
316 179
318 182
320 185
322 187
323 190
325 192
327 195
328 197
329 199
331 201
332 203
333 205
333 207
334 208
335 209
336 210
336 211
337 212
338 213
339 213
339 214
340 214
340 213
340 214
