268
88 97
93 97
94 97
95 97
97 97
98 97
100 97
102 97
103 97
105 97
107 97
109 97
111 96
113 96
115 96
117 96
119 96
122 95
124 95
126 95
128 95
131 95
133 95
136 94
138 94
140 94
143 94
145 94
148 94
150 94
153 93
155 93
158 93
160 93
163 93
165 93
168 93
170 93
172 92
175 92
177 92
180 92
182 91
185 91
187 91
189 91
192 91
194 91
197 91
199 90
201 90
204 90
206 90
208 90
210 90
212 90
213 90
214 90
215 89
216 89
217 89
218 89
219 89
219 90
220 91
221 92
222 92
222 93
223 94
224 94
226 95
227 96
228 97
229 98
231 99
232 100
234 101
235 102
237 103
238 104
240 105
241 107
242 108
244 109
245 110
246 111
247 113
249 114
250 115
251 116
252 117
253 118
254 119
255 120
256 121
257 122
258 124
259 125
260 126
261 127
262 128
263 129
264 130
265 131
266 132
267 133
267 134
268 135
269 136
270 137
271 139
271 140
272 141
273 142
274 143
275 144
276 145
277 146
278 148
279 149
280 150
280 151
281 152
282 154
283 155
284 156
285 157
286 159
287 160
288 161
289 162
290 163
291 164
292 165
293 166
294 167
294 168
295 168
295 169
296 169
296 170
297 171
298 171
299 171
300 171
301 171
302 171
304 171
305 171
306 171
308 171
310 171
311 171
313 171
315 171
317 171
319 171
321 171
323 171
326 171
328 171
330 171
332 171
335 171
337 171
340 171
342 171
344 171
347 171
349 171
351 171
353 171
356 171
358 171
360 171
363 171
365 171
367 171
370 171
372 171
375 171
377 171
379 171
382 171
384 171
386 171
389 171
391 171
393 171
396 171
398 171
400 171
402 171
405 171
407 171
409 171
411 171
413 171
415 170
417 170
419 170
421 170
423 170
424 170
426 170
427 170
428 170
429 170
430 170
430 171
431 172
432 173
433 174
433 175
434 176
435 177
436 178
436 180
437 181
438 182
440 184
441 185
442 187
444 189
445 190
447 192
448 194
450 196
451 197
453 199
454 201
456 203
457 205
459 207
461 208
462 211
464 213
465 215
467 217
469 219
470 221
472 223
474 225
476 226
477 228
479 230
481 232
482 234
484 236
486 238
487 240
489 242
490 244
492 246
493 247
495 249
496 250
498 251
499 253
500 254
501 255
501 256
502 257
503 257
503 258
504 259
503 259
503 259
