182
211 136
215 138
216 138
218 138
220 138
222 138
224 138
227 138
229 138
232 137
236 137
239 137
242 137
246 136
249 136
253 136
257 135
260 135
264 135
267 134
271 134
274 134
277 134
280 133
282 133
285 133
287 133
289 133
291 132
293 132
295 132
296 132
298 132
299 132
300 132
301 132
302 132
303 132
304 132
305 132
306 133
307 133
307 134
308 134
309 134
309 135
310 136
311 137
312 138
313 139
314 140
315 142
316 143
317 145
318 146
319 148
320 149
321 151
322 153
323 154
324 156
325 157
326 159
327 160
328 162
329 163
330 165
331 166
332 167
333 169
334 170
335 171
336 172
336 173
337 174
338 175
338 176
339 177
340 178
341 179
341 180
342 180
342 181
343 181
343 182
344 182
344 183
345 184
345 185
346 186
347 186
348 186
349 186
350 186
351 186
352 186
354 185
355 185
357 185
358 185
360 185
362 184
363 184
365 184
367 184
369 183
371 183
373 183
376 183
378 182
380 182
382 182
384 182
387 182
389 181
391 181
393 181
395 181
397 181
398 181
400 181
402 181
404 181
406 181
407 181
409 180
410 180
412 180
413 180
415 180
416 180
417 180
418 180
419 180
420 180
421 181
422 181
423 181
423 182
424 182
424 183
425 183
425 184
426 185
426 186
427 187
428 188
429 189
430 191
432 193
433 194
435 196
436 198
438 200
439 201
440 203
442 205
443 207
444 209
445 210
446 212
446 213
447 215
448 216
449 217
449 218
450 219
450 220
451 220
451 221
452 222
452 223
452 224
453 224
453 225
452 225
452 226
452 227
451 227
451 228
450 228
449 228
