166
140 116
152 117
155 117
157 117
160 117
164 116
167 116
171 115
175 115
179 114
183 114
187 113
191 113
196 112
200 112
204 111
208 111
212 110
215 110
219 109
222 109
225 109
228 108
231 108
233 108
235 107
237 107
239 107
241 107
242 107
244 107
245 107
245 106
246 106
247 106
248 106
249 107
250 107
251 108
251 109
252 109
253 110
254 111
255 113
256 114
257 116
258 118
259 120
261 123
262 125
263 128
264 131
265 133
266 136
268 138
268 141
269 143
270 145
271 148
271 150
272 152
273 154
273 155
274 157
274 159
275 160
275 162
275 163
276 164
276 165
276 166
277 167
277 168
277 169
278 170
278 171
279 171
279 172
280 173
281 173
282 173
283 173
284 173
285 173
287 173
288 173
290 173
292 172
294 172
296 172
299 172
301 171
304 171
306 171
309 170
312 170
314 170
317 170
319 170
322 170
324 169
327 169
329 169
332 169
334 169
336 169
339 169
341 169
342 169
344 169
346 169
348 169
349 169
350 170
351 170
352 170
353 170
354 170
355 170
356 170
357 170
358 170
359 171
360 171
360 172
361 172
362 173
363 173
364 174
365 175
366 176
368 177
369 179
370 181
371 183
373 186
374 188
375 191
377 194
378 197
380 200
381 203
383 206
384 209
386 212
387 215
389 217
390 220
391 222
392 225
392 227
393 229
393 230
393 232
394 233
394 234
394 235
395 235
395 236
395 237
395 238
394 238
394 239
393 239
392 239
391 240
