163
131 90
136 88
138 87
141 87
143 86
146 86
150 85
153 85
157 84
161 84
165 83
169 83
173 82
177 82
182 81
186 81
190 81
194 80
198 80
202 79
205 79
208 79
211 78
214 78
216 77
218 77
220 77
222 77
223 76
224 76
225 76
226 76
227 76
228 76
229 76
230 76
231 76
232 77
233 78
234 78
235 79
236 80
237 81
238 83
240 85
241 87
243 89
244 91
246 93
248 96
250 98
251 101
253 103
255 106
257 109
258 111
260 114
261 116
263 119
264 121
265 124
266 126
267 129
268 131
268 133
269 135
270 137
270 138
271 140
271 141
271 142
272 143
272 144
272 145
273 146
274 146
275 146
276 146
278 146
279 146
281 146
283 145
285 145
288 145
291 145
294 144
297 144
301 144
304 144
308 143
311 143
315 143
318 143
322 143
325 143
329 142
332 142
336 142
339 142
342 142
346 142
348 142
351 142
354 142
356 142
358 142
360 142
362 142
364 142
365 142
366 141
368 141
369 141
370 141
371 141
372 141
373 141
374 141
375 141
375 142
376 142
377 143
379 144
380 145
382 147
384 148
386 151
388 153
390 157
393 160
395 164
397 168
399 172
401 176
404 180
406 185
408 188
410 192
412 196
414 199
416 202
418 205
419 208
421 211
423 213
424 215
425 217
426 219
427 220
428 221
429 223
429 224
430 225
430 226
431 226
431 227
431 228
431 229
431 230
430 230
430 231
429 231
428 232
