144
188 185
192 184
195 184
198 184
201 184
203 183
206 183
209 183
213 183
217 183
221 183
225 183
227 182
231 182
235 182
237 181
241 181
245 181
249 181
253 181
256 180
260 180
264 180
268 180
273 180
277 180
281 179
285 179
289 179
292 179
295 178
298 178
299 180
300 182
301 184
303 186
304 188
306 190
307 192
308 194
309 196
310 198
312 200
313 202
314 204
315 206
316 208
317 210
319 212
320 214
321 216
322 218
323 220
324 222
325 224
327 226
328 228
329 231
330 233
331 235
332 237
333 239
334 241
335 243
336 246
337 248
338 250
339 253
340 255
341 258
342 260
343 262
346 262
349 262
352 262
356 262
359 262
362 262
365 262
368 262
371 262
375 262
378 262
382 262
385 262
389 262
393 262
396 262
400 262
404 262
408 261
413 261
417 261
421 261
426 261
428 260
433 260
436 260
438 259
441 259
446 259
448 258
452 258
456 258
460 257
463 257
466 257
467 259
468 261
469 263
471 264
472 266
474 268
475 270
477 272
479 274
481 276
482 278
484 280
486 282
487 284
489 286
491 288
492 291
494 293
495 295
497 297
498 299
500 302
502 304
503 306
504 308
506 310
507 313
509 315
510 317
512 319
514 321
516 323
517 325
518 327
520 329
521 331
522 331
