203
194 137
198 138
199 138
200 138
202 138
203 138
205 138
207 138
210 137
212 137
215 137
218 137
221 136
225 136
228 136
231 135
234 135
237 135
240 135
244 135
247 135
250 135
253 134
256 134
258 134
261 134
264 133
266 133
269 133
271 133
273 132
275 132
277 132
279 132
280 131
282 131
283 131
284 131
285 131
285 130
286 130
287 130
288 130
289 130
290 130
291 131
292 132
293 132
293 133
294 133
294 134
295 135
295 136
296 136
297 138
298 139
298 140
299 142
300 143
300 145
301 146
302 148
303 149
304 151
305 153
306 154
307 156
308 157
309 159
310 160
311 161
312 163
313 164
314 165
314 167
315 168
316 169
317 171
317 172
318 173
319 174
319 175
320 176
321 177
321 178
322 179
322 180
323 181
324 182
324 183
325 184
325 185
325 186
326 186
326 187
326 188
327 188
328 188
329 188
330 188
331 188
332 188
333 188
335 188
336 188
337 188
339 188
340 187
342 187
344 187
346 187
348 186
350 186
352 186
354 186
357 186
359 186
361 185
362 185
364 185
366 185
367 185
369 185
371 185
372 185
374 185
375 185
377 185
378 185
380 184
381 184
383 184
384 184
386 184
387 184
388 184
390 184
391 184
392 184
393 184
394 184
395 184
396 184
397 184
398 184
399 184
400 184
401 184
402 184
403 184
404 184
405 184
406 184
407 185
408 186
409 186
410 187
411 188
412 189
413 189
414 191
415 192
416 193
418 194
419 196
420 197
422 199
423 200
425 201
426 203
428 204
429 205
430 207
432 208
433 209
434 210
435 211
436 212
437 213
438 214
438 216
439 217
440 218
441 219
442 220
443 221
443 222
444 222
445 223
445 224
446 225
447 225
447 226
448 226
448 227
449 228
449 229
450 229
450 230
450 231
449 231
448 231
446 231
