177
160 124
164 127
166 127
168 127
170 127
172 127
175 127
178 127
181 126
185 126
188 126
191 125
195 125
198 125
202 125
205 125
209 124
212 124
215 124
218 124
221 124
224 124
226 123
229 123
231 123
233 123
235 123
237 122
239 122
240 122
241 122
242 122
243 122
244 122
245 122
245 121
246 121
247 121
248 121
249 122
250 122
251 122
252 122
252 123
253 123
254 124
255 125
256 126
257 127
258 128
259 129
261 130
262 132
263 134
264 135
266 137
267 139
269 141
270 143
271 145
273 147
274 149
275 151
276 153
278 155
279 156
280 158
282 160
283 162
284 163
285 165
286 166
287 168
288 169
289 170
289 171
290 172
291 173
291 174
292 175
292 176
293 177
294 177
295 177
296 177
297 177
299 177
300 177
301 176
303 176
305 176
306 176
308 176
310 176
312 176
315 175
317 175
319 175
321 175
323 175
325 175
328 175
330 175
332 175
334 175
336 175
338 175
340 175
342 175
343 175
345 174
347 174
348 174
350 174
351 174
353 174
354 174
356 174
357 174
358 174
359 174
360 173
361 173
362 173
363 173
364 173
365 173
366 173
367 173
368 173
369 173
370 173
371 174
372 174
373 174
373 175
374 175
375 176
376 177
377 178
379 179
380 180
382 182
383 183
385 185
386 187
388 189
389 190
391 192
392 195
393 197
394 199
396 200
397 202
398 204
399 206
401 207
402 209
403 210
404 211
405 212
406 213
407 214
408 215
409 216
410 217
411 218
412 218
413 219
413 220
414 220
415 221
415 222
415 223
414 223
413 223
412 223
