146
209 180
214 180
218 180
222 180
226 180
229 180
233 180
236 180
239 180
242 179
245 179
248 179
251 179
254 179
257 179
260 179
262 178
265 178
269 178
272 178
275 178
277 177
280 177
283 177
286 177
289 177
292 177
296 177
299 177
303 177
307 177
309 176
312 176
315 176
318 176
321 177
322 179
323 181
325 183
327 185
328 187
329 189
330 191
332 193
333 195
334 197
335 199
336 201
337 203
338 205
339 207
341 209
342 211
343 213
344 215
345 217
347 219
348 221
349 223
351 225
352 228
353 230
355 232
356 235
357 237
358 239
359 241
360 243
361 245
362 247
364 246
366 247
369 247
372 247
375 246
379 246
382 246
385 247
388 247
391 247
394 247
397 248
400 248
403 248
406 248
410 248
412 249
415 249
419 249
422 249
426 249
430 249
434 248
438 248
442 248
445 248
449 248
452 248
456 248
459 248
462 248
464 249
466 248
469 248
472 248
475 248
478 248
480 249
482 251
483 253
485 254
486 256
488 258
489 260
491 262
492 264
494 265
495 267
497 269
498 271
500 273
501 275
502 277
504 279
505 281
507 283
508 285
510 287
511 289
513 291
515 294
516 296
518 298
520 300
521 302
523 304
524 307
526 309
528 311
529 313
530 315
532 317
533 319
535 320
536 322
535 323
