142
195 191
199 191
202 191
205 191
208 190
211 190
214 190
218 190
222 190
225 190
229 190
232 189
237 189
242 189
245 189
250 189
255 189
260 189
264 189
267 189
272 189
277 189
282 189
287 189
292 190
297 190
302 190
305 190
310 189
313 189
318 189
321 189
324 189
329 189
334 189
337 189
340 189
342 190
342 193
342 196
343 198
343 201
343 204
344 206
344 209
345 211
345 214
346 216
346 219
347 221
348 223
349 226
349 229
350 231
351 234
351 237
352 239
353 242
353 245
354 247
354 250
355 252
355 255
355 258
356 260
356 263
356 266
357 269
357 272
358 274
361 274
364 274
367 274
371 274
374 274
377 274
380 274
383 274
386 274
389 274
392 274
394 275
397 275
400 275
404 275
408 275
412 275
416 275
420 275
423 275
426 276
430 276
434 276
439 276
443 276
447 276
450 276
454 276
459 276
463 276
467 276
470 276
474 276
477 276
480 276
481 278
481 281
482 283
482 286
483 288
484 290
485 292
486 295
487 297
488 299
489 302
490 305
491 307
491 310
492 312
493 314
493 317
494 319
495 321
496 324
497 327
498 329
498 332
499 334
500 336
501 340
502 342
503 345
504 348
505 351
506 354
507 357
508 360
509 362
510 365
511 367
511 368
