326
114 119
120 118
121 118
122 118
123 118
124 118
125 118
126 118
128 118
129 118
130 118
131 118
132 118
133 118
133 118
134 118
135 118
136 118
137 118
138 118
139 118
141 118
142 118
143 118
144 118
145 118
147 118
148 118
150 117
151 117
153 117
154 117
155 117
157 117
158 117
160 117
162 117
163 117
165 117
166 117
168 116
170 116
171 116
173 116
175 116
176 116
178 116
180 116
182 116
183 116
185 116
187 116
189 116
190 116
192 116
194 116
195 116
197 116
199 116
201 116
203 116
204 115
206 115
208 115
210 115
211 115
213 115
214 115
215 115
217 115
218 115
219 115
220 115
221 115
222 115
222 116
223 117
224 117
225 118
226 118
227 119
228 120
229 120
230 121
231 121
231 122
232 122
233 123
234 123
235 124
236 124
237 125
238 126
239 126
239 127
240 128
241 129
242 129
243 130
244 131
245 132
246 133
247 134
248 135
249 135
250 136
251 137
252 138
253 139
254 140
255 141
256 142
257 143
258 144
259 145
260 146
261 147
262 148
262 149
263 150
264 151
265 152
266 153
267 154
268 155
268 157
269 158
270 159
271 160
272 161
273 162
274 164
275 165
276 166
277 167
278 168
279 169
280 170
281 171
282 172
283 173
284 174
286 175
287 176
288 177
289 179
290 180
291 181
292 182
293 183
294 184
294 185
295 186
296 187
297 188
298 189
298 190
299 190
299 191
300 191
300 192
301 192
302 192
302 193
303 193
304 193
305 193
306 193
307 193
308 193
309 193
310 193
311 193
312 193
313 193
314 193
316 193
317 193
318 193
319 193
321 193
322 193
324 193
325 194
326 194
328 194
329 194
331 194
332 194
334 194
335 194
337 194
338 194
340 194
342 194
344 194
345 194
347 194
349 194
351 194
352 194
354 194
356 194
358 194
360 194
362 195
364 194
366 194
368 194
370 194
372 194
374 194
376 194
378 194
380 194
382 194
384 193
386 193
388 193
390 193
392 193
394 193
397 193
399 193
401 193
403 192
405 192
407 192
409 192
411 191
414 191
416 191
418 191
421 191
423 191
425 191
427 190
428 190
430 190
431 190
432 190
433 190
434 190
435 190
436 190
436 191
437 191
438 191
438 192
439 192
439 193
440 193
441 193
441 194
442 195
443 195
444 196
445 196
445 197
446 198
447 199
448 200
449 201
450 202
451 203
452 204
453 205
454 206
455 207
456 208
456 209
457 211
458 212
459 213
460 214
461 216
462 217
463 218
464 220
465 221
467 222
468 223
469 224
470 226
471 227
473 228
474 229
475 231
476 232
477 233
479 235
480 236
481 238
482 239
484 240
485 242
486 243
488 245
489 246
490 248
492 249
493 251
495 252
496 253
498 255
500 256
501 258
503 259
504 261
506 262
507 264
508 265
510 266
511 268
512 269
513 270
514 272
515 273
516 274
517 274
517 275
518 276
518 277
518 278
517 279
517 279
