172
106 78
111 78
113 78
115 78
117 78
119 78
121 78
123 78
126 78
129 78
132 78
135 78
138 77
142 77
145 77
148 77
152 77
155 77
158 76
161 76
164 76
168 76
170 76
173 75
176 75
178 75
180 75
182 75
184 75
185 75
186 75
188 75
189 74
190 74
191 74
191 75
192 75
192 76
193 76
193 77
194 77
194 78
195 79
195 80
196 81
197 82
198 83
199 85
200 87
201 88
203 90
204 92
206 94
207 97
209 99
210 102
212 104
214 107
216 109
217 112
219 114
220 117
222 119
223 122
224 124
225 126
226 128
227 130
228 132
229 133
230 135
231 136
231 137
232 137
232 138
233 138
233 139
234 140
235 140
236 140
237 139
238 139
239 139
241 139
242 139
244 139
246 138
247 138
249 138
252 138
254 138
256 137
259 137
261 137
264 137
267 137
270 137
273 137
276 137
279 137
281 137
284 137
287 137
290 137
293 137
295 138
298 138
300 138
302 138
305 138
307 138
308 138
310 138
312 138
313 138
315 138
316 137
317 137
318 137
319 137
320 137
321 137
322 137
323 137
323 136
324 136
325 137
325 138
326 138
326 139
326 140
327 141
328 143
328 144
329 145
329 147
330 149
331 150
332 152
333 155
334 157
335 159
336 162
337 164
338 167
339 170
341 173
342 176
343 178
344 181
346 184
347 187
349 189
350 192
352 194
353 197
354 199
355 201
357 203
358 205
360 208
360 209
361 210
362 211
363 212
363 213
364 214
365 215
366 216
367 216
366 216
366 217
