166
88 96
93 96
94 97
95 97
97 97
98 97
100 97
102 97
104 98
107 98
110 98
112 98
115 98
118 98
121 98
125 98
128 98
131 98
135 98
138 98
142 98
145 98
149 98
152 98
155 98
158 98
161 98
164 98
166 98
169 98
171 98
173 98
175 98
176 98
178 98
179 98
180 97
181 97
182 97
182 98
183 99
183 100
184 100
184 101
185 102
186 103
186 105
187 106
188 107
189 109
190 111
191 113
192 115
193 117
195 119
196 121
197 124
198 126
200 129
201 131
202 133
204 136
205 138
206 140
207 143
208 145
209 147
210 149
211 151
212 152
213 154
213 155
214 157
215 158
215 159
216 159
216 160
217 161
217 162
218 162
219 162
220 162
221 162
222 162
223 162
224 162
226 162
227 162
229 162
231 162
233 162
235 162
237 163
240 163
242 163
245 163
248 163
250 163
253 163
256 164
258 164
261 164
264 164
267 164
270 165
272 165
275 165
278 165
280 166
283 166
285 166
287 166
289 166
291 166
293 166
294 166
296 166
297 166
298 166
299 166
300 166
301 166
302 166
303 166
304 166
304 167
305 167
306 168
307 169
307 170
308 171
309 172
310 173
311 175
312 176
313 178
314 180
315 183
317 185
318 188
320 191
322 194
324 197
326 201
327 204
329 207
331 211
333 214
335 217
337 220
338 223
340 226
342 229
343 231
344 234
345 236
346 237
347 239
348 240
348 242
349 242
349 243
349 244
350 244
350 245
351 245
