135
212 208
215 207
218 207
220 208
223 208
226 208
229 208
232 208
236 208
240 208
244 208
246 209
248 208
253 208
257 208
260 208
264 208
267 208
272 208
277 208
282 208
286 208
289 208
294 208
298 208
301 208
306 208
310 208
313 208
317 208
321 208
325 208
328 208
331 208
332 210
333 212
334 214
335 216
336 219
337 221
338 223
339 225
340 227
341 229
343 231
344 233
345 235
347 237
348 239
350 241
351 243
353 245
354 247
356 249
357 251
358 253
359 255
360 257
361 260
362 262
363 264
364 266
365 268
366 270
367 272
368 274
369 277
370 280
372 281
375 281
378 281
382 281
385 281
388 281
391 281
394 281
397 282
400 282
404 282
407 282
411 282
415 282
418 282
420 283
424 283
428 283
432 283
436 283
440 283
445 283
449 283
453 283
457 283
461 283
465 283
468 283
471 283
473 284
475 285
475 288
477 289
478 291
480 292
482 294
484 296
486 298
488 300
490 301
491 303
493 304
494 306
496 308
497 310
499 312
501 314
502 316
504 317
506 319
507 321
509 323
511 325
513 327
515 328
517 330
519 333
521 335
523 337
525 340
527 342
528 344
530 346
532 348
534 350
536 351
536 353
