138
192 180
196 178
199 178
201 179
205 179
208 179
211 179
215 179
219 179
223 179
227 179
231 179
235 179
240 179
245 179
248 179
253 179
256 179
258 178
261 178
266 178
269 178
274 178
279 178
282 178
287 177
292 177
297 177
301 177
303 176
306 176
309 176
310 178
311 180
312 182
313 184
315 186
316 188
317 190
319 191
320 193
322 195
324 197
326 199
327 201
329 204
330 206
332 208
333 210
334 212
335 214
337 216
338 218
339 220
340 222
341 224
342 226
343 228
344 230
345 232
346 234
347 236
349 239
350 241
351 243
352 245
353 247
355 249
357 251
358 253
361 253
364 253
366 254
369 254
372 254
375 254
379 254
383 254
387 254
391 255
395 255
399 255
402 255
406 255
409 255
414 254
419 254
424 254
429 254
432 254
434 253
437 253
440 253
445 253
449 253
454 253
458 253
462 253
465 253
468 253
471 253
474 253
474 256
475 259
476 262
477 264
478 266
480 268
481 270
482 272
484 274
485 276
486 279
488 281
489 283
490 286
492 288
493 290
494 292
495 294
496 296
497 298
498 300
500 303
501 306
503 308
504 311
505 313
506 316
508 318
510 321
511 323
513 325
514 327
515 329
517 330
518 332
517 333
