155
141 113
146 113
147 112
149 112
152 112
154 112
157 112
160 111
164 111
167 110
171 110
175 109
179 109
183 108
186 107
190 107
194 106
197 105
201 105
204 105
207 104
210 104
212 103
215 103
217 103
219 103
220 103
222 103
223 102
224 102
225 102
226 102
227 102
228 102
229 102
230 103
231 103
231 104
232 105
233 106
234 107
235 109
236 111
237 114
238 116
240 119
241 122
242 125
244 128
245 131
246 133
247 136
248 139
249 141
249 143
250 145
251 147
251 149
252 151
252 152
252 154
253 155
253 156
253 157
253 158
254 159
254 160
254 161
255 161
255 162
256 162
257 162
258 162
260 162
261 162
262 162
264 162
265 162
267 162
269 162
272 162
274 162
277 162
280 161
283 161
286 161
289 161
293 160
296 160
299 160
302 159
305 159
308 159
311 159
314 159
316 159
319 159
321 159
323 159
325 159
327 158
328 158
330 158
331 158
332 158
333 159
334 159
335 159
336 159
337 159
338 159
339 159
340 159
341 160
342 161
344 162
345 164
347 165
349 167
351 169
353 171
355 173
357 176
360 179
362 182
364 184
365 187
367 190
368 193
370 195
371 198
372 200
374 203
375 205
376 207
377 209
378 211
379 212
380 214
381 215
382 217
382 218
383 219
383 220
384 221
384 222
385 222
385 223
385 224
385 225
385 226
385 227
385 228
384 229
383 229
