171
86 141
90 144
91 144
92 144
94 144
96 144
97 144
99 144
102 144
104 144
107 144
110 144
113 145
116 145
119 145
123 145
126 145
130 145
134 145
138 145
141 145
145 145
149 145
153 145
157 145
160 145
164 145
167 144
170 144
173 144
176 144
178 144
180 144
182 144
184 144
185 144
187 144
188 144
189 144
190 143
190 144
191 145
191 146
192 147
192 148
193 149
194 150
194 151
195 153
196 154
197 156
199 158
200 160
201 162
202 164
204 167
205 169
207 172
208 175
210 177
212 180
213 183
215 185
217 188
218 191
220 193
221 196
222 198
223 200
224 203
225 205
226 207
227 208
228 210
228 211
229 213
229 214
230 215
231 216
232 217
233 217
234 217
235 217
236 217
237 217
238 217
239 217
241 217
242 217
244 217
245 216
248 216
250 216
252 216
255 216
258 216
261 216
264 215
267 215
270 215
274 215
277 215
281 215
284 215
287 215
291 215
294 215
297 215
300 216
303 216
305 216
308 216
310 216
312 216
314 215
316 215
317 215
319 215
320 215
323 214
324 214
324 213
325 213
326 212
326 213
327 214
327 215
328 216
328 217
328 218
329 219
329 220
330 222
330 224
331 226
332 228
333 230
333 233
334 235
335 238
336 240
338 243
339 246
340 249
341 252
342 254
343 257
345 260
346 262
347 265
348 267
349 269
350 271
351 273
352 274
353 276
354 277
355 278
355 279
356 280
356 281
357 282
357 283
358 283
358 284
359 284
359 285
360 286
360 287
360 286
359 286
