143
218 197
222 197
225 197
228 197
231 197
234 197
237 197
240 197
244 197
247 197
251 197
254 197
258 197
262 197
266 197
270 197
274 197
278 197
280 196
283 196
287 196
291 196
295 196
299 196
304 196
308 196
313 196
317 196
321 196
325 196
328 196
331 196
334 196
335 198
336 200
338 202
339 204
340 206
342 207
343 209
344 211
346 213
348 214
349 216
351 218
352 220
354 221
355 223
357 225
358 227
360 229
361 231
363 233
365 235
367 237
368 239
370 241
372 243
373 245
375 247
376 249
378 251
379 253
381 255
382 257
383 259
384 261
385 263
386 265
387 267
388 269
389 271
390 273
391 275
394 274
397 274
400 274
404 274
407 274
410 274
414 274
417 274
420 275
423 275
426 275
429 275
432 275
435 275
439 275
442 275
445 275
448 275
452 275
455 275
459 275
462 275
465 275
469 275
472 275
475 275
478 275
480 274
483 274
487 275
490 275
493 275
497 275
500 275
503 275
505 277
506 279
507 281
508 283
510 285
511 287
513 289
515 291
517 293
519 295
520 297
522 298
523 300
525 302
527 304
528 306
529 308
531 310
532 312
534 314
536 316
538 318
539 320
541 322
543 324
545 326
546 328
548 330
549 332
551 333
552 335
553 337
555 339
555 340
