153
186 248
190 247
192 246
195 246
198 246
201 246
204 246
207 246
211 246
215 246
218 246
222 246
225 246
229 245
232 245
236 245
239 245
242 245
244 244
247 244
252 244
255 243
260 243
263 243
265 242
268 242
271 242
274 242
277 242
280 241
283 241
286 241
289 241
292 241
295 241
300 241
303 240
307 240
310 240
313 240
316 239
317 241
318 243
320 245
322 247
323 249
325 250
326 253
328 255
330 258
331 260
333 263
335 265
336 268
338 270
340 272
341 274
342 276
344 278
345 280
347 282
348 284
350 286
351 288
353 290
355 292
356 294
358 296
360 298
361 300
363 301
364 303
366 305
367 307
368 309
370 311
371 313
373 315
374 317
375 319
377 320
380 320
383 320
386 319
389 319
392 319
395 319
397 318
401 318
404 318
407 318
409 317
413 317
416 317
420 317
423 317
427 317
430 316
434 316
438 316
442 316
446 316
448 315
452 315
455 315
459 315
464 315
468 315
471 315
475 315
478 314
482 314
486 314
489 314
492 314
495 314
497 315
498 317
500 318
501 320
503 321
504 323
506 324
508 326
510 328
512 329
514 331
515 333
517 336
519 338
520 340
522 342
523 344
525 347
527 349
528 351
530 353
532 355
533 358
535 360
537 362
539 365
541 367
543 369
545 371
547 373
549 375
551 376
553 378
555 380
557 381
559 382
558 381
