162
184 227
188 226
191 226
194 226
196 225
200 225
203 225
205 224
209 224
212 224
216 223
219 223
223 223
226 223
231 223
233 222
236 222
239 222
244 222
247 222
252 221
257 221
262 221
267 221
272 221
276 221
279 220
283 220
286 220
290 220
292 219
295 219
299 219
303 219
305 218
308 218
311 218
314 218
315 220
317 221
318 223
320 224
322 226
324 228
326 229
327 231
329 233
330 235
332 237
334 239
336 241
337 243
339 244
341 246
343 248
345 250
347 252
349 254
351 256
353 258
355 260
357 262
359 264
361 266
363 268
365 270
367 272
369 274
371 275
373 277
375 279
376 281
378 283
380 285
382 287
384 289
385 291
387 292
388 294
390 296
392 298
394 299
395 301
398 301
401 301
405 301
407 300
410 300
413 300
416 299
419 299
422 299
426 299
429 298
433 298
436 298
439 298
442 298
445 298
448 298
451 298
454 298
458 298
461 298
465 298
468 298
472 298
475 298
479 298
483 298
488 298
492 297
496 297
500 297
504 297
507 297
510 297
513 297
515 298
517 300
518 302
520 303
522 305
523 307
525 308
526 310
528 312
530 314
532 316
533 318
535 319
538 321
540 323
541 325
543 327
545 329
547 331
548 333
550 335
551 337
553 339
554 341
556 343
557 345
559 346
561 348
563 350
565 352
567 354
569 356
571 358
573 360
575 362
577 364
579 366
581 368
582 370
584 371
586 373
588 374
590 375
591 375
