241
102 105
110 104
111 104
112 104
114 104
116 103
117 103
119 103
121 103
124 102
126 102
128 102
131 102
133 102
136 101
138 101
141 101
143 101
146 101
149 101
151 100
154 100
157 100
160 100
163 100
165 100
168 100
171 100
174 100
177 99
180 99
183 99
186 99
189 99
192 99
196 99
199 99
202 99
205 99
208 99
212 98
215 98
218 98
221 98
224 98
227 98
229 98
231 98
233 98
235 98
237 98
238 98
239 98
240 98
241 98
242 98
242 99
243 100
243 101
244 101
244 102
245 103
245 104
246 105
247 106
248 107
249 109
250 110
251 111
252 112
253 114
254 115
255 116
256 118
258 119
259 121
260 122
262 124
263 125
264 127
266 129
267 131
268 132
269 134
270 136
272 138
273 140
274 142
275 144
276 146
277 148
279 150
280 152
281 154
282 156
283 159
284 161
285 163
286 165
287 167
288 169
289 171
290 173
291 175
291 177
292 179
293 180
294 182
294 183
295 185
295 186
296 187
297 188
297 189
297 190
298 190
298 191
299 191
299 192
300 192
301 192
302 192
303 192
304 192
305 192
306 193
308 193
310 193
311 193
313 193
315 193
317 193
320 193
322 193
324 193
327 193
329 193
332 193
335 194
338 194
341 194
344 194
347 194
350 194
353 195
356 195
359 195
362 195
366 195
369 195
372 195
376 195
379 195
382 195
385 196
389 196
392 196
395 196
399 196
402 196
405 196
409 196
412 196
416 196
419 196
422 196
426 196
429 196
432 196
435 196
438 196
441 196
444 196
446 196
449 196
451 196
453 196
454 197
456 197
457 197
458 197
459 197
460 197
461 198
461 199
462 199
462 200
462 201
463 201
464 202
464 203
465 204
466 205
467 206
467 207
468 208
470 210
471 211
472 213
473 215
475 216
476 218
478 220
479 221
481 223
482 225
484 227
485 229
487 230
488 232
490 234
491 236
493 238
494 240
496 242
498 244
499 247
501 249
502 251
504 252
505 254
507 256
508 258
509 260
511 262
512 264
513 266
514 268
515 270
516 271
517 272
518 274
518 275
519 276
520 276
520 277
521 278
522 279
523 279
524 278
524 278
