149
208 234
213 234
217 234
219 233
223 233
226 233
230 233
233 233
237 232
241 232
245 232
249 232
252 232
256 232
259 232
263 231
266 231
270 231
274 231
278 231
282 231
286 231
290 230
293 230
297 230
300 230
305 230
310 229
314 229
317 229
322 229
326 229
329 228
332 228
333 230
334 232
335 235
336 237
337 239
338 241
339 243
340 245
341 248
342 250
343 253
344 255
345 257
346 259
347 261
348 263
349 265
349 268
350 270
351 272
352 274
353 276
354 278
355 280
356 282
356 285
357 287
358 289
359 291
360 294
361 297
362 299
363 302
364 304
365 307
366 310
366 313
367 315
370 315
373 315
376 315
379 315
382 315
385 315
389 315
393 315
397 315
400 314
403 314
407 314
410 314
414 314
417 314
421 314
424 314
428 314
430 313
434 313
438 313
442 313
446 313
449 313
453 313
457 313
461 313
464 313
466 312
470 312
474 312
478 312
482 312
486 312
489 312
492 312
494 313
495 315
496 317
498 319
500 321
502 323
504 325
506 327
508 329
509 331
511 333
512 335
513 337
514 339
516 340
517 342
518 344
519 346
520 348
522 350
523 352
524 354
526 356
527 358
528 360
529 362
531 364
532 366
533 368
535 370
536 372
538 374
539 376
540 378
542 379
543 381
545 383
546 385
548 386
549 388
550 389
