161
174 212
178 211
181 211
184 211
187 211
191 211
193 210
197 210
201 210
203 209
206 209
210 209
215 208
219 208
222 208
226 208
229 207
233 207
236 207
240 207
243 206
247 206
252 206
256 205
259 205
263 205
266 205
268 204
273 204
277 204
280 203
285 203
289 203
294 202
298 202
301 202
304 202
307 202
309 203
311 204
313 206
315 208
317 210
318 212
320 214
322 216
323 218
325 220
326 222
328 224
329 226
330 228
331 230
333 232
334 235
335 237
337 239
338 241
340 243
341 245
342 247
344 249
345 251
347 253
348 256
350 258
351 260
352 262
354 264
355 266
357 268
358 270
359 272
360 274
362 277
363 279
364 281
365 283
366 285
367 287
368 289
369 291
371 293
372 295
375 295
378 295
381 295
383 294
386 294
389 294
392 294
394 293
397 293
400 293
404 293
407 293
411 293
414 292
418 292
422 292
425 292
428 292
432 292
435 292
439 292
442 292
446 291
450 291
454 291
458 291
461 291
465 291
469 291
472 291
476 291
480 290
484 290
487 290
490 290
493 290
496 290
498 292
500 294
501 296
503 298
505 299
506 301
508 303
510 305
512 307
514 309
516 311
517 313
519 315
520 317
522 318
524 320
525 322
527 324
528 326
530 327
532 329
534 331
535 334
537 336
539 338
541 340
543 342
544 344
546 346
548 348
550 350
551 352
553 354
554 356
556 358
557 360
558 362
560 364
562 366
561 366
