200
106 90
111 87
113 87
115 86
117 86
119 85
122 85
125 84
127 83
131 83
134 82
137 82
140 81
144 80
147 80
151 79
154 79
158 78
162 78
165 78
169 77
172 76
176 76
179 76
182 75
186 75
189 75
192 74
194 74
196 74
199 74
200 74
202 73
204 73
205 73
206 73
208 73
209 73
210 73
211 73
212 73
213 73
214 73
214 72
215 72
216 72
217 72
218 73
219 74
220 74
221 75
222 76
224 77
225 79
227 81
228 83
230 85
231 88
233 91
235 94
236 98
238 101
240 104
242 107
243 110
245 113
246 116
248 118
249 121
250 123
251 125
252 127
253 129
254 131
255 133
256 135
256 136
257 137
258 139
258 140
259 141
260 142
260 143
261 144
261 145
262 145
262 146
263 146
264 147
265 147
266 146
267 146
268 146
269 146
270 146
271 146
273 146
275 146
277 145
278 145
281 145
283 145
285 145
288 144
290 144
292 144
295 144
297 144
299 144
302 144
304 144
306 144
309 144
311 144
314 144
316 144
319 143
322 143
324 143
327 143
330 143
332 143
335 143
337 143
340 142
342 142
344 142
347 142
349 142
351 142
353 142
355 141
357 141
358 141
360 141
361 141
362 141
363 141
365 141
366 141
367 141
368 140
369 140
370 140
371 140
372 140
373 140
373 141
374 141
374 142
375 143
375 144
376 145
377 146
378 148
379 149
381 151
382 154
383 156
384 158
385 161
386 163
387 166
388 168
389 170
390 173
390 175
391 177
392 179
393 181
393 183
394 185
395 187
395 189
396 191
396 192
397 194
397 195
398 197
398 198
398 199
398 200
399 201
399 202
400 202
400 203
400 204
401 205
401 206
402 207
402 208
403 209
403 210
403 211
404 211
404 212
405 211
405 210
405 209
406 209
