181
88 158
92 159
93 159
94 160
96 160
98 160
100 159
103 159
105 159
108 159
111 159
114 159
117 159
121 158
124 158
128 158
132 158
136 158
140 157
143 157
147 157
151 157
155 157
159 157
162 157
166 157
169 157
172 157
175 157
177 157
180 157
182 157
184 157
185 157
187 157
188 157
189 157
190 157
191 157
192 158
193 159
193 160
194 161
194 162
195 163
196 164
196 166
197 168
198 170
199 172
200 174
201 177
202 179
203 182
204 185
205 187
207 190
208 192
209 195
211 198
212 200
213 203
214 205
216 208
217 210
218 212
219 214
220 216
221 218
221 220
222 222
223 223
223 224
224 225
224 227
225 227
225 228
225 229
226 229
226 230
227 230
227 231
228 231
229 231
230 231
231 231
232 231
233 231
234 231
235 231
236 231
237 231
239 230
241 230
242 230
245 230
247 230
249 229
252 229
255 229
258 229
261 228
264 228
267 228
270 228
274 227
277 227
280 227
283 227
287 227
290 227
293 227
295 227
298 227
301 226
303 226
306 226
308 226
310 226
311 226
313 226
314 226
315 226
316 226
317 225
318 225
319 225
320 225
320 226
321 226
321 227
321 228
322 228
322 229
323 230
323 231
324 232
325 234
325 235
326 236
327 238
328 240
329 242
330 244
331 247
332 249
334 252
335 254
336 257
337 260
339 262
340 265
341 268
342 270
343 273
344 275
346 277
347 279
348 282
349 284
350 285
350 287
351 289
352 290
353 291
354 293
354 294
355 295
356 295
356 296
357 297
358 298
359 298
360 299
360 300
361 300
361 301
361 302
360 302
360 303
361 303
