160
184 224
189 221
192 221
196 221
199 221
203 221
206 221
209 221
211 220
215 220
219 220
224 220
228 220
232 220
235 220
239 220
241 219
244 219
248 219
253 219
257 219
259 218
263 218
267 218
271 217
275 217
279 217
283 217
287 217
291 217
294 217
298 217
300 216
304 216
307 216
310 216
313 216
314 218
315 220
316 222
318 223
319 225
321 227
322 229
324 230
326 232
328 234
330 236
332 238
333 240
335 242
337 244
338 246
340 248
342 251
344 253
346 255
348 258
350 260
352 262
353 264
355 265
357 267
359 269
361 271
363 273
364 275
366 277
368 279
370 281
371 283
373 285
375 286
377 288
379 290
381 292
383 294
385 296
387 298
389 300
390 302
392 304
394 306
396 308
398 309
400 310
403 310
406 309
409 309
412 309
415 308
419 308
423 308
427 308
431 308
434 308
436 309
439 309
442 309
445 309
449 309
452 309
455 309
459 309
462 309
466 308
470 308
473 308
477 308
481 308
485 308
489 308
493 308
496 308
499 308
502 308
505 308
508 308
511 308
514 308
517 308
519 309
520 312
521 314
523 316
525 318
527 319
528 321
530 323
532 325
533 327
535 329
537 331
538 333
540 335
541 337
543 339
544 341
546 343
548 345
549 347
551 349
552 351
554 353
556 355
558 357
560 359
561 361
563 363
565 365
567 367
569 369
570 371
572 372
573 374
575 376
577 378
579 380
581 382
580 382
