170
83 47
86 45
88 45
89 45
91 45
93 45
95 45
97 44
100 44
103 44
106 44
109 43
112 43
116 43
119 42
123 42
127 41
130 41
134 40
137 40
141 39
144 39
147 38
150 38
153 37
155 37
157 37
159 36
161 36
163 36
164 35
165 35
166 35
167 35
168 35
169 36
169 37
169 38
170 39
170 40
171 41
171 42
172 44
173 45
174 47
175 49
176 51
177 53
178 55
180 58
181 60
183 63
184 65
186 68
187 70
189 73
190 75
192 77
193 79
195 82
196 83
197 85
198 87
200 89
201 91
201 92
202 94
203 95
204 96
204 98
205 99
206 100
206 101
207 101
207 102
208 102
208 103
209 103
210 104
211 104
212 104
213 104
214 104
215 104
216 104
217 104
219 104
220 104
221 104
223 104
224 104
226 104
228 104
229 104
231 104
233 104
236 104
238 104
240 104
242 104
245 104
247 103
250 103
252 103
254 103
256 103
258 103
260 103
262 103
264 103
265 103
267 103
268 103
269 103
270 103
271 103
272 103
273 103
274 103
275 103
276 104
276 105
277 105
277 106
278 107
279 108
279 109
280 110
281 111
282 113
283 115
284 117
285 119
287 122
288 124
290 127
291 129
293 132
295 134
296 137
298 140
300 142
302 145
304 147
305 149
307 152
309 154
310 156
312 158
314 160
315 161
316 163
317 164
319 165
320 167
321 168
322 169
323 170
324 171
324 172
325 172
326 173
326 174
327 175
328 176
329 177
329 178
330 178
330 179
331 179
