177
180 122
184 122
185 122
187 122
189 122
191 121
193 121
195 121
198 121
200 121
203 121
206 120
209 120
212 119
216 119
219 119
223 118
226 118
229 118
232 117
235 117
238 117
241 117
244 117
246 116
249 116
251 116
253 115
255 115
257 115
258 115
259 115
260 115
261 115
262 115
263 115
264 115
265 115
266 115
267 115
267 116
268 116
269 117
270 117
271 118
272 119
273 120
275 121
276 122
277 124
278 125
279 127
280 128
282 130
282 132
283 134
284 135
285 137
286 139
287 141
288 142
289 144
289 145
290 146
291 148
291 149
292 149
292 150
293 151
293 152
294 153
294 154
295 155
295 156
296 157
296 158
297 159
297 160
298 160
299 160
300 160
301 160
302 160
303 160
305 160
306 160
307 160
308 160
309 159
311 159
312 159
313 159
315 159
316 158
318 158
320 158
321 158
323 158
325 157
326 157
328 157
330 157
332 157
333 157
335 156
337 156
338 156
340 156
341 156
343 156
344 156
346 156
348 156
349 156
351 156
353 156
354 155
356 155
358 155
359 155
361 155
362 155
363 155
365 155
366 155
367 155
368 155
369 155
370 155
370 156
371 156
372 156
373 156
374 157
375 157
375 158
376 159
377 160
378 161
378 162
380 164
381 165
382 167
384 169
385 170
387 172
388 174
390 175
391 177
392 178
393 180
394 181
395 182
396 183
397 184
398 185
398 186
399 186
399 187
400 188
400 189
401 189
401 190
402 190
402 191
403 192
403 193
404 193
404 194
404 195
405 195
405 196
405 197
405 198
404 199
403 199
402 200
