159
194 184
198 184
201 184
204 184
207 184
210 184
213 184
217 184
220 184
223 184
227 184
230 184
234 184
237 183
240 183
243 183
247 183
250 183
253 182
256 182
259 182
262 182
266 181
270 181
274 181
278 181
281 181
284 181
287 180
291 180
295 180
299 180
302 180
306 179
309 179
313 179
315 178
319 178
322 178
324 177
327 177
328 179
329 182
330 184
331 186
332 188
334 190
335 192
336 194
338 195
339 197
340 199
341 201
343 203
345 206
346 208
348 210
349 212
351 214
352 216
353 218
354 220
356 221
357 223
358 225
359 227
360 229
361 231
362 233
363 235
364 237
365 239
366 241
367 243
368 245
369 248
370 251
370 254
371 256
372 258
373 260
376 260
379 260
382 260
385 260
388 260
391 260
394 260
397 260
401 260
405 260
408 260
412 260
415 260
419 260
422 260
426 260
429 260
433 260
436 260
440 260
443 260
446 260
449 260
452 260
455 260
458 260
461 260
464 260
467 259
470 259
473 259
476 259
479 259
481 258
485 258
489 258
492 258
495 258
496 260
497 263
498 265
500 267
501 269
502 271
503 273
504 275
506 277
507 280
509 282
510 284
511 286
513 288
514 291
515 293
516 295
518 297
519 299
520 301
521 303
523 306
524 308
525 310
526 312
527 314
529 316
530 318
531 320
533 322
534 324
536 327
538 329
540 331
541 333
542 335
544 337
545 339
547 341
546 343
