154
151 96
155 96
157 96
159 96
161 96
164 96
166 95
169 95
172 95
175 95
178 94
181 94
184 94
188 93
191 93
194 93
197 93
200 92
203 92
206 92
209 92
212 92
214 92
216 92
218 92
220 91
222 91
223 91
224 91
225 91
226 91
227 91
228 91
229 91
230 91
231 91
232 92
233 92
233 93
234 93
235 94
236 95
238 96
239 97
240 99
242 101
243 102
244 105
246 107
247 109
248 112
250 114
251 116
252 118
254 120
255 123
256 124
257 126
257 128
258 129
259 131
260 132
260 133
261 135
261 136
262 137
262 138
263 139
263 140
264 140
264 141
264 142
265 142
266 142
267 142
268 142
269 142
270 142
271 142
273 142
274 142
276 142
279 142
281 141
283 141
286 140
289 140
291 140
294 139
297 139
299 139
302 139
304 138
307 138
309 138
311 138
314 138
316 138
318 138
320 138
322 138
324 138
326 138
327 138
329 138
330 137
331 137
332 137
333 137
334 137
335 137
336 137
337 137
338 137
338 138
339 138
339 139
340 139
341 140
342 141
343 143
344 144
346 146
347 148
349 151
351 153
353 156
355 159
358 162
360 164
362 167
363 170
365 173
367 176
368 178
369 180
370 182
371 184
371 186
372 187
372 189
373 190
373 191
373 192
374 192
374 193
374 194
374 195
375 196
375 197
375 198
375 199
374 200
373 200
