151
188 210
194 208
197 208
200 208
203 208
206 208
210 208
213 208
217 208
220 208
224 208
228 208
231 208
233 207
237 207
240 207
244 207
247 207
249 206
252 206
257 206
262 206
264 205
269 205
272 205
274 204
277 204
282 204
287 203
290 203
295 203
300 203
304 203
306 202
310 202
313 202
316 202
318 203
319 206
320 208
321 210
323 212
324 214
326 216
328 217
329 219
331 221
333 223
334 225
336 227
338 229
340 231
341 234
343 236
344 238
346 241
347 243
349 245
350 247
352 250
354 252
355 254
356 256
358 258
359 260
360 262
361 264
363 266
365 269
366 271
368 273
370 275
371 278
373 280
374 282
375 284
376 286
377 288
379 289
381 290
383 291
386 291
389 291
393 291
396 291
399 291
402 291
405 291
408 291
412 291
415 291
418 291
420 292
423 292
427 292
430 292
434 292
438 292
441 292
445 292
449 292
454 292
458 292
462 292
466 292
470 292
474 292
478 292
480 291
484 291
488 291
490 292
493 292
496 292
499 292
501 293
502 295
503 297
505 299
507 301
509 303
511 305
513 307
515 309
516 311
518 312
519 314
520 316
522 318
523 320
525 322
526 324
528 326
529 328
530 330
532 332
533 334
535 336
537 338
538 340
540 342
541 344
543 346
544 348
546 350
547 352
549 353
550 355
552 356
553 358
552 359
