129
224 201
229 201
232 201
235 201
239 201
242 201
246 201
248 200
252 200
256 200
259 200
263 200
267 200
269 199
273 199
276 199
280 199
283 199
286 199
290 198
293 198
297 198
300 198
304 198
308 197
312 197
316 197
320 197
323 197
327 197
330 197
332 198
333 200
335 202
336 204
337 206
338 208
340 210
341 212
342 214
343 216
345 218
347 220
348 222
349 224
351 226
352 228
353 230
354 232
355 234
357 236
358 238
359 240
360 242
361 244
362 246
364 248
365 250
366 252
367 254
368 256
369 258
370 260
371 262
372 264
374 265
377 265
379 264
382 264
385 263
388 263
392 263
396 263
399 262
402 262
405 262
408 262
412 262
415 261
418 261
421 261
425 261
428 261
432 260
436 260
439 260
442 260
445 260
448 260
451 260
454 260
456 259
459 259
462 258
465 258
466 260
467 262
468 264
469 266
471 267
473 269
475 271
476 273
478 275
480 277
482 279
484 281
486 283
488 285
490 288
492 290
494 292
495 294
497 296
498 298
500 300
502 302
503 304
505 306
506 308
508 311
510 313
511 315
513 317
515 318
516 320
518 321
519 323
517 324
