171
137 86
141 83
142 83
143 82
145 82
147 82
148 82
150 81
153 81
155 81
158 80
161 80
164 80
167 80
171 79
174 79
178 79
181 79
184 79
188 79
191 79
195 79
198 79
201 79
204 79
207 79
210 79
213 79
215 79
218 80
220 80
222 80
224 80
225 80
227 80
228 80
229 80
230 80
231 80
232 80
233 81
233 82
234 83
235 84
235 85
236 86
236 87
237 88
238 90
238 91
239 93
240 95
241 97
242 100
243 102
244 105
245 107
246 110
247 112
248 115
249 118
250 120
251 123
252 126
253 129
254 131
255 134
256 136
256 139
257 141
258 143
258 145
259 147
259 149
260 150
260 152
261 153
261 155
261 156
261 157
261 158
262 158
262 159
263 159
264 159
265 159
266 159
267 159
268 158
269 158
270 158
272 158
273 158
275 158
277 158
279 157
281 157
283 157
285 157
288 157
290 157
292 156
295 156
297 156
299 156
301 156
304 156
306 156
308 155
310 155
312 155
313 155
315 155
317 155
318 155
320 155
321 155
323 155
324 155
325 155
326 155
327 155
328 155
329 155
330 155
330 156
331 156
331 157
331 158
332 159
332 160
333 161
334 162
334 164
335 165
336 167
337 169
338 171
339 174
340 176
341 179
342 181
343 184
344 186
345 189
346 192
347 194
348 197
349 199
350 202
352 204
353 207
354 209
355 211
356 213
357 215
358 216
358 218
359 220
360 221
360 222
361 224
362 225
362 226
362 227
363 228
363 229
364 230
364 231
365 230
365 229
