159
105 90
112 90
113 90
115 90
117 90
119 90
121 90
124 90
126 90
129 90
132 89
135 89
138 89
142 89
145 89
149 89
152 88
156 88
159 88
163 88
166 88
170 88
173 88
176 87
179 87
182 87
185 87
188 87
190 86
192 86
194 86
196 86
197 86
198 85
199 85
200 85
201 85
202 86
202 87
203 88
204 89
205 91
205 92
206 93
207 95
208 97
209 99
211 101
212 103
214 105
215 108
217 110
219 112
220 115
222 117
224 120
225 122
227 125
228 127
230 130
231 132
232 134
233 136
234 138
235 140
236 142
237 143
238 145
238 146
239 147
239 148
240 149
240 150
241 150
241 151
242 152
243 152
243 151
244 151
245 151
246 151
247 151
248 151
250 151
251 150
253 150
255 150
257 150
259 149
262 149
264 149
267 149
270 148
273 148
276 148
279 148
282 148
285 147
288 147
290 147
293 147
296 147
298 147
301 147
303 147
305 147
307 147
308 147
309 147
311 147
312 146
313 146
314 146
315 146
315 147
316 147
317 148
318 149
319 150
320 151
321 152
322 153
323 155
325 157
326 159
328 161
330 163
332 165
334 168
336 170
338 173
340 176
343 179
345 182
348 185
350 189
352 192
355 195
357 198
359 201
361 204
363 207
364 209
366 212
367 214
368 216
370 218
371 219
372 221
372 222
373 223
374 224
374 225
375 226
375 227
376 227
377 227
376 227
375 227
