227
105 71
107 71
108 71
109 71
110 71
111 71
112 71
114 71
116 71
117 71
119 71
121 71
123 71
124 71
126 71
128 71
130 71
132 71
134 71
136 71
139 71
141 71
144 71
146 71
148 71
150 71
153 71
154 71
156 71
158 70
160 70
162 70
164 70
166 70
168 70
170 70
171 70
172 70
173 70
174 70
174 71
175 71
175 70
174 71
175 71
176 72
177 73
178 74
179 75
180 76
180 77
181 78
182 79
182 80
183 81
184 82
185 83
185 84
186 85
187 86
188 87
189 88
191 88
192 89
193 90
194 91
194 92
196 93
197 94
198 95
199 97
200 98
201 100
202 101
204 103
205 104
206 106
208 107
209 109
210 110
212 111
213 113
214 114
215 115
216 116
217 117
218 118
219 119
220 120
220 121
221 122
222 122
222 123
223 123
223 124
224 125
225 126
225 127
226 127
227 127
228 127
229 127
230 127
231 127
232 127
233 127
234 127
235 127
236 127
237 127
238 127
239 127
240 127
241 128
243 128
244 128
245 128
246 128
247 128
249 128
250 129
252 129
253 129
255 129
257 129
258 130
260 130
261 130
263 130
265 130
266 131
268 131
270 131
272 131
274 131
276 131
278 131
280 131
282 131
284 131
286 131
288 131
289 131
291 131
293 131
295 131
296 131
298 131
300 131
301 131
303 131
304 131
305 131
306 131
307 131
308 131
309 131
309 132
309 131
309 132
310 132
310 133
310 134
310 135
311 135
312 136
313 136
313 137
314 138
315 139
315 140
316 140
316 141
317 142
317 143
318 143
319 144
319 145
320 146
321 147
322 148
323 149
324 150
324 151
325 152
326 153
327 153
327 154
328 155
328 156
329 157
330 157
330 158
331 158
331 159
332 159
333 160
333 161
334 161
334 162
335 163
335 164
336 164
336 165
337 166
337 167
338 167
338 168
338 169
339 169
339 170
340 171
341 172
341 173
342 174
342 175
343 175
343 176
344 176
344 177
345 177
345 178
346 179
347 180
346 180
346 181
346 180
