220
273 158
278 158
281 158
284 158
288 158
291 158
294 158
297 158
300 157
303 157
306 157
309 157
313 157
316 157
319 157
322 157
325 157
328 156
332 156
335 156
338 156
341 156
345 155
348 155
352 155
356 155
360 155
362 154
366 154
370 154
374 154
377 153
382 153
387 152
392 152
395 152
398 151
403 151
407 150
411 150
414 150
416 151
416 154
418 156
419 158
420 160
421 162
423 164
424 166
425 168
427 170
429 172
430 174
432 176
433 178
435 180
437 182
439 185
441 187
444 189
446 191
448 193
450 195
452 197
453 199
455 201
457 203
458 205
460 207
462 209
464 211
465 213
468 215
470 217
472 219
473 221
476 223
478 225
480 227
482 229
484 230
485 232
488 234
490 236
492 237
494 238
495 240
494 242
492 244
490 245
488 247
486 248
484 250
482 251
480 253
478 254
476 256
474 258
472 259
470 261
468 263
466 264
464 266
462 268
460 269
458 270
456 271
454 273
452 274
450 275
448 276
446 278
444 279
442 280
440 282
438 283
436 284
434 285
432 287
430 288
428 289
426 290
424 291
421 293
419 295
416 297
413 298
411 300
409 301
406 302
404 304
402 305
400 306
398 307
395 307
392 307
389 307
386 307
382 307
378 307
376 306
373 306
369 306
366 306
362 306
359 306
356 306
353 306
350 306
347 306
344 306
341 305
339 306
336 306
332 305
328 305
325 305
321 305
317 305
313 305
310 305
306 305
304 304
300 304
296 304
292 304
288 304
285 304
281 304
277 304
274 304
270 304
267 304
264 304
261 304
260 302
260 299
259 297
259 294
259 291
259 287
258 284
258 280
258 277
257 273
257 270
257 267
257 264
257 261
257 258
257 254
258 251
258 247
258 244
259 240
259 237
260 233
260 230
260 226
260 223
261 221
261 217
261 214
262 212
262 208
263 206
263 202
264 199
264 195
265 191
265 187
266 184
266 180
267 177
267 173
267 170
267 167
267 164
266 162
267 162
