342
193 154
198 155
200 155
201 155
203 155
205 155
207 155
209 155
212 154
214 154
216 154
219 154
221 153
224 153
226 153
229 153
232 153
234 152
237 152
240 152
242 152
245 151
248 151
251 151
253 151
256 151
259 150
261 150
264 150
267 150
270 150
273 149
276 149
279 149
282 148
285 148
288 148
291 147
294 147
296 147
299 146
301 146
303 146
305 146
307 145
309 145
310 145
311 145
312 145
313 145
314 145
315 145
316 145
317 145
318 145
319 145
320 146
321 146
322 147
323 148
324 148
325 149
326 150
327 151
329 152
330 153
331 154
332 156
334 157
335 158
336 160
338 161
339 163
341 164
342 166
344 167
345 169
347 171
348 172
350 174
351 176
353 177
354 179
355 180
357 182
358 183
360 185
361 186
363 187
364 189
366 190
367 192
369 193
370 195
372 196
373 198
375 199
376 200
378 202
379 203
381 204
382 204
383 205
385 206
386 207
387 207
388 208
389 208
390 209
391 209
392 210
391 211
391 212
391 213
390 214
390 215
389 217
389 218
388 220
388 221
387 223
387 224
386 226
385 228
385 229
384 231
383 232
382 234
381 236
380 238
379 240
378 242
377 245
377 247
376 249
374 251
374 252
373 254
372 256
371 257
370 259
369 260
368 262
368 263
367 264
366 266
365 267
364 268
364 270
363 271
362 272
361 274
361 275
360 276
359 277
359 279
358 280
357 281
357 282
356 283
356 284
355 285
354 286
354 287
353 287
353 288
352 289
352 290
352 291
351 291
351 292
350 292
350 293
349 294
348 295
347 295
346 295
345 296
344 296
343 296
341 296
340 296
339 296
337 296
336 296
334 296
332 296
330 296
327 296
325 297
323 297
321 297
319 297
317 297
315 297
312 297
310 297
308 297
306 298
304 298
301 298
299 298
297 298
295 299
293 299
291 299
289 299
287 299
285 299
283 300
280 300
278 300
276 300
274 300
272 300
270 301
268 301
266 301
264 301
262 301
260 301
258 302
255 302
253 302
251 302
249 302
247 303
245 303
244 303
242 303
240 303
239 303
237 303
236 303
235 304
233 304
232 304
231 304
230 304
229 304
228 304
227 304
226 304
225 304
224 304
223 304
222 304
221 304
220 304
219 304
219 303
218 303
217 303
217 302
217 301
216 301
216 300
216 299
215 298
215 297
215 296
214 294
214 293
214 291
214 289
213 288
213 286
213 284
213 282
213 279
212 277
212 275
212 272
212 270
211 268
211 265
211 263
211 261
211 258
211 256
210 254
210 251
210 249
210 247
210 244
210 242
210 240
210 238
210 236
210 234
209 232
209 230
209 228
209 226
209 224
209 222
208 220
208 218
208 216
208 214
207 213
207 211
207 209
207 208
207 206
207 204
207 203
207 201
207 200
206 198
206 196
206 195
206 194
206 192
206 191
206 189
206 188
206 186
206 185
205 183
205 182
205 181
205 180
205 178
205 177
205 176
204 175
204 174
204 173
204 172
204 171
203 170
203 169
203 168
203 167
203 166
202 165
202 164
202 163
202 162
203 162
203 161
