272
141 84
147 84
149 84
150 84
152 84
154 84
156 84
158 84
161 84
163 84
166 84
169 83
173 83
176 83
180 83
184 83
187 83
192 83
196 82
200 82
204 82
209 82
213 82
217 82
221 81
225 81
230 81
234 81
238 81
242 81
246 81
249 80
253 80
256 80
259 80
262 80
265 80
267 79
270 79
272 79
273 79
275 79
276 79
277 79
278 78
279 78
280 78
280 79
281 80
281 81
282 81
282 82
283 83
284 84
285 85
286 86
287 88
288 89
289 91
290 92
292 94
294 96
296 98
298 100
300 103
302 105
304 107
306 110
309 112
311 115
314 117
316 120
319 123
322 125
324 128
327 131
330 133
332 136
335 139
337 141
340 143
343 146
345 148
348 150
350 153
352 155
355 157
357 159
359 161
361 162
362 164
364 166
365 167
367 168
368 169
369 170
370 171
371 172
372 173
373 173
374 174
375 175
375 176
375 177
374 177
374 178
373 179
372 179
372 180
370 181
369 182
368 183
367 184
365 185
363 186
361 187
359 189
357 190
355 191
352 193
350 194
347 196
345 198
342 199
340 201
337 203
335 204
332 206
330 208
328 210
325 211
323 213
321 215
319 216
316 218
314 219
312 221
310 223
308 224
306 226
305 227
303 229
301 230
299 232
298 233
296 234
295 236
293 237
292 238
291 239
289 240
288 241
288 242
287 242
286 243
285 244
284 245
283 245
283 246
283 245
282 245
281 245
280 245
279 245
278 245
277 244
275 244
274 244
272 244
270 244
268 244
265 244
263 244
260 244
257 244
254 244
251 244
248 244
244 244
240 245
237 245
233 245
229 245
225 245
222 245
218 245
214 245
210 245
206 245
202 246
199 246
195 246
191 246
188 246
184 246
181 247
178 247
175 247
172 247
169 247
166 247
163 247
161 247
158 248
156 248
154 248
152 248
150 248
149 248
147 248
146 248
145 248
144 248
143 248
143 247
143 246
143 245
143 244
143 243
143 242
143 241
143 239
143 237
143 235
143 232
143 230
142 227
142 224
142 221
142 218
141 214
141 211
141 207
140 204
140 200
139 196
138 192
138 188
137 184
136 180
136 177
135 173
134 169
133 165
133 161
132 158
132 154
131 151
130 147
130 144
129 140
129 137
129 133
128 130
128 127
127 124
127 121
127 118
126 115
126 113
126 110
126 108
125 106
125 105
125 103
125 102
124 100
124 99
124 98
124 97
124 96
123 96
