230
277 146
281 145
284 145
287 145
290 145
293 145
297 145
301 145
304 145
307 145
310 145
314 145
318 145
322 145
326 145
330 145
334 145
338 144
342 144
345 144
349 144
353 144
356 143
359 143
362 143
365 143
368 143
370 142
373 142
376 142
380 142
384 141
388 141
392 141
396 140
399 140
402 140
405 140
407 139
408 141
410 143
411 145
413 147
414 149
416 150
417 152
419 153
420 155
422 157
424 158
426 160
428 162
430 164
432 166
435 168
437 170
438 172
440 173
442 175
445 177
446 179
449 181
451 183
453 184
454 186
456 187
459 189
461 190
464 192
465 194
467 195
469 196
472 198
475 201
478 203
480 204
483 207
485 208
488 210
490 211
492 212
495 214
497 215
500 217
503 219
505 220
508 222
510 223
513 224
515 225
514 227
513 229
511 231
509 233
507 234
505 236
503 237
501 239
499 240
497 242
494 244
492 246
490 248
487 250
485 252
483 253
481 254
480 256
477 258
475 260
473 261
471 263
469 264
467 266
465 267
463 269
461 270
459 272
456 274
454 275
451 277
449 279
447 281
445 282
443 284
441 285
438 287
435 289
432 291
429 293
426 295
423 297
420 299
418 300
415 302
413 303
411 304
409 305
407 306
404 306
401 306
397 306
395 307
392 307
388 307
384 308
380 308
376 308
373 308
370 308
366 308
363 309
360 309
357 309
354 309
350 309
347 309
343 309
339 310
336 310
332 310
329 310
325 310
321 310
318 311
314 311
311 311
308 311
306 312
303 312
300 312
296 312
293 313
290 313
287 313
284 314
281 314
278 314
275 314
272 314
270 315
269 313
269 310
268 308
268 305
268 302
267 298
267 295
267 292
268 290
268 287
268 284
268 280
268 277
268 274
269 272
269 269
269 265
269 262
269 258
269 255
269 251
269 247
269 244
270 242
270 238
270 235
270 231
271 228
271 224
271 221
271 218
272 215
272 212
273 209
273 206
273 202
274 199
274 195
274 192
274 189
275 185
275 181
275 178
275 174
275 170
276 168
276 165
275 162
275 159
