410
174 68
179 68
180 68
181 68
182 68
183 68
184 68
185 68
187 68
188 68
189 68
191 68
192 68
194 68
196 68
198 68
200 67
202 67
205 67
207 67
209 67
212 67
214 66
217 66
219 66
222 66
224 66
227 65
229 65
232 65
234 65
237 65
240 64
242 64
245 64
247 64
250 64
252 64
255 64
257 64
260 64
262 64
265 64
267 64
270 64
272 64
274 64
277 64
279 64
282 64
284 64
287 64
290 64
292 64
295 64
298 64
301 64
304 64
306 64
309 64
312 64
315 64
318 64
321 64
324 64
327 64
329 63
332 63
334 63
336 63
338 63
339 63
341 63
342 63
343 63
343 64
344 65
345 66
345 67
346 67
347 68
347 69
348 69
349 70
350 71
351 72
352 73
354 74
355 75
356 76
358 77
359 78
361 79
362 80
364 81
366 83
367 84
369 85
371 86
372 88
374 89
376 90
378 92
379 93
381 94
383 96
384 97
386 99
388 100
390 102
392 103
394 105
395 107
397 108
399 110
401 112
403 113
405 115
406 116
408 118
410 119
412 121
414 122
416 124
418 126
421 127
423 129
425 130
427 132
429 134
432 135
434 137
436 138
438 140
441 141
443 143
446 144
448 146
450 147
452 148
454 149
456 150
458 151
460 152
461 153
462 153
464 154
465 155
466 155
467 156
468 156
468 157
469 157
469 158
468 158
468 159
468 160
467 160
467 161
466 162
466 163
465 164
464 165
463 166
463 167
462 168
461 169
459 171
458 172
457 173
456 174
455 176
453 177
452 179
451 180
449 182
448 183
446 185
445 186
443 188
442 189
440 191
439 192
437 194
435 196
434 197
432 199
430 200
429 202
427 203
425 205
423 206
421 208
419 210
417 211
415 213
413 215
411 216
409 218
407 220
405 221
404 223
402 224
400 225
398 227
396 228
394 230
392 231
390 233
388 234
386 236
384 237
382 239
381 241
379 242
377 244
375 245
373 247
372 248
370 250
368 251
366 253
364 254
363 256
361 257
360 258
358 259
357 260
356 261
355 262
354 263
354 264
353 264
353 265
352 265
352 266
351 266
350 266
349 266
348 266
347 266
346 266
345 266
344 266
343 266
342 266
340 266
339 266
337 266
336 266
334 266
333 266
331 266
329 266
327 266
325 266
323 266
321 266
318 266
316 266
313 266
311 266
308 266
306 266
303 266
300 266
297 266
295 266
292 266
289 266
286 266
283 266
280 266
277 265
274 265
271 265
268 265
266 265
263 265
260 265
257 265
254 265
251 265
248 265
246 265
243 265
240 265
237 265
235 265
232 265
229 265
227 265
224 265
222 265
219 265
217 265
215 265
213 265
210 265
208 265
206 265
204 265
203 265
201 265
199 265
197 265
196 265
194 265
193 265
191 265
190 265
189 265
187 265
186 265
185 266
184 266
183 266
182 266
181 266
180 266
179 266
178 266
177 266
177 265
177 264
176 263
176 262
176 261
176 260
176 259
176 258
176 257
177 256
177 254
177 253
177 251
177 250
177 248
177 246
177 244
177 242
178 240
178 238
178 236
178 234
178 231
178 229
178 227
178 225
179 223
179 220
179 218
179 215
179 213
179 211
179 208
179 206
179 203
179 201
179 198
179 196
179 193
180 191
180 188
180 185
180 183
180 180
180 177
180 175
180 172
180 169
180 167
180 164
180 161
180 158
180 155
180 153
180 150
180 147
180 145
180 142
180 139
180 136
180 134
180 131
180 128
180 125
180 123
180 120
180 117
180 115
179 112
179 109
179 107
179 104
179 101
180 99
180 97
180 94
180 92
180 90
180 89
180 87
180 86
180 85
180 84
180 83
180 82
180 81
180 81
