240
112 99
117 99
118 99
119 98
121 98
122 98
124 98
126 97
129 97
131 97
134 96
137 96
140 96
143 95
147 95
151 95
155 95
159 95
163 95
167 94
172 94
176 94
181 94
185 94
189 94
193 94
197 94
201 94
205 94
209 94
212 94
215 94
218 94
220 94
223 94
225 94
227 94
228 94
230 94
231 94
232 94
233 94
234 94
234 95
235 96
235 97
236 97
236 98
237 99
238 101
239 102
240 103
241 105
242 107
244 109
245 111
247 113
249 116
251 118
253 121
255 123
257 126
259 129
261 132
264 135
266 138
269 141
271 144
274 147
276 150
278 153
281 156
283 158
285 161
287 163
289 165
290 167
292 169
293 171
294 173
296 174
297 176
297 177
298 178
299 178
299 179
300 180
299 180
299 181
298 181
298 182
297 182
297 183
296 183
295 184
294 185
293 186
291 187
290 189
288 190
286 192
284 194
282 196
280 198
278 200
276 202
273 204
271 206
269 209
266 211
264 213
262 216
259 218
257 220
255 223
253 225
250 227
248 230
246 232
244 234
242 236
241 238
239 239
237 241
236 242
235 243
234 244
233 245
232 245
231 246
231 247
230 247
230 248
229 248
228 248
227 248
226 248
225 248
224 248
223 248
221 248
219 248
217 248
215 248
213 248
210 248
207 249
204 249
201 249
198 249
194 249
190 249
187 250
183 250
179 250
175 250
171 250
167 250
162 251
158 251
154 251
150 252
146 252
141 252
138 253
134 254
130 254
126 255
123 255
119 256
116 256
113 257
110 257
108 257
106 258
103 258
101 258
100 258
98 259
97 259
96 259
95 259
94 258
93 258
92 257
92 256
91 255
91 254
91 253
91 252
91 251
91 250
91 248
91 247
91 245
91 243
91 240
91 238
91 235
91 231
91 228
91 224
91 220
91 216
91 212
91 208
91 203
91 198
91 193
91 189
91 184
91 179
90 174
90 169
90 164
90 159
89 154
89 150
89 145
89 141
88 136
88 132
88 128
88 124
87 120
87 116
87 113
87 110
87 107
87 104
87 101
87 99
87 97
87 95
87 94
86 92
86 91
86 90
86 89
86 90
