310
207 73
211 74
212 74
213 74
214 74
216 74
218 74
219 75
221 75
223 75
225 75
227 75
230 75
232 75
235 75
238 75
240 75
243 75
246 75
249 75
251 74
254 74
257 74
260 74
263 74
266 74
269 74
271 74
274 74
277 74
280 74
282 74
285 74
287 74
290 74
292 74
295 74
297 74
299 74
301 74
303 74
304 74
306 74
307 74
308 74
309 75
310 75
311 75
312 76
313 76
314 77
315 78
316 79
317 79
317 80
318 81
318 81
319 82
320 83
321 83
322 84
323 85
325 86
326 87
327 88
328 88
329 89
330 90
332 91
333 92
334 93
336 94
337 95
339 96
341 98
343 99
344 100
346 102
348 103
349 105
351 106
353 108
354 109
356 110
357 111
359 113
361 114
363 115
364 116
366 118
368 119
370 121
372 122
374 124
375 125
377 127
379 128
380 129
382 131
383 132
385 133
386 134
388 135
390 136
391 137
392 137
394 138
395 139
396 140
397 140
398 141
399 142
400 143
401 144
402 145
403 145
402 145
402 146
402 147
401 147
401 148
400 149
399 150
399 151
398 151
397 152
397 153
396 154
395 155
394 155
393 156
392 157
391 157
390 158
389 159
388 160
387 161
386 162
384 163
383 164
382 166
381 167
380 168
378 170
377 171
376 172
374 174
373 175
371 177
370 178
368 179
366 181
364 182
362 183
360 185
359 186
357 187
355 189
354 190
352 192
350 193
348 195
347 197
345 198
343 200
341 201
340 202
338 203
337 204
335 205
334 206
333 207
333 208
332 209
331 210
331 211
330 211
330 212
330 213
329 213
328 213
327 213
326 213
325 213
324 213
323 213
322 213
320 213
319 213
317 213
315 213
313 213
311 213
309 213
307 213
304 213
302 213
299 213
297 213
294 213
291 213
289 213
286 213
283 213
280 213
277 213
275 214
272 214
269 214
266 214
263 214
260 214
257 214
254 214
251 214
248 214
245 214
242 214
239 215
236 215
234 215
232 215
229 215
227 215
225 215
224 215
222 216
221 216
220 216
219 216
218 216
217 216
216 216
215 216
215 215
215 214
214 214
214 213
214 212
214 211
213 210
213 208
213 207
213 206
213 205
213 204
213 202
213 201
212 199
212 198
212 196
212 194
212 192
211 189
211 187
211 185
210 183
210 181
210 179
210 177
209 175
209 173
209 170
208 168
208 166
208 163
208 161
208 159
207 157
207 154
207 152
207 150
207 147
207 145
206 143
206 140
206 138
206 136
206 134
206 132
206 130
206 128
206 125
206 123
206 121
206 119
206 117
206 115
206 113
206 111
206 109
205 108
205 106
205 104
205 102
205 101
205 99
205 98
205 97
205 95
205 94
205 93
205 92
206 92
206 91
205 91
205 92
206 92
206 91
207 92
