301
219 78
222 78
223 78
225 78
227 78
229 78
232 78
234 78
237 78
240 78
243 78
246 78
249 78
253 78
256 77
260 77
263 77
267 77
271 77
275 77
278 77
282 77
286 77
289 77
293 77
297 77
300 77
304 77
307 77
311 77
315 77
318 77
321 77
324 77
327 77
330 77
333 77
335 77
337 77
339 77
341 77
343 77
344 77
346 77
347 78
348 78
349 78
350 78
351 78
352 78
352 79
353 79
353 80
354 81
355 82
356 83
356 84
357 85
358 85
359 86
360 87
360 88
361 89
362 90
363 91
365 92
366 93
367 94
369 95
370 96
372 98
373 99
374 100
376 102
377 104
378 105
380 107
381 108
383 110
385 111
386 113
388 114
390 116
391 117
393 119
395 120
396 122
398 124
399 125
401 127
402 128
404 130
405 132
407 133
409 134
410 135
412 137
413 138
414 138
415 139
416 140
417 141
418 142
419 143
420 143
421 144
421 145
422 145
422 146
423 147
423 148
424 148
424 149
423 149
423 150
422 150
422 151
421 151
421 152
420 153
419 153
418 154
417 155
416 156
415 157
413 157
412 158
411 159
409 160
408 161
407 162
406 163
404 164
403 166
402 167
401 168
399 170
398 171
396 173
395 174
393 176
392 177
390 179
388 180
387 181
385 182
384 184
382 185
381 186
379 187
378 189
377 190
375 191
374 193
373 194
371 196
370 197
369 198
368 199
367 200
366 201
365 202
365 203
364 203
364 204
363 204
363 205
363 206
362 206
362 207
361 207
360 207
360 208
359 208
358 208
357 208
356 208
355 208
353 208
351 208
350 208
348 208
345 209
343 209
341 209
338 209
336 209
333 209
330 209
328 209
325 209
322 210
319 210
316 210
313 210
309 210
306 210
303 210
299 210
296 210
292 210
289 210
285 211
282 211
278 211
275 211
272 211
269 212
265 212
262 212
259 212
256 212
254 213
251 213
248 213
246 213
244 213
242 213
240 214
238 214
237 214
235 214
234 214
232 214
231 215
230 215
229 215
228 215
227 215
226 215
225 215
225 214
224 214
224 213
224 212
224 211
223 210
223 209
223 208
223 207
223 206
223 205
223 203
223 202
223 200
222 198
222 197
222 194
222 192
222 190
222 188
222 186
221 183
221 181
221 179
221 176
220 174
220 171
220 169
220 166
220 163
220 161
220 158
220 155
220 153
220 150
220 147
220 145
220 142
219 140
219 137
219 135
219 133
220 130
220 128
220 126
220 123
220 121
220 119
220 117
221 115
221 114
221 112
221 111
221 109
221 108
222 106
222 105
222 103
222 102
222 101
222 100
222 99
222 98
222 97
221 97
221 96
222 96
223 96
224 96
226 95
