321
162 124
171 122
173 122
176 122
178 121
181 121
184 121
187 121
190 120
194 120
198 119
201 119
205 118
209 118
212 118
216 117
219 117
222 117
226 117
229 117
233 116
236 116
240 116
243 116
246 115
250 115
253 115
256 115
259 114
261 114
264 114
267 114
269 114
272 113
274 113
276 113
278 113
280 113
282 113
283 113
285 113
286 112
287 112
288 112
289 112
290 112
291 112
291 113
292 113
293 113
294 114
295 115
296 115
297 116
298 116
299 117
300 117
301 118
302 119
303 120
304 121
306 121
307 122
308 124
310 125
311 126
312 127
314 129
315 130
317 132
318 133
320 135
321 136
323 138
325 139
326 141
328 142
329 144
330 145
332 147
333 148
334 150
336 151
337 153
338 154
339 155
341 157
342 158
343 159
344 160
345 162
347 163
348 164
349 165
350 166
351 167
352 168
353 169
354 170
355 171
356 172
357 173
358 174
358 175
359 175
360 176
360 177
361 177
362 178
362 179
363 179
363 180
364 181
365 182
365 183
364 183
364 184
364 185
363 185
363 186
362 187
362 188
361 189
360 191
360 192
359 193
358 195
357 196
356 198
355 199
354 201
353 203
351 205
350 206
349 208
348 210
347 212
346 214
345 216
344 218
343 219
342 221
341 223
340 225
339 227
338 228
337 230
336 232
335 233
334 235
333 236
332 238
331 239
330 240
329 241
328 242
328 243
327 244
326 245
325 246
324 247
324 248
323 249
322 250
321 251
321 252
320 252
320 253
319 254
318 254
318 255
317 255
317 256
316 257
315 257
315 258
314 258
314 259
313 259
313 260
312 260
311 260
310 260
309 260
308 260
307 260
306 260
304 260
303 260
301 260
299 261
297 261
295 261
293 261
291 261
288 261
286 261
283 261
281 261
278 261
275 261
272 261
269 262
266 262
263 262
260 263
257 263
254 263
250 264
247 264
244 265
241 265
238 265
235 266
233 266
230 266
227 266
224 267
222 267
219 268
216 268
214 268
211 269
209 269
207 270
204 270
202 270
200 270
199 271
197 271
195 271
194 271
192 272
191 272
190 272
188 272
187 272
186 272
185 272
184 272
183 272
183 271
183 270
182 269
182 268
181 267
181 266
181 264
180 263
180 262
180 260
180 259
179 257
179 255
179 254
178 252
178 250
178 248
178 245
177 243
177 241
177 238
177 236
176 234
176 231
176 229
175 227
175 224
174 222
174 220
174 217
173 215
173 213
173 211
172 209
172 206
171 205
171 203
171 200
170 198
170 196
169 194
169 191
169 189
169 187
169 185
168 182
168 180
168 178
168 176
167 174
167 172
167 169
166 167
166 165
166 162
166 160
165 158
165 156
165 154
165 152
165 150
165 148
165 146
165 144
165 142
165 140
165 139
165 137
165 136
165 134
165 133
165 132
165 131
165 130
165 129
165 128
166 127
165 127
166 126
166 127
