229
98 89
103 90
104 90
105 90
107 90
109 90
111 90
113 91
116 91
118 91
121 91
124 91
128 91
131 91
135 92
139 92
143 92
147 92
152 92
156 92
161 92
165 93
169 93
173 93
178 93
182 93
185 93
189 94
193 94
196 94
199 94
202 94
204 95
206 95
208 95
210 95
211 95
212 95
213 95
214 95
215 96
215 97
216 98
217 99
217 100
218 101
218 102
219 103
220 104
221 105
222 106
223 108
224 110
226 112
227 114
229 116
230 118
232 121
234 124
235 126
237 129
239 132
241 135
244 138
246 141
248 143
251 146
253 149
255 152
257 155
260 157
262 160
264 162
266 165
268 167
270 169
271 171
273 173
274 174
276 176
277 177
278 179
279 180
280 181
281 182
282 183
283 183
283 184
282 184
282 185
281 186
280 187
280 188
279 188
278 190
277 191
276 192
274 193
273 195
271 197
270 198
268 200
266 202
264 205
262 207
260 209
257 212
255 214
253 216
251 219
249 221
247 224
245 226
243 228
241 231
239 233
238 235
236 237
235 239
233 241
232 242
231 244
230 245
229 246
228 247
227 248
227 249
226 249
226 250
225 250
225 249
224 249
223 249
222 249
220 249
219 248
217 248
215 248
213 248
211 248
208 248
205 248
202 248
199 248
196 248
193 248
189 248
186 248
182 249
178 249
175 249
171 249
167 250
164 250
160 250
157 250
153 250
150 250
147 250
144 250
142 250
139 250
136 250
134 250
132 250
130 250
128 250
127 250
125 250
124 250
123 250
122 250
121 250
120 251
120 250
120 249
120 248
120 247
120 246
120 245
120 243
120 242
120 240
120 238
120 235
120 233
120 230
120 227
120 224
120 220
120 217
119 213
119 209
119 205
119 201
118 197
118 193
117 188
117 184
116 179
116 175
115 170
115 165
114 160
113 155
113 150
112 145
112 141
111 136
111 131
110 127
109 123
109 119
108 115
108 112
107 108
107 105
106 102
106 100
105 97
105 95
105 93
104 92
104 90
103 89
103 88
102 88
102 87
102 88
