263
251 166
255 166
258 166
260 165
263 165
266 165
270 165
273 165
276 165
280 165
283 165
286 165
289 165
292 165
296 165
299 165
303 165
306 165
310 165
313 165
317 165
320 166
323 165
325 166
328 166
331 166
335 166
338 165
341 165
344 165
347 165
350 165
353 165
357 165
360 165
363 165
366 165
369 165
373 165
377 165
381 165
384 164
388 164
392 164
395 164
399 164
402 163
405 163
407 164
408 166
410 168
412 170
414 172
416 174
418 176
420 178
422 180
424 182
426 184
428 186
430 188
432 190
434 192
436 194
438 195
439 197
441 199
443 201
444 203
446 205
448 207
450 209
452 210
454 212
456 214
458 216
460 217
462 219
464 221
466 223
468 225
470 227
472 229
474 230
475 232
477 234
479 236
481 237
483 239
485 241
487 242
489 243
491 245
493 246
495 248
497 249
499 251
501 252
503 254
505 255
506 257
505 259
504 261
502 263
500 265
498 267
496 269
494 270
493 272
491 273
489 275
487 277
485 278
483 280
481 282
479 283
477 285
475 287
473 288
472 290
470 291
468 293
466 294
464 295
462 297
460 298
458 300
456 301
454 303
452 304
450 306
448 307
446 309
444 310
442 312
440 314
438 315
436 317
434 318
432 319
430 321
428 322
426 324
424 326
422 328
420 329
418 331
416 332
415 334
413 336
411 337
410 339
408 340
406 342
404 344
402 345
401 347
399 348
397 349
394 349
391 349
388 349
386 350
383 350
380 350
377 350
373 350
370 350
367 350
364 350
361 350
358 350
354 350
351 351
348 351
345 351
342 351
339 351
336 351
333 351
330 351
327 351
324 351
320 351
318 352
315 352
312 352
308 352
305 352
302 352
299 352
296 352
293 352
290 352
287 352
284 352
281 352
278 352
275 353
272 353
269 353
266 353
262 353
259 353
256 353
255 351
254 349
254 346
253 344
252 341
252 338
252 335
252 331
251 329
251 326
251 322
250 320
250 317
250 313
249 311
249 308
249 305
248 303
248 300
248 297
248 294
248 291
248 287
248 284
248 281
248 277
248 274
248 271
248 267
248 264
248 261
248 257
249 254
249 250
249 247
249 243
250 240
250 236
250 233
250 229
250 226
250 222
250 219
250 215
250 212
249 208
249 204
249 201
249 197
249 194
249 191
249 188
248 186
248 183
248 180
247 178
248 176
249 175
