399
180 72
185 71
186 71
188 71
189 71
190 71
192 71
193 71
195 71
197 71
199 71
201 71
203 71
206 71
208 71
210 71
212 71
215 71
217 70
220 70
222 70
224 70
227 70
230 70
232 70
235 70
237 70
240 70
242 70
244 70
247 70
249 70
252 70
254 70
257 70
260 70
262 70
265 70
268 70
270 70
273 70
275 70
278 70
281 70
283 70
286 70
289 70
292 70
294 70
297 70
300 70
302 70
305 70
308 70
310 70
313 70
316 70
319 70
321 70
324 70
327 70
329 70
332 71
334 71
336 71
338 71
339 71
340 71
341 71
342 71
343 72
344 73
344 74
345 74
345 75
346 76
346 77
347 77
348 78
349 79
350 80
351 81
353 82
354 84
355 85
357 86
358 87
360 89
362 90
363 91
365 92
367 94
369 95
371 97
373 98
375 100
377 101
379 103
381 105
383 106
385 108
387 110
389 112
391 113
394 115
396 117
398 118
400 120
402 122
405 123
407 125
409 127
411 129
414 131
416 133
418 135
421 136
423 138
426 140
428 142
431 144
433 146
436 147
438 149
441 151
444 153
447 155
449 157
452 159
455 160
457 162
460 164
463 166
465 167
468 169
471 170
473 172
475 173
478 174
480 175
482 176
483 177
484 178
486 178
486 179
487 179
488 180
487 181
486 181
486 182
485 182
484 183
484 184
483 185
482 186
481 187
480 188
478 189
477 190
476 191
474 192
472 194
470 195
468 196
466 198
464 199
463 201
461 202
459 204
457 205
455 207
453 209
450 210
448 212
446 214
444 215
442 217
440 219
437 220
435 222
433 223
431 225
429 226
427 228
424 230
422 231
420 233
417 235
415 236
413 238
411 240
408 242
406 244
404 245
402 247
399 249
397 251
395 252
392 254
390 256
387 258
385 260
382 262
380 264
377 266
375 268
372 270
370 272
367 274
365 275
362 277
360 279
357 281
355 282
353 284
351 286
349 287
347 288
345 289
344 291
343 291
342 292
341 293
340 293
339 294
338 295
337 295
336 295
335 295
334 295
333 295
332 295
330 295
329 296
328 296
326 296
325 296
324 296
322 296
320 296
318 296
317 296
315 296
312 296
310 296
308 296
306 295
304 295
301 295
299 295
297 295
295 295
292 295
290 294
287 294
285 294
282 294
280 294
277 293
275 293
273 293
270 293
268 293
265 292
262 292
260 292
257 292
255 292
252 292
249 292
246 291
244 291
241 291
239 291
236 291
233 291
231 291
228 291
226 291
223 291
221 291
218 291
216 291
214 291
211 291
209 291
207 291
205 291
202 291
201 291
199 291
197 291
195 291
194 291
193 291
191 291
190 291
189 291
188 290
187 290
186 290
185 290
184 290
184 289
183 289
183 288
183 287
183 286
183 285
183 284
183 283
183 282
183 281
183 280
183 279
183 278
183 277
183 275
183 273
183 272
183 270
183 268
183 266
183 264
183 262
184 260
184 258
184 256
184 253
184 251
184 249
184 247
184 245
184 242
184 240
184 237
184 235
184 232
185 230
185 227
185 225
185 222
185 220
185 217
185 214
185 212
185 209
185 207
186 204
186 201
186 198
186 196
186 193
186 190
187 187
187 185
187 182
187 179
187 176
187 173
187 170
187 168
187 165
187 162
187 159
187 157
188 154
188 151
188 149
188 146
188 143
188 140
188 138
188 135
188 132
188 129
188 126
188 124
188 121
188 119
188 116
188 114
188 111
188 109
188 106
188 104
188 101
188 99
188 97
188 95
188 94
188 92
188 91
188 90
188 89
187 88
188 88
188 87
188 87
