366
131 104
140 102
141 102
143 101
145 101
148 101
150 100
152 100
154 100
157 99
159 99
162 98
165 98
168 97
171 97
174 97
177 96
180 96
183 96
186 96
189 95
192 95
195 95
198 95
202 94
205 94
208 94
211 93
214 93
217 93
220 92
223 92
226 92
230 91
233 91
236 91
239 90
242 90
244 90
247 90
250 90
252 89
255 89
258 89
260 89
262 89
264 88
266 88
268 88
269 88
271 88
272 88
274 87
275 87
276 87
277 87
278 87
279 87
280 87
281 87
282 87
283 88
284 88
285 89
286 89
287 90
288 91
289 92
290 93
291 94
293 95
294 96
295 97
297 98
298 99
299 101
300 102
302 103
303 104
304 106
305 107
307 109
308 110
309 111
311 113
312 114
313 116
315 117
316 119
317 120
319 121
320 123
322 124
323 125
325 127
327 128
328 129
330 131
332 132
333 133
335 135
336 136
338 137
339 139
341 140
342 141
344 143
345 144
346 145
348 146
349 147
350 148
351 149
352 150
353 151
354 152
355 153
356 153
357 154
357 155
358 155
358 156
359 156
360 157
361 158
361 159
361 160
361 161
361 162
360 163
360 164
360 165
359 166
359 167
358 169
357 170
356 171
355 173
355 174
353 176
352 178
351 180
350 182
348 184
346 187
345 189
343 192
342 194
340 197
339 199
337 201
336 203
334 205
333 206
332 208
330 210
329 212
327 214
326 216
324 217
323 219
322 221
321 223
319 225
318 226
317 227
316 228
315 230
315 231
314 231
313 232
312 233
312 234
311 235
310 236
309 237
309 238
308 239
307 239
307 240
306 240
306 241
305 242
305 243
304 243
304 244
303 244
302 244
301 244
301 245
300 245
299 245
298 245
297 245
296 245
295 245
294 245
292 245
291 245
289 245
287 245
285 245
283 245
281 246
279 246
276 246
274 246
271 246
269 246
266 247
263 247
260 247
257 247
255 247
252 248
249 248
246 248
244 248
241 248
238 249
236 249
233 249
231 249
228 249
225 249
223 249
220 249
217 249
214 249
212 249
209 250
207 250
204 250
202 250
199 250
197 251
194 251
192 251
190 251
187 251
185 252
183 252
181 252
179 252
177 252
175 252
173 253
171 253
170 253
168 253
167 253
165 254
164 254
163 254
162 254
161 254
160 254
159 254
158 254
157 254
157 253
156 252
156 251
156 250
155 248
155 247
154 246
154 244
154 243
153 241
153 239
152 237
152 236
152 234
151 232
151 230
151 228
150 226
150 224
150 222
150 220
150 218
150 216
150 214
149 212
149 210
149 208
149 207
149 205
149 201
149 200
149 198
149 196
149 194
149 193
149 191
149 189
149 188
149 186
149 185
150 183
150 182
150 180
150 179
150 177
150 176
150 175
150 173
150 172
150 170
150 169
150 168
150 166
150 165
150 163
150 162
150 161
150 159
150 158
150 156
150 155
150 153
150 152
150 151
150 149
150 148
150 147
150 145
150 144
150 142
150 141
150 139
151 138
151 136
151 135
151 134
151 132
151 131
151 130
151 129
151 128
151 127
151 126
151 125
151 124
151 123
151 122
151 121
151 120
151 119
152 119
152 118
152 117
152 116
152 115
152 114
152 113
152 112
152 111
152 110
151 110
151 109
151 108
151 107
151 106
152 106
