286
234 71
238 71
239 72
241 72
242 72
244 72
246 72
248 72
251 72
253 72
256 72
258 72
261 72
264 72
266 72
269 72
272 72
275 72
278 72
281 72
284 72
287 72
291 72
294 72
297 72
300 72
304 72
307 72
310 72
313 72
317 73
320 73
323 73
326 73
329 73
331 73
334 73
337 73
339 73
341 73
344 73
346 73
347 73
349 73
351 73
352 74
353 74
354 74
355 74
356 74
357 74
358 74
358 75
359 76
359 77
360 77
360 78
361 79
361 80
362 81
363 81
364 82
365 83
366 84
367 85
368 86
369 87
371 88
372 89
373 90
375 91
376 92
377 93
378 94
380 95
381 97
383 98
385 100
387 101
388 103
390 105
393 106
394 108
396 109
398 111
400 112
402 114
404 115
406 116
408 118
410 119
412 121
414 123
416 124
418 126
420 127
422 129
423 130
425 131
426 132
428 133
429 134
430 135
432 135
433 136
434 136
435 137
436 137
437 138
438 139
439 140
438 140
438 141
437 142
436 142
436 143
435 144
434 144
433 145
433 146
432 147
431 147
430 148
429 150
429 151
428 152
427 153
426 154
425 155
424 156
423 157
422 158
421 159
420 160
418 162
417 163
416 164
414 165
413 167
411 168
410 170
408 171
407 173
405 175
404 176
402 178
401 179
400 180
398 182
397 183
396 184
395 185
393 187
392 188
391 189
390 191
388 192
387 193
386 194
385 196
385 197
384 198
383 199
383 200
382 200
382 201
381 202
382 202
381 202
380 202
379 202
378 202
377 202
376 202
375 202
373 202
371 202
369 202
367 202
365 202
362 202
359 203
357 203
354 203
350 203
347 203
344 203
340 203
337 204
333 204
330 204
326 204
323 204
319 204
315 205
311 205
307 205
304 205
300 205
296 205
292 205
288 205
284 206
281 206
277 207
273 207
269 208
266 208
262 208
258 209
255 209
252 209
249 209
247 209
245 209
243 209
241 209
240 209
239 209
238 209
237 210
236 210
236 209
235 209
235 208
235 207
235 206
234 205
234 204
234 203
234 201
234 200
234 198
234 197
233 195
233 193
233 191
233 189
233 187
232 185
232 183
232 181
232 179
232 177
232 175
231 173
231 170
231 168
231 165
231 163
230 160
230 158
230 155
230 152
230 150
229 147
229 144
229 142
229 139
228 137
228 134
228 132
228 129
228 127
227 124
227 122
227 119
227 117
227 115
226 113
226 110
226 108
226 106
226 104
225 102
225 101
225 99
224 97
224 96
224 95
224 94
223 93
223 92
223 91
223 90
224 90
