340
223 70
228 68
229 68
231 69
232 69
234 69
236 69
238 69
240 70
242 70
244 70
246 69
249 69
251 69
254 69
256 69
259 68
261 68
264 68
267 68
269 68
272 68
275 68
278 68
281 68
283 68
286 68
289 68
292 68
294 68
297 68
300 68
302 68
305 68
308 68
310 68
313 68
316 68
318 68
321 68
323 68
325 68
328 68
330 68
332 68
334 68
337 68
339 69
341 69
343 69
345 69
347 69
349 69
350 70
352 70
353 70
354 70
355 70
355 71
356 71
357 71
358 71
359 71
360 72
360 73
361 73
362 73
362 74
363 75
364 76
365 76
365 77
366 77
367 78
368 79
368 80
369 81
370 81
371 82
371 83
372 84
373 85
374 86
375 87
376 87
376 88
377 89
378 89
378 90
379 91
380 92
381 92
381 93
382 94
383 94
384 95
385 96
386 97
387 97
387 98
388 99
389 100
390 100
391 101
391 102
392 102
393 103
394 104
394 105
395 106
396 106
396 107
397 108
398 109
399 109
400 110
401 111
401 112
402 112
403 113
404 113
405 114
406 115
406 116
407 116
408 117
409 118
411 119
412 120
413 120
414 121
415 121
416 122
417 123
418 123
418 124
419 124
420 125
420 126
421 126
421 127
422 127
422 128
423 128
423 129
424 130
423 130
423 131
422 131
421 132
420 132
420 133
419 133
418 134
417 135
415 135
414 136
413 137
412 138
411 139
409 139
408 140
407 142
406 143
405 144
405 145
404 147
403 148
402 149
401 151
400 152
399 154
398 155
397 156
396 157
395 158
395 159
394 160
393 161
392 162
390 163
390 164
388 165
387 166
386 167
385 168
384 170
383 171
382 172
382 173
381 174
380 175
379 176
378 177
377 178
376 179
376 180
375 180
374 181
373 182
372 183
371 183
371 184
370 185
369 186
368 187
367 187
367 188
366 188
365 188
365 189
364 189
363 189
363 190
362 190
361 190
360 190
359 190
358 190
357 190
356 190
355 190
353 190
352 189
350 189
348 189
345 190
343 190
341 190
338 190
336 190
333 190
330 190
327 190
324 190
321 191
318 191
314 191
310 191
307 191
303 191
300 192
296 192
293 192
290 193
286 193
283 193
280 194
277 194
274 194
271 194
267 195
264 195
261 195
258 195
256 196
253 196
250 196
248 196
245 196
243 196
241 197
239 197
236 197
235 197
233 197
231 197
230 197
228 197
227 197
226 197
225 197
224 197
224 196
223 196
223 195
223 194
223 193
223 192
223 191
223 189
223 188
223 187
223 186
223 184
223 183
223 182
223 180
223 178
223 176
223 175
223 172
223 170
223 168
223 165
223 163
223 160
223 158
223 156
223 153
223 150
223 148
223 145
223 143
223 140
223 137
223 135
222 132
222 130
222 127
222 124
222 122
222 119
222 117
221 115
221 112
221 110
221 108
221 106
220 104
220 103
220 101
220 99
220 97
219 95
219 94
219 93
219 92
219 91
219 90
219 89
219 88
219 87
219 86
219 85
219 84
220 84
220 83
221 82
222 81
