284
198 130
207 129
209 129
211 129
213 129
216 128
218 128
224 127
227 127
230 127
233 126
236 126
239 125
242 125
246 125
249 124
252 124
256 124
259 123
263 123
266 123
269 122
272 122
275 122
278 121
281 121
284 121
286 120
289 120
291 119
294 119
296 119
297 119
299 118
300 118
302 118
303 118
304 118
305 118
306 118
307 118
308 118
309 118
309 119
310 119
311 119
311 120
312 120
313 121
314 121
315 122
317 122
318 123
319 124
321 125
323 126
324 127
326 128
328 129
330 130
332 131
334 133
336 134
337 136
339 137
341 139
343 141
345 142
347 144
349 146
350 148
352 149
354 151
356 153
358 154
360 156
361 157
363 159
365 161
366 162
368 164
370 166
371 167
373 169
374 170
376 172
377 173
379 174
380 176
381 177
383 178
384 179
385 180
386 181
387 182
388 183
389 184
390 185
391 186
392 187
393 188
393 189
393 190
393 191
392 191
392 192
391 193
391 195
390 196
389 198
388 200
387 202
386 204
385 206
383 209
382 212
381 214
379 217
378 220
376 222
375 225
374 227
373 230
372 232
371 235
369 237
368 240
367 242
366 244
365 246
364 248
363 250
362 252
361 254
361 256
360 257
359 259
358 260
357 262
356 263
356 264
355 265
354 265
354 266
353 267
353 268
352 268
351 269
350 269
349 269
348 270
347 270
346 270
344 270
343 270
341 270
340 270
338 270
336 270
334 270
331 270
329 271
326 271
323 271
320 272
316 272
313 273
310 273
306 273
303 274
300 274
296 275
293 275
290 276
287 276
284 276
281 277
278 277
275 277
272 278
269 278
266 278
263 279
260 279
258 279
255 280
252 280
250 280
247 281
245 281
242 281
240 282
237 282
235 283
233 283
231 283
229 284
227 284
225 284
224 285
222 285
221 285
220 285
219 285
218 285
217 285
217 284
216 283
216 282
216 281
215 280
215 279
215 277
214 276
214 274
214 272
213 271
213 269
213 266
212 264
212 262
212 259
211 257
211 255
211 252
211 250
210 247
210 244
210 242
210 239
210 236
210 233
209 231
209 228
209 225
209 222
209 220
208 217
208 215
208 212
208 210
207 207
207 205
207 202
207 200
206 197
206 195
206 193
206 191
206 189
205 186
205 184
205 182
205 180
205 178
205 176
205 174
205 172
205 170
205 168
205 166
205 164
205 162
205 160
205 159
205 158
205 156
205 155
205 153
205 152
205 151
205 150
205 149
205 147
205 146
205 145
205 144
205 143
205 142
205 141
205 140
205 139
205 138
206 138
