381
172 66
177 65
178 65
179 65
180 65
182 65
183 65
185 65
187 65
188 65
190 64
192 64
195 64
197 64
199 64
202 64
204 64
207 64
210 63
212 63
215 63
218 63
220 63
223 63
226 63
228 63
231 62
234 62
236 62
239 62
242 62
244 62
247 62
250 62
252 62
255 61
258 61
261 61
264 61
267 61
270 61
273 61
276 61
279 61
282 61
286 61
289 61
292 61
295 61
298 61
301 61
303 61
306 61
308 61
310 61
312 61
314 61
315 61
316 61
317 61
318 61
319 61
320 62
321 63
321 64
322 64
323 65
324 66
325 67
326 67
327 68
328 69
329 70
330 70
332 71
333 72
334 73
336 74
337 75
339 77
340 78
342 79
344 80
345 81
347 83
349 84
350 85
352 86
353 88
355 89
357 90
359 91
360 93
362 94
364 95
366 97
368 98
369 100
371 101
373 103
374 104
376 106
378 107
380 109
381 111
383 112
385 114
387 116
389 117
391 119
393 121
395 122
397 124
399 126
401 128
403 130
405 131
407 133
409 135
411 137
414 139
416 141
418 143
421 145
423 147
426 149
428 151
431 153
433 154
436 156
438 158
440 160
443 161
445 163
447 164
449 165
451 167
452 168
454 168
455 169
456 170
457 170
457 171
458 171
458 172
458 173
457 174
456 175
455 175
454 176
453 177
452 177
451 178
450 179
449 180
448 181
447 182
445 184
444 185
442 186
441 188
440 189
438 191
437 192
435 194
434 195
432 197
431 199
429 200
428 202
426 204
425 206
423 207
421 209
420 211
418 213
416 215
414 217
412 218
410 220
409 222
407 224
405 226
403 228
401 230
398 231
396 233
394 235
391 238
389 240
386 242
384 244
381 246
379 248
377 250
374 252
372 254
370 256
368 258
365 260
363 262
361 264
359 266
357 268
355 270
353 272
351 274
350 276
348 277
346 279
345 281
343 282
342 283
340 285
339 286
338 287
337 288
336 289
335 290
334 290
334 291
333 292
332 293
331 293
330 292
329 292
328 292
327 292
326 292
325 292
324 292
323 292
321 292
320 292
318 292
316 292
314 292
312 292
310 292
308 292
306 292
303 292
301 292
299 291
297 291
294 291
292 291
289 292
287 291
284 292
281 292
278 292
276 292
273 292
270 292
267 292
264 292
261 292
258 292
255 292
253 292
250 292
247 292
244 292
241 292
238 292
235 292
232 292
229 292
226 292
223 293
220 293
216 293
213 293
210 293
207 293
204 294
201 294
198 294
195 294
192 294
189 294
187 295
184 295
181 295
179 295
177 295
175 295
173 295
172 296
171 296
170 296
169 296
168 296
167 296
166 296
166 295
165 295
165 294
165 293
164 292
164 291
164 290
164 289
163 288
163 287
163 285
163 284
163 282
162 281
162 279
162 277
162 275
162 273
162 270
161 268
161 265
161 263
161 260
161 258
160 255
160 253
160 250
159 247
159 245
159 242
159 239
158 237
158 234
158 231
158 228
158 225
158 222
158 219
158 216
158 213
158 210
158 206
158 203
158 200
158 197
158 194
158 190
158 187
159 184
159 180
159 177
159 173
160 170
160 166
160 163
160 159
161 156
161 152
161 149
162 146
162 142
163 139
163 136
164 132
164 129
165 125
166 122
166 119
167 116
167 113
168 110
168 107
169 104
169 102
169 99
170 97
170 95
170 94
170 92
170 91
170 89
170 88
170 87
170 86
170 86
