212
291 175
296 174
299 174
301 173
304 173
307 173
310 173
314 173
317 173
320 173
323 173
326 173
329 173
333 173
335 172
338 172
341 172
344 172
348 172
351 172
354 172
357 172
360 172
363 172
366 172
369 172
372 172
376 171
378 172
381 172
384 172
387 172
390 171
393 171
396 171
399 171
402 171
403 173
404 175
405 177
406 179
408 180
409 182
410 184
412 186
413 188
414 190
415 192
416 194
418 196
419 198
421 200
423 202
424 204
426 206
427 208
429 209
430 211
432 212
433 214
434 216
436 217
437 219
439 221
440 223
442 225
443 227
445 229
446 231
447 233
448 235
449 237
450 239
451 241
453 243
454 245
455 247
457 248
458 250
460 251
461 253
460 255
459 257
458 259
457 261
455 262
454 264
452 266
451 268
450 270
448 272
447 274
446 276
444 277
443 279
441 281
440 283
439 285
438 287
436 288
435 290
433 292
432 294
430 295
429 297
427 299
425 301
423 303
422 305
420 306
419 308
417 309
416 311
414 313
413 315
411 317
410 319
408 320
407 322
405 324
403 326
401 328
399 329
396 329
393 329
390 329
388 328
385 328
382 328
379 328
376 328
373 328
370 328
367 328
364 328
361 328
358 328
355 328
352 328
349 328
346 328
343 328
340 328
337 328
334 328
331 329
328 329
325 329
322 329
319 329
316 329
313 329
310 329
307 329
304 329
301 329
298 329
295 329
292 329
290 328
290 325
290 322
291 320
291 317
292 315
292 312
293 309
293 306
293 303
294 300
294 297
294 293
294 290
294 287
294 283
295 281
295 278
295 274
296 272
296 269
296 266
297 264
297 261
297 258
297 255
297 252
297 249
297 246
297 243
297 240
297 237
297 234
297 231
297 228
298 225
298 222
298 219
298 216
298 213
298 210
298 207
298 204
298 201
298 198
298 195
297 193
297 190
296 188
296 185
295 183
297 184
298 184
