234
277 174
281 173
284 173
287 173
290 173
293 173
296 173
299 172
302 172
305 172
308 172
312 172
315 172
319 172
323 172
327 172
331 172
335 172
337 171
340 171
344 171
348 171
351 171
355 171
358 171
361 171
364 171
367 171
370 171
373 171
376 171
378 170
382 170
386 170
389 170
393 170
397 170
401 170
404 170
407 170
410 170
411 172
412 174
413 176
414 178
415 180
416 182
417 184
419 186
420 188
421 190
422 192
423 194
424 196
425 198
426 200
427 202
428 204
429 206
431 208
432 210
434 211
435 213
436 215
438 217
439 219
440 221
441 223
442 225
443 227
444 229
445 231
447 233
448 235
449 237
450 239
451 241
453 243
454 245
455 247
457 249
458 251
459 253
460 255
462 257
463 260
464 262
465 264
466 266
468 268
469 270
469 273
468 275
466 277
465 279
464 281
462 283
460 285
458 287
457 289
455 291
453 293
452 295
450 296
449 298
447 299
446 301
444 303
443 305
441 307
439 309
438 311
436 313
435 315
433 317
432 319
430 321
428 323
427 325
425 326
424 328
422 330
421 332
420 334
419 336
418 338
417 340
416 342
415 344
413 346
412 348
410 350
409 352
408 354
407 356
405 357
402 357
399 357
397 358
394 358
391 358
388 358
385 358
382 358
380 359
377 359
373 359
370 359
367 359
363 359
359 359
356 359
353 359
350 358
347 358
344 358
341 358
338 358
335 358
332 358
329 358
326 358
323 358
320 358
317 358
314 358
310 358
306 358
302 358
299 358
296 358
294 357
291 357
288 357
285 357
282 357
279 357
276 356
274 355
274 352
274 349
274 346
275 344
276 340
276 337
277 335
277 332
278 330
279 327
279 324
280 321
280 318
281 315
281 311
281 308
282 305
282 301
282 298
282 295
282 292
283 289
283 286
283 283
283 280
283 277
283 274
283 271
283 267
283 264
283 261
283 258
283 254
283 251
283 248
283 245
283 242
283 238
283 235
283 232
283 229
283 226
283 223
283 219
283 216
283 213
283 209
283 206
283 203
283 199
283 195
283 192
283 189
284 187
285 186
