308
174 126
177 129
179 129
180 130
182 130
184 130
187 130
189 130
192 130
195 130
198 130
201 130
204 130
207 130
210 130
214 130
217 130
220 131
223 131
226 131
230 131
233 131
236 131
240 131
243 131
246 131
249 131
252 131
256 131
258 131
261 130
264 130
267 130
269 130
271 130
274 130
276 130
278 130
279 130
281 130
282 130
283 130
285 130
286 130
286 131
287 131
288 131
289 131
290 132
291 133
292 134
293 135
294 135
294 136
296 137
297 138
298 139
299 140
301 142
302 143
304 144
306 146
307 147
309 149
310 150
312 152
314 154
315 155
316 157
318 159
319 161
321 162
322 164
324 166
325 168
327 169
328 171
330 172
331 174
333 175
334 177
336 178
338 179
339 181
341 182
342 183
344 184
345 185
347 186
348 187
350 188
351 189
352 189
353 190
354 191
355 191
356 192
357 192
357 193
358 193
358 194
358 195
358 196
357 197
356 198
356 199
355 200
355 201
354 202
353 203
352 204
351 205
350 207
349 208
348 210
346 212
345 214
344 216
342 218
341 220
340 222
339 224
338 226
337 227
335 229
334 231
333 232
331 234
330 236
328 238
326 240
325 241
323 243
321 245
320 247
318 249
317 251
316 253
314 254
313 256
312 257
311 259
310 260
308 261
307 263
306 264
305 265
304 267
303 268
302 269
302 270
301 271
300 272
300 273
299 273
299 274
298 274
298 275
297 276
296 276
295 277
294 277
293 277
292 276
291 276
289 276
288 276
287 276
286 275
284 275
282 275
281 275
279 275
277 274
275 274
272 274
270 274
268 274
266 274
263 274
261 273
258 273
256 273
253 273
251 273
248 273
246 272
243 272
241 272
238 272
236 271
234 271
231 271
229 271
226 271
224 271
221 271
219 271
217 271
214 271
212 271
210 271
208 271
206 271
203 271
201 271
199 271
197 270
195 270
193 270
191 270
190 270
188 271
187 271
186 271
184 271
183 271
182 271
181 271
180 271
179 271
178 270
177 270
177 269
177 268
176 268
176 267
176 266
176 265
176 264
175 263
175 262
175 260
175 258
175 257
175 255
175 253
175 251
175 249
175 247
174 245
174 242
174 240
174 238
174 235
174 233
174 231
174 228
174 226
174 223
174 221
173 219
173 216
173 214
173 212
173 209
173 207
172 205
172 203
172 200
172 198
172 196
172 194
172 192
172 190
172 188
172 186
172 184
172 182
172 181
172 179
172 177
172 175
172 174
172 172
172 171
172 169
173 168
173 166
173 165
173 163
173 162
173 160
173 159
174 158
174 156
174 155
174 154
174 153
174 152
174 150
175 149
175 148
175 147
175 146
175 145
175 144
175 143
175 142
175 141
175 140
175 139
175 138
175 137
175 136
175 135
175 134
176 134
