357
217 84
222 85
223 85
224 85
225 85
227 85
228 85
229 85
231 85
233 85
234 85
236 85
238 85
240 85
241 85
243 85
245 85
247 85
249 85
251 85
253 85
255 85
257 85
259 85
261 85
264 85
266 85
268 85
270 85
273 85
275 84
277 84
280 84
282 84
284 84
287 84
289 84
291 84
294 84
296 85
299 85
301 85
304 85
306 85
308 85
311 85
313 85
315 85
317 85
319 85
321 85
323 85
325 85
326 86
328 86
329 86
330 86
331 86
332 86
333 86
334 86
335 86
336 86
337 86
338 86
338 87
339 87
339 88
340 88
340 89
341 89
342 90
343 90
344 91
345 92
346 93
347 93
348 94
349 95
350 96
351 97
352 98
353 99
354 100
355 101
356 102
357 103
358 104
360 106
361 107
362 108
363 109
364 110
366 111
367 112
368 113
370 114
371 115
372 116
373 117
375 118
376 120
377 121
378 122
380 124
381 125
382 127
384 128
385 129
386 131
388 132
390 133
391 135
393 136
394 137
396 138
397 139
399 140
400 141
402 143
403 144
404 145
405 146
406 147
407 148
409 150
410 151
411 151
412 152
413 153
414 154
414 155
415 155
416 156
417 157
418 158
419 158
419 159
420 159
419 159
419 160
418 161
418 162
417 163
416 164
415 165
414 166
413 167
412 167
411 168
411 169
410 170
409 172
408 173
406 174
405 175
404 177
403 178
401 179
400 180
399 181
397 182
396 184
395 185
393 186
392 187
390 189
389 190
387 192
385 193
384 195
382 197
381 198
380 200
378 201
377 202
375 204
374 205
373 206
371 208
369 209
368 210
366 212
365 213
363 215
362 216
360 218
359 219
358 220
357 222
356 223
355 224
354 225
353 226
352 227
351 228
350 229
349 230
349 231
348 232
348 233
347 233
346 233
345 233
344 233
343 233
342 233
341 233
340 233
339 233
337 233
336 233
334 233
333 233
331 233
329 233
328 233
326 233
324 233
321 233
319 233
317 233
315 233
313 233
310 233
308 233
305 233
303 233
300 233
297 233
295 233
292 232
289 232
286 232
283 232
281 232
278 232
275 232
272 232
269 232
266 232
264 232
261 232
258 232
255 232
252 232
250 232
247 232
244 232
242 232
239 232
237 232
234 232
232 232
230 232
227 232
225 232
223 232
221 232
220 232
218 232
217 232
215 232
214 232
212 232
211 232
210 232
209 232
208 232
207 232
206 232
205 232
204 232
203 232
203 231
202 230
202 229
201 228
201 227
201 226
200 225
200 224
200 223
200 221
199 220
199 218
199 217
198 215
198 213
198 212
198 210
197 208
197 207
197 205
197 203
197 201
197 199
196 197
196 195
196 193
196 191
196 189
196 187
196 185
196 183
195 181
195 178
195 176
195 174
195 171
195 169
195 167
194 164
194 162
194 160
194 157
194 155
194 153
194 150
193 148
193 146
193 143
193 141
193 139
193 137
193 135
192 133
192 131
192 129
192 127
192 125
192 123
192 121
191 120
191 118
191 116
191 115
191 114
191 112
191 111
191 110
191 109
191 108
191 106
191 105
191 104
191 103
191 102
191 101
191 100
191 99
190 99
190 98
190 99
191 99
191 98
192 98
