431
160 70
168 70
169 70
170 70
171 70
173 70
174 70
176 70
178 70
180 70
182 70
184 70
187 70
189 69
191 69
193 69
196 69
198 69
201 69
203 69
206 69
208 69
211 69
213 69
216 70
218 70
221 70
223 70
226 70
228 70
231 70
233 70
236 70
238 70
240 70
243 70
245 71
248 71
250 71
253 71
255 71
258 71
261 71
263 71
266 71
269 71
271 71
274 71
277 71
280 71
283 71
286 71
289 71
292 71
295 72
298 72
301 72
304 72
307 72
310 72
313 72
316 72
319 72
322 72
325 72
328 72
330 72
332 72
335 72
336 72
338 72
339 72
340 72
341 72
342 72
342 73
343 74
344 75
345 76
346 77
347 78
348 79
350 80
351 81
352 82
353 83
355 84
356 86
358 87
359 88
361 89
363 90
364 92
366 93
368 95
370 96
371 98
373 99
375 101
377 102
379 104
381 106
382 108
384 110
386 111
388 113
391 115
393 117
395 119
397 121
397 121
399 123
401 124
403 126
405 128
405 128
407 130
409 132
412 134
414 136
416 138
418 140
421 142
423 144
425 146
428 148
430 150
432 152
435 153
437 155
439 157
442 159
444 161
447 163
449 165
451 166
454 168
456 170
459 171
461 173
464 175
466 176
469 178
471 179
473 181
475 182
477 183
479 185
481 186
483 187
484 188
485 189
486 190
487 190
488 191
489 192
489 193
488 193
488 194
487 195
486 196
485 197
485 198
484 199
483 200
482 201
481 203
480 204
479 205
478 207
477 208
475 210
474 211
472 213
471 215
469 216
468 218
466 220
465 221
463 223
461 225
460 226
458 228
456 230
455 231
453 233
451 235
449 237
447 238
445 240
444 242
442 244
440 245
438 247
436 249
434 251
432 252
431 254
429 255
427 257
426 259
424 260
422 262
420 264
419 265
417 267
415 269
414 270
412 272
410 274
409 275
407 277
406 278
404 280
403 281
401 283
399 285
397 287
396 289
394 290
392 292
389 294
387 296
385 298
383 300
381 302
379 304
376 306
374 308
372 311
369 313
367 315
365 317
363 319
361 320
359 322
357 324
355 325
354 326
353 327
351 328
351 329
350 330
349 330
348 331
348 332
347 332
346 332
345 332
344 333
343 333
342 333
341 333
339 333
338 333
336 333
334 333
332 333
330 333
328 333
326 333
324 333
321 334
319 334
316 334
313 334
311 334
308 333
305 333
302 333
299 333
297 333
294 333
291 333
288 333
285 333
282 333
279 333
276 333
273 333
269 333
266 333
263 333
260 333
257 332
254 332
250 332
247 332
244 332
241 332
237 332
234 332
231 332
228 333
224 333
221 333
218 333
215 333
212 333
209 333
206 333
203 333
200 333
198 333
195 333
192 334
190 334
187 334
185 334
182 334
180 334
178 334
175 334
173 334
171 334
169 334
167 335
166 335
164 335
163 335
161 335
160 335
159 335
158 335
157 335
156 335
155 335
154 335
153 335
152 335
152 334
151 334
151 333
151 332
150 331
150 330
150 329
150 328
149 327
149 326
149 324
149 323
149 321
149 319
149 318
149 316
149 314
149 312
150 310
150 307
150 305
150 303
151 300
151 298
151 295
151 293
152 290
152 288
152 285
153 282
153 280
154 277
154 274
154 271
154 268
155 265
155 262
155 259
156 256
156 253
156 251
157 248
157 245
157 242
157 239
158 236
158 233
158 230
158 227
158 225
158 222
158 219
158 216
158 213
158 210
158 207
158 204
158 201
159 198
159 195
159 192
159 189
159 186
160 183
160 179
160 176
161 173
161 170
162 166
162 163
162 160
163 157
163 153
164 150
164 147
164 144
165 141
165 138
165 135
166 132
166 129
166 126
167 123
167 120
167 117
167 115
168 112
168 110
168 107
168 105
169 102
169 100
169 98
169 96
170 95
170 93
170 92
170 91
170 90
170 89
170 89
