348
188 150
194 150
195 150
197 149
198 149
200 149
201 149
203 149
205 149
207 149
209 149
211 149
214 149
216 148
219 148
221 148
224 148
227 148
230 147
233 147
236 147
239 147
242 146
244 146
247 146
250 146
253 146
255 145
258 145
260 145
262 145
265 145
267 145
269 144
271 144
274 144
276 144
278 144
280 143
283 143
285 143
287 143
289 142
291 142
293 142
295 142
297 141
299 141
301 141
302 141
304 141
305 141
307 140
308 140
309 140
310 140
310 141
311 141
312 141
313 141
313 142
314 142
314 143
315 143
316 144
317 145
318 146
319 146
320 147
322 148
323 149
324 150
325 151
327 152
328 153
329 154
331 156
332 157
333 158
335 160
336 161
337 162
339 164
340 165
342 167
343 168
344 170
346 171
347 172
348 174
350 175
351 176
352 177
353 178
355 180
356 181
357 182
358 183
359 184
361 186
362 187
363 188
364 189
365 190
366 191
367 192
369 193
370 194
371 195
372 196
373 197
374 198
375 199
376 200
377 201
378 202
379 202
380 203
380 204
381 204
382 205
383 205
383 206
384 206
384 207
384 208
385 208
385 209
386 209
386 210
386 211
385 212
385 213
384 214
384 215
383 216
382 217
382 218
381 220
380 221
379 223
379 224
378 226
377 227
376 229
375 231
374 233
374 234
373 236
372 238
371 240
370 242
370 244
369 245
368 247
367 249
366 251
366 252
365 254
364 256
364 258
363 259
362 261
361 263
361 264
360 266
359 268
358 269
358 271
357 272
356 273
355 275
355 276
354 277
353 278
352 279
352 280
351 281
350 282
350 283
349 284
348 285
348 286
347 287
347 288
346 289
346 290
345 290
345 291
344 292
343 292
342 292
341 292
340 292
339 292
338 292
336 291
335 291
333 291
331 291
330 291
328 291
326 291
324 291
322 291
320 291
318 291
316 292
315 292
312 292
310 292
308 292
306 292
304 292
302 292
300 292
297 292
295 292
293 292
291 292
288 292
286 293
284 293
281 293
279 293
277 293
275 293
272 293
270 294
268 294
266 294
264 294
262 294
260 295
258 295
256 295
254 295
253 295
251 296
249 296
247 296
245 296
243 297
242 297
240 297
238 297
237 298
235 298
234 298
232 298
231 299
230 299
228 299
227 299
226 299
225 300
224 300
223 300
222 300
221 300
220 300
219 301
218 301
217 301
217 300
216 300
215 300
214 299
214 298
213 298
213 297
213 296
212 295
212 294
212 293
212 291
211 290
211 288
211 287
211 285
210 284
210 282
209 280
209 278
209 276
208 274
208 272
207 270
207 268
206 266
206 264
206 262
205 260
205 258
205 256
204 254
204 252
203 249
203 247
203 245
203 242
202 240
202 238
202 236
202 234
202 232
202 230
202 228
202 225
201 223
201 221
201 219
201 216
201 214
201 212
200 210
200 208
200 206
200 204
199 202
199 200
199 198
199 196
198 194
198 192
198 190
198 189
198 187
198 185
197 183
197 182
197 180
197 179
197 178
197 176
197 175
197 173
197 172
197 171
197 169
197 168
197 167
197 166
197 165
197 164
197 163
196 162
197 161
