318
155 134
159 134
160 134
161 134
163 134
165 134
168 134
170 133
173 133
176 133
179 133
182 133
185 132
188 132
189 132
194 132
198 132
203 131
207 131
211 131
216 131
220 131
227 131
230 131
233 130
236 130
240 130
243 130
246 130
249 130
251 129
254 129
257 129
259 129
261 129
264 128
266 128
267 128
269 128
271 128
272 128
274 128
275 128
276 128
277 127
278 127
279 128
280 128
281 129
282 129
282 130
283 130
284 131
285 132
286 133
287 134
288 135
289 136
291 138
292 139
293 141
294 142
295 144
297 145
298 147
299 149
300 150
302 152
303 153
304 155
305 157
307 159
308 160
309 162
311 164
312 166
313 167
315 169
316 171
317 172
318 174
319 175
321 177
322 178
323 179
324 181
325 182
326 183
327 184
328 185
329 186
330 187
331 188
332 189
333 190
334 192
335 193
335 194
336 195
337 196
338 196
338 197
339 198
339 199
340 200
341 201
342 202
342 203
343 203
344 204
344 205
345 205
345 206
345 207
345 208
344 208
344 209
343 209
342 210
341 211
340 212
339 212
338 213
337 214
336 216
334 217
333 218
331 220
330 221
328 223
326 225
325 226
323 228
321 229
320 231
318 232
317 234
315 235
314 236
312 238
310 240
309 242
307 244
305 246
303 248
302 250
300 252
299 254
298 256
296 257
295 258
294 260
293 261
292 263
291 264
290 265
289 267
288 268
287 269
287 271
286 272
285 273
284 274
284 275
283 276
283 277
282 278
282 279
281 280
281 281
280 281
279 281
279 282
278 282
277 282
276 282
275 282
273 282
272 282
271 282
269 282
267 282
265 282
263 282
261 282
259 282
257 282
255 282
253 282
250 282
248 283
246 283
243 283
241 283
239 283
237 283
234 283
232 283
230 283
228 283
225 283
223 283
220 283
218 284
216 284
213 284
211 284
209 284
207 284
205 284
202 285
200 285
198 285
195 285
193 286
191 286
188 286
186 286
184 287
182 287
180 287
178 287
176 288
175 288
173 288
172 288
170 288
169 288
168 288
167 288
166 288
165 288
164 288
163 288
162 288
162 287
161 287
161 286
161 285
161 284
160 283
160 281
160 280
159 278
159 276
159 274
159 272
158 270
158 268
158 265
157 263
157 260
157 258
156 256
156 253
155 251
155 248
154 246
154 244
154 242
153 239
153 237
152 235
152 232
151 230
151 228
151 225
150 223
150 221
149 219
149 216
149 214
149 212
148 210
148 208
148 206
147 204
147 202
147 200
147 198
147 196
146 194
146 192
146 190
146 188
146 186
146 184
146 182
146 181
146 179
146 177
146 175
145 173
145 171
145 170
145 168
145 166
145 164
144 163
144 161
144 160
144 158
144 157
144 155
144 154
144 152
144 151
144 150
144 149
144 148
144 147
144 146
144 145
144 144
144 143
143 142
143 141
143 140
