447
169 69
177 67
178 67
180 67
181 67
182 67
184 67
185 67
187 67
188 67
190 67
191 67
193 67
194 67
196 67
198 67
200 67
201 67
203 68
205 68
207 68
209 68
211 68
213 68
215 68
217 68
219 68
222 68
224 68
226 68
229 68
231 68
234 68
236 68
239 68
241 68
244 68
247 68
249 68
252 68
255 67
258 67
260 67
263 67
266 67
269 67
272 67
275 67
278 67
281 67
284 67
286 67
289 67
292 67
295 67
297 67
300 67
302 67
305 67
307 67
310 67
313 67
315 67
318 67
321 67
324 66
327 66
329 66
332 66
335 66
337 66
339 66
341 66
343 66
344 66
345 66
346 66
347 66
348 67
349 68
350 69
351 70
352 71
353 72
354 73
355 74
356 74
358 75
359 76
360 78
362 79
363 80
364 81
366 82
367 84
369 85
370 86
372 88
373 89
374 90
376 92
377 93
378 94
380 96
381 97
382 99
384 101
385 102
386 104
388 105
389 107
390 109
392 110
393 112
395 113
396 115
398 117
399 118
400 120
402 121
403 123
404 124
406 126
407 128
408 129
410 131
411 133
413 134
414 136
416 138
417 140
419 141
420 143
422 145
424 146
425 148
427 150
429 152
430 153
432 155
434 157
436 159
438 161
440 163
443 165
445 166
447 168
450 170
452 172
455 174
457 175
460 177
462 179
464 181
467 182
469 184
471 186
473 187
475 189
477 190
478 191
480 192
481 194
482 194
483 195
484 196
485 197
485 198
486 198
486 199
486 200
486 201
485 202
484 202
484 203
483 204
482 204
482 205
481 206
480 207
479 208
478 209
476 210
475 211
473 212
471 214
470 215
468 216
466 217
465 219
463 220
461 221
459 222
458 224
456 225
454 226
452 228
451 229
449 231
447 232
445 234
443 235
441 237
439 239
437 240
435 242
433 244
431 245
429 247
427 248
425 250
422 252
420 253
418 255
415 256
413 258
410 260
408 261
405 263
403 265
400 267
397 268
394 270
392 272
389 273
386 275
384 277
381 278
379 280
376 281
374 283
371 285
369 286
366 288
364 289
362 291
360 292
357 294
355 296
353 297
351 299
349 300
347 302
346 303
344 304
342 306
340 307
339 308
337 309
336 310
335 311
333 312
332 313
331 313
331 314
330 314
330 315
329 315
329 316
328 316
327 316
326 316
325 316
324 317
323 317
322 317
321 317
320 317
319 317
318 317
317 317
315 317
314 317
312 317
310 317
308 317
307 317
305 317
303 317
301 317
300 317
298 317
296 317
293 317
291 317
289 317
287 317
284 317
282 317
279 317
277 317
274 317
272 317
269 317
267 316
264 316
261 316
259 316
256 316
253 316
250 316
248 316
245 316
243 316
240 316
238 316
235 316
233 317
230 317
228 317
225 317
223 317
221 317
218 317
216 317
214 318
211 318
209 318
206 318
204 318
202 318
199 318
197 318
194 319
192 319
190 319
187 319
185 319
182 320
180 320
177 320
175 320
172 321
170 321
167 321
165 322
163 322
160 322
158 322
157 323
155 323
153 323
152 323
150 323
149 323
148 323
147 323
146 323
146 322
146 321
146 320
146 319
146 318
146 317
146 316
146 315
146 314
146 312
146 311
146 309
146 308
146 306
146 304
146 302
147 300
147 297
147 295
147 292
147 290
148 287
148 285
148 282
148 279
148 277
148 274
149 271
149 268
149 265
149 262
149 259
150 256
150 253
150 250
150 247
150 244
151 240
151 237
151 234
151 231
152 228
152 225
152 222
153 219
153 216
153 213
154 210
154 206
155 203
155 200
155 197
156 194
156 191
157 187
157 184
158 181
158 178
159 175
159 171
159 168
160 165
160 162
160 158
161 155
161 152
161 149
162 146
162 143
162 140
162 137
163 134
163 131
164 128
164 125
164 123
165 120
165 117
166 115
166 112
167 109
167 106
167 104
168 101
169 99
169 96
170 94
170 92
171 90
171 89
171 87
172 86
172 85
172 84
172 83
172 82
173 82
173 81
173 81
