449
152 69
162 68
164 68
166 68
169 68
172 68
175 67
178 67
181 67
185 66
189 66
192 66
196 65
200 65
204 65
207 64
211 64
215 64
219 64
223 64
226 64
230 64
234 64
237 64
241 64
244 64
248 64
251 64
254 65
258 65
261 65
264 65
268 65
271 65
275 65
278 65
282 65
286 65
289 65
293 65
297 65
301 64
305 64
309 64
313 64
317 64
321 64
325 64
329 64
333 64
337 63
341 63
344 63
347 63
350 63
353 63
355 63
357 63
359 63
361 63
362 63
363 63
364 63
365 63
366 63
367 63
367 64
368 64
369 65
370 65
371 65
371 66
373 67
374 67
375 68
376 69
377 69
378 70
380 71
381 72
382 73
384 74
385 75
387 76
388 77
390 78
391 80
393 81
394 82
396 84
397 85
399 86
401 88
402 89
404 90
405 92
407 93
409 95
410 96
412 98
414 99
416 101
418 102
420 104
422 106
424 108
426 109
428 111
430 113
432 114
435 116
437 118
439 119
441 121
444 123
446 124
449 126
451 128
454 130
456 132
459 134
462 136
464 137
467 139
470 141
472 143
475 145
478 147
480 149
483 151
486 153
488 154
491 156
494 158
496 160
499 162
501 164
504 166
507 167
509 169
512 171
515 172
517 174
520 176
523 177
525 179
528 181
530 182
533 184
536 186
538 187
540 189
543 190
545 191
547 193
549 194
551 194
553 195
555 196
556 197
557 197
558 197
559 198
560 198
560 199
559 199
559 200
558 200
557 201
556 201
555 202
554 203
553 203
551 204
550 205
548 206
547 208
545 209
543 210
541 212
539 213
537 215
535 216
533 218
530 219
528 221
526 222
524 223
522 225
519 227
517 228
515 230
512 232
510 233
507 235
505 237
502 239
499 241
497 243
494 245
491 246
488 248
486 250
483 252
480 254
478 256
475 257
472 259
470 261
467 263
465 265
462 267
460 269
457 271
455 272
452 274
450 276
447 278
444 280
442 282
439 284
436 286
434 288
431 290
428 292
426 294
423 296
420 299
418 301
415 303
412 305
410 307
407 309
404 311
402 313
400 315
397 317
395 319
393 321
390 322
388 324
386 325
384 327
382 328
381 329
379 330
378 331
377 332
376 333
375 334
374 334
374 335
373 335
372 336
371 336
370 336
369 336
368 336
367 336
366 336
365 336
363 336
362 336
361 336
359 336
358 336
356 337
355 337
353 337
351 337
349 337
347 337
345 337
342 337
340 337
337 337
335 337
333 337
330 337
327 337
325 337
322 337
319 337
316 337
313 336
311 336
308 336
304 336
301 336
298 336
295 336
292 336
289 336
286 336
283 336
280 336
276 336
273 336
270 335
267 335
264 335
261 335
258 335
255 335
251 335
248 335
245 335
242 335
239 334
235 334
232 334
229 334
226 334
223 334
220 334
217 334
214 334
211 334
208 334
206 333
203 333
200 333
197 333
195 333
192 333
190 332
187 332
185 332
182 332
179 332
177 332
175 332
172 331
170 331
168 331
166 331
164 331
163 331
161 331
159 331
158 331
157 331
156 331
154 331
153 331
152 330
151 330
150 330
149 330
149 329
149 328
150 327
150 326
150 325
150 324
151 322
151 321
151 320
151 318
152 316
152 315
153 313
153 311
153 309
154 307
154 305
154 303
154 301
155 299
155 297
155 294
155 292
155 290
155 287
154 285
154 282
154 280
154 277
154 275
154 272
154 270
153 267
153 264
153 261
153 259
153 256
153 253
153 251
154 248
154 245
154 242
154 239
154 236
154 234
154 231
154 228
154 225
154 222
154 219
154 216
154 213
154 210
154 207
155 203
155 200
155 197
155 194
156 190
156 187
156 183
156 180
157 177
157 173
158 170
158 166
158 163
159 159
159 156
159 152
160 149
160 145
160 142
161 139
161 135
161 132
161 129
162 126
162 122
162 119
162 116
163 113
163 111
163 108
163 105
163 102
164 99
164 97
164 94
164 92
164 90
165 88
165 87
165 85
165 84
165 83
165 82
165 81
164 80
164 80
