270
245 168
250 167
253 167
257 167
259 166
262 166
265 166
268 166
271 166
274 166
277 166
280 166
283 166
286 167
290 167
293 167
296 167
299 167
302 167
305 167
309 167
312 167
315 167
319 167
322 167
326 167
329 167
333 167
335 166
338 166
341 166
344 166
347 166
351 166
354 166
358 166
361 166
365 166
368 166
370 165
374 165
377 165
381 165
384 165
389 165
394 164
399 164
404 164
406 165
409 165
412 165
415 165
417 166
419 168
421 170
423 172
424 174
426 175
427 177
429 179
431 181
433 183
435 184
436 186
438 187
440 188
441 190
443 191
445 193
447 195
449 196
451 198
453 200
455 201
457 203
459 204
461 206
463 207
465 209
467 210
468 212
470 213
472 215
474 216
476 218
478 220
480 221
482 222
484 224
486 225
488 227
490 228
492 230
494 231
497 233
499 235
501 236
503 238
505 239
507 240
509 241
511 242
513 243
512 245
511 247
509 248
508 250
506 251
504 253
502 255
501 257
499 258
498 260
496 261
495 263
493 265
491 267
489 269
487 271
485 272
483 274
481 276
479 278
477 279
476 281
474 283
472 285
470 286
469 288
467 289
466 291
464 292
463 294
461 295
459 296
458 298
456 299
454 301
452 303
450 304
448 306
446 307
444 309
442 311
440 313
438 315
436 317
434 318
432 320
430 321
428 323
426 324
424 326
422 327
420 329
418 331
416 332
414 334
412 335
411 337
409 338
407 340
405 341
402 341
399 341
396 341
393 341
390 341
387 341
384 341
381 341
378 341
375 341
372 341
369 341
366 341
363 342
359 342
356 342
353 342
350 342
347 342
345 343
342 343
339 343
336 343
333 343
329 343
325 343
322 343
319 343
316 343
313 343
309 343
306 343
303 343
300 343
297 343
294 343
290 343
287 343
284 343
282 344
278 344
274 344
270 344
267 344
264 344
261 345
259 344
259 341
259 338
259 335
260 333
260 330
260 327
260 324
260 321
260 318
260 315
260 312
261 309
261 306
261 303
261 300
261 297
261 294
262 292
262 289
262 286
262 283
262 280
263 278
263 275
263 272
263 269
263 266
263 263
264 261
264 258
264 254
264 251
265 249
265 246
265 242
265 239
266 237
266 234
266 231
266 228
266 225
266 222
266 219
266 216
267 214
267 211
267 207
267 204
267 201
268 198
268 195
268 192
269 190
269 186
269 183
269 180
269 177
269 174
269 171
270 173
