269
263 174
267 172
270 172
273 172
276 172
279 172
282 172
285 172
288 172
291 172
294 172
297 172
300 172
303 172
306 172
309 172
312 172
315 172
319 172
321 171
325 171
328 171
331 171
334 171
337 171
339 170
342 170
345 170
348 170
351 170
354 170
358 170
361 169
364 169
367 169
371 168
375 168
379 168
383 168
386 168
390 168
394 168
398 168
400 167
403 167
407 167
410 167
413 167
416 167
417 170
418 172
419 174
420 176
422 178
423 180
425 181
426 183
428 185
430 187
432 189
433 191
435 193
437 195
439 197
441 199
442 201
444 203
445 205
447 206
448 208
449 210
451 211
452 213
454 215
455 217
457 218
459 220
461 222
462 224
464 226
465 228
467 230
468 232
470 234
471 236
472 238
474 240
475 242
476 244
478 246
479 248
481 250
482 252
484 254
485 256
486 258
488 260
489 262
491 263
492 265
493 267
495 269
496 271
497 273
499 275
501 277
502 279
500 281
499 283
497 285
496 287
494 289
493 291
491 292
489 294
487 296
485 298
483 300
481 301
479 303
477 304
476 306
474 307
473 309
471 310
470 312
468 313
467 315
465 316
463 318
461 319
459 321
457 323
455 324
453 326
451 327
449 329
447 330
446 332
444 333
442 335
441 337
439 338
438 340
436 341
435 343
433 344
431 346
429 348
427 349
425 351
423 353
421 354
420 356
418 357
416 359
414 361
412 363
410 365
408 366
406 368
404 369
402 371
400 372
398 373
396 375
394 376
391 376
388 376
385 377
382 377
379 377
376 377
373 377
370 377
367 377
364 377
361 377
358 377
355 377
352 377
348 377
345 377
342 377
338 377
335 377
332 377
328 377
324 376
320 376
316 376
313 376
309 376
306 376
303 376
299 376
296 376
293 376
290 376
287 376
284 376
281 376
278 376
275 376
272 376
269 376
266 376
263 376
262 374
262 371
262 368
262 365
262 362
262 359
262 356
262 353
262 350
262 347
262 344
262 341
262 338
262 335
262 332
262 329
262 326
262 323
262 320
262 317
263 313
263 310
263 307
263 303
263 300
264 298
264 294
264 290
264 287
264 284
264 281
265 278
265 274
265 271
265 268
265 265
265 261
265 258
265 254
264 250
264 247
264 243
264 240
265 238
265 234
265 230
265 226
265 222
265 219
265 215
265 211
265 207
265 204
266 202
266 198
266 195
266 191
265 189
265 186
265 183
267 182
