462
179 71
184 70
185 70
187 70
188 70
190 70
191 70
193 70
195 70
197 70
200 70
202 69
205 69
207 69
210 69
212 69
215 68
218 68
220 68
223 68
225 68
228 68
231 68
233 68
236 68
238 68
241 68
243 68
246 68
248 68
251 68
253 68
256 68
259 68
261 68
264 68
267 68
269 68
272 68
275 68
277 68
280 68
283 68
285 68
288 68
291 68
294 68
297 68
300 68
303 69
306 69
309 69
312 69
315 69
318 69
321 69
323 69
326 70
328 70
330 70
332 70
333 70
334 70
335 70
336 70
337 70
338 70
339 71
340 71
340 72
341 72
342 73
343 74
344 75
345 75
346 76
347 77
348 78
350 79
351 80
352 81
354 82
355 83
356 85
358 86
359 87
361 88
362 90
364 91
366 92
367 93
369 95
370 96
372 98
374 99
375 101
377 103
378 104
379 106
381 108
382 110
384 111
385 113
387 115
389 116
390 118
392 120
394 121
395 123
397 125
399 126
401 128
403 130
404 131
406 133
408 135
410 137
412 139
414 140
416 142
418 144
420 146
422 147
425 149
427 151
429 153
431 154
433 156
435 158
438 160
440 162
442 164
445 166
447 168
449 169
452 171
454 173
456 175
459 176
461 178
463 180
465 181
468 183
470 184
472 185
473 187
475 188
477 189
478 190
479 190
480 191
481 192
482 192
482 193
483 193
483 194
484 194
484 194
484 195
484 195
484 196
483 197
482 198
482 199
481 199
480 200
479 201
478 202
477 202
476 203
475 204
473 206
472 207
470 208
469 209
467 211
466 212
464 213
463 215
461 216
460 218
458 219
456 221
455 222
453 224
451 225
450 227
448 229
446 230
444 232
442 233
440 235
438 237
437 238
435 240
433 242
432 243
430 245
428 246
427 248
425 250
423 251
422 253
420 254
418 256
416 257
414 259
413 260
411 262
409 264
407 265
405 267
403 269
402 270
400 272
398 274
396 275
394 277
392 279
390 280
388 282
386 284
384 285
382 287
380 289
378 291
376 293
374 295
372 297
370 299
368 301
366 303
364 304
362 306
360 308
358 310
356 312
355 313
353 315
351 317
350 318
348 319
347 321
345 322
344 323
343 324
342 324
342 325
341 325
341 326
340 326
339 327
338 327
337 327
336 327
335 327
334 327
332 327
331 327
330 327
328 327
326 328
325 328
323 328
321 328
319 328
317 328
315 328
313 328
311 328
309 328
307 328
304 328
302 328
300 328
298 328
296 328
294 328
292 328
289 328
287 328
285 328
282 328
280 328
278 328
275 328
273 328
271 328
268 328
266 328
263 328
261 328
258 328
256 328
253 328
251 328
248 328
246 328
243 328
241 328
238 328
236 327
233 328
231 327
228 327
226 327
223 327
221 327
218 327
216 327
214 327
211 327
209 327
206 328
204 328
201 328
199 328
196 328
194 328
192 328
190 328
187 328
185 328
183 328
181 329
179 329
177 329
175 329
174 329
172 329
171 329
170 329
169 329
168 329
167 329
166 329
165 329
164 328
163 328
163 327
163 326
162 325
162 324
162 323
162 322
162 321
162 320
162 319
162 318
162 317
162 316
162 315
162 313
162 312
162 311
162 309
162 308
162 306
162 305
162 303
162 302
162 300
162 299
162 297
162 295
162 293
162 292
162 290
162 288
162 286
162 284
162 282
162 281
162 279
163 277
163 275
163 273
163 271
163 269
163 267
163 265
163 263
164 261
164 259
164 257
164 255
165 253
165 251
165 249
166 247
166 244
166 242
166 240
167 238
167 236
167 234
167 232
167 230
168 227
168 225
168 223
168 221
168 219
169 217
169 215
169 212
169 210
169 208
169 206
169 203
169 201
169 199
169 197
169 195
169 192
170 190
170 188
170 185
170 183
170 180
170 178
170 175
170 173
170 170
170 168
170 166
170 163
171 160
171 158
171 155
171 153
171 150
172 148
172 145
172 143
172 140
172 138
173 135
173 133
173 130
173 128
174 126
174 123
174 121
174 119
174 117
175 115
175 113
175 111
175 109
176 107
176 105
176 104
176 102
176 100
177 99
177 98
177 97
177 95
177 94
176 93
176 93
