282
264 168
268 168
271 168
274 168
277 168
280 168
284 168
287 168
290 168
293 168
295 167
298 167
301 168
304 168
307 168
310 167
313 167
317 167
320 167
323 167
326 167
329 167
332 167
335 167
339 167
342 167
345 167
348 167
351 167
355 167
358 167
362 167
366 167
369 167
373 167
377 166
381 167
385 167
389 167
393 167
397 167
402 167
406 167
408 166
412 166
416 166
419 166
422 166
423 168
424 170
426 172
427 174
429 175
430 177
431 179
433 181
435 183
436 185
437 187
439 188
440 190
441 192
443 194
444 196
446 198
447 201
449 203
450 205
451 207
453 209
454 211
455 213
456 215
458 218
459 220
460 222
461 224
462 226
463 228
465 230
466 232
467 235
468 237
470 239
471 241
472 243
473 245
474 247
476 249
477 251
478 253
479 255
480 257
482 259
483 261
485 263
486 265
487 267
489 269
490 271
492 273
493 275
494 277
496 279
497 282
499 284
500 286
501 288
502 290
501 292
499 294
497 295
495 297
493 298
491 299
489 300
487 302
485 303
483 304
481 306
479 307
477 309
475 310
474 312
472 313
470 315
468 317
466 318
464 320
462 321
460 323
458 324
456 326
454 327
452 329
450 331
448 332
446 334
445 336
443 338
441 340
439 342
437 344
435 346
433 347
431 349
430 351
428 352
427 354
425 355
423 357
422 359
420 361
418 363
417 365
415 367
413 369
411 371
409 372
407 374
405 376
403 378
401 380
399 381
397 383
395 385
394 387
392 388
389 388
386 388
383 388
380 388
377 388
374 388
371 388
368 388
365 388
363 389
360 389
356 389
352 389
348 389
344 389
341 389
338 389
335 389
332 389
329 389
327 390
324 390
321 390
318 390
315 390
312 390
309 390
306 390
303 390
300 390
296 390
292 390
289 390
286 390
284 391
280 391
277 391
274 391
271 391
268 391
265 391
262 391
260 392
257 392
255 391
255 388
255 385
255 382
255 379
255 376
255 373
255 370
255 367
255 364
255 361
255 358
255 355
255 352
254 350
254 347
254 344
254 340
254 336
254 333
254 329
254 326
254 322
254 318
253 315
253 312
253 309
253 306
252 303
252 300
252 297
252 294
251 291
251 288
251 285
251 281
251 278
251 275
251 271
251 268
251 265
251 262
251 258
250 256
250 253
250 249
250 246
250 242
250 239
250 235
249 231
249 228
249 224
249 220
249 216
249 212
249 209
249 205
249 201
249 197
249 194
249 190
249 186
249 183
249 180
248 177
248 174
247 172
248 170
249 169
