252
117 82
122 81
123 82
125 82
127 82
129 82
132 82
134 82
137 82
140 83
144 83
147 83
151 83
154 83
158 83
162 83
166 83
170 83
175 84
179 84
183 84
188 84
192 84
196 84
200 85
204 85
208 85
212 85
216 85
219 85
222 85
225 86
228 86
231 86
233 86
236 86
237 86
239 86
241 86
242 86
243 86
244 85
245 85
246 85
247 86
247 87
248 87
248 88
248 89
249 89
249 90
250 91
250 92
251 93
252 94
253 95
254 97
255 98
256 100
257 102
258 104
260 106
261 108
263 110
265 113
266 115
268 118
270 120
272 123
274 125
276 128
278 131
281 133
283 136
285 138
287 141
289 143
291 146
293 148
295 150
297 153
299 155
301 157
303 158
304 160
306 162
307 163
308 165
310 166
311 167
312 168
312 169
313 170
314 171
315 172
316 173
316 174
315 175
315 176
314 176
314 177
313 178
313 179
312 180
311 181
309 182
308 184
307 185
305 187
304 189
302 190
300 192
298 194
296 197
294 199
292 201
290 204
288 206
286 208
284 211
282 213
280 216
278 218
276 220
274 223
272 225
270 227
268 229
266 232
265 233
263 235
261 237
260 239
259 240
257 242
256 243
255 244
254 245
253 246
252 247
252 248
251 248
250 248
249 249
248 249
247 249
245 249
244 249
242 250
240 250
238 250
236 250
234 251
231 251
228 251
225 251
222 252
219 252
215 252
212 252
209 252
205 253
201 253
197 253
194 253
190 254
186 254
182 254
178 254
174 255
170 255
167 255
163 256
159 256
156 257
153 257
149 258
146 258
144 259
141 259
139 259
136 260
134 260
132 260
131 261
129 261
128 261
127 261
126 261
125 261
124 261
124 260
125 259
125 258
125 257
126 256
126 255
126 254
126 253
127 251
127 249
127 247
127 245
128 243
128 240
128 237
128 234
129 231
129 227
129 224
129 220
129 216
128 212
128 208
128 204
128 200
127 195
127 191
126 187
126 182
126 178
125 173
125 169
124 165
124 160
123 156
123 151
122 147
122 143
121 139
121 135
121 131
120 127
120 123
120 120
120 116
120 113
120 109
119 106
119 103
119 101
119 98
119 96
119 94
118 92
118 91
118 89
118 88
117 88
117 87
117 86
117 87
