330
204 65
209 65
210 65
212 65
213 65
214 65
216 65
218 66
220 66
222 66
224 66
227 66
230 65
232 65
235 65
238 65
241 65
244 65
247 65
250 65
253 65
256 65
259 65
262 65
265 65
268 65
271 65
274 65
277 65
280 65
282 65
285 65
287 65
290 65
292 65
295 65
297 65
299 65
302 65
304 65
306 65
308 65
310 65
311 65
313 65
315 65
316 65
318 65
320 65
321 65
323 65
324 65
326 65
327 65
328 65
329 65
329 66
330 66
330 67
331 67
332 67
333 68
334 69
335 69
336 70
337 71
338 72
339 73
340 74
342 75
343 77
345 78
346 79
348 81
350 82
351 84
353 85
354 87
356 88
357 89
359 90
361 91
362 93
364 94
366 95
368 96
369 98
371 99
373 101
374 102
376 104
378 105
379 106
381 108
382 109
384 110
386 111
387 113
389 114
391 115
393 116
394 117
396 118
398 119
399 120
401 121
402 122
404 123
405 124
406 125
407 126
408 127
409 127
410 128
410 129
411 129
411 130
412 130
413 130
412 130
412 131
411 131
411 132
410 132
410 133
409 133
409 134
408 134
408 135
407 135
407 136
406 136
406 137
405 137
405 138
404 139
403 139
402 140
402 141
401 142
400 143
399 144
399 145
398 146
397 147
396 148
395 149
394 151
393 152
392 153
391 154
390 155
388 156
387 157
386 159
384 160
383 161
382 162
380 163
379 165
378 166
376 168
375 169
374 171
372 173
371 174
369 176
367 178
366 179
364 180
363 182
361 183
360 184
359 185
358 186
357 188
356 189
355 190
354 191
354 192
353 193
352 194
352 195
351 196
351 197
350 198
349 198
348 198
347 198
346 198
345 198
344 198
342 198
341 198
340 198
338 198
337 198
335 198
333 198
332 197
330 197
328 197
325 197
323 197
321 197
318 197
316 196
313 196
311 196
308 196
306 196
303 196
300 196
297 196
294 196
291 196
288 196
285 196
282 196
279 196
276 196
273 196
269 196
266 197
263 197
260 197
257 197
254 197
251 197
248 197
246 197
243 197
240 198
237 198
235 198
232 198
230 198
227 198
225 198
223 198
221 198
219 199
218 199
216 199
215 199
213 199
212 199
211 199
210 198
209 198
208 198
207 198
206 198
205 197
204 196
204 195
203 195
203 194
203 193
202 192
202 191
202 190
201 189
201 188
201 187
200 186
200 185
200 183
199 182
199 181
198 179
198 178
198 176
197 174
197 173
197 171
197 169
197 167
196 165
196 163
196 161
196 159
196 157
196 155
196 153
195 151
195 149
195 146
195 144
195 142
195 139
195 137
195 135
195 133
194 130
194 128
194 125
194 123
194 121
193 118
193 116
193 114
193 112
193 110
193 108
193 105
193 103
192 101
192 99
192 97
192 95
192 94
192 92
192 91
192 89
192 88
192 87
192 86
192 85
192 83
192 82
192 81
192 80
192 79
192 78
192 77
193 77
194 77
195 77
196 76
