240
129 84
134 84
136 84
137 83
139 83
141 83
143 83
145 83
148 82
151 82
154 82
157 81
161 81
165 81
169 80
173 80
177 80
181 79
186 79
190 78
195 78
200 78
204 77
209 77
214 77
218 76
222 76
227 76
231 75
235 75
239 75
242 74
246 74
249 74
252 74
255 74
257 74
259 74
261 73
263 73
264 73
265 73
266 73
267 73
267 74
268 74
268 75
268 76
269 76
269 77
270 78
271 79
272 80
273 82
274 83
275 84
276 86
278 87
279 89
281 91
282 93
284 95
286 97
288 100
290 102
293 104
295 107
298 109
300 112
303 115
306 117
309 120
311 123
314 125
317 128
320 131
323 133
325 136
328 138
331 140
333 142
335 145
338 147
340 149
342 151
343 152
345 154
347 155
348 156
349 157
350 158
351 159
352 159
353 160
354 161
353 160
352 161
351 161
351 162
350 162
350 163
349 164
348 165
346 166
345 167
343 168
342 170
340 171
337 173
335 175
333 177
330 179
328 181
325 183
322 185
319 187
316 190
314 192
311 194
308 197
305 199
303 202
300 204
298 206
295 208
293 210
291 212
289 214
287 215
286 217
284 218
283 220
282 221
281 222
280 223
279 223
279 224
278 225
277 225
276 225
275 225
274 225
273 225
271 224
270 224
268 225
266 225
264 225
262 225
259 225
256 225
253 226
250 226
246 226
243 227
239 227
235 227
231 228
226 228
222 229
217 229
213 230
208 230
203 231
199 231
194 231
189 232
185 232
180 232
176 233
172 233
168 233
164 233
160 233
156 233
153 234
150 234
147 234
144 234
142 234
140 234
138 234
136 234
135 234
133 234
132 234
131 234
130 233
131 232
131 231
131 230
131 229
131 228
131 227
132 225
132 223
132 221
132 219
132 216
132 213
133 210
133 207
133 203
133 200
134 196
134 192
134 188
134 184
134 180
134 177
134 173
134 169
134 164
133 160
133 156
133 152
133 148
133 144
132 140
132 136
132 133
132 129
132 125
132 122
133 118
133 115
133 112
133 110
133 107
133 105
134 103
134 101
134 99
134 98
134 97
134 96
134 95
133 95
133 94
133 95
