360
165 135
169 135
170 135
171 135
173 135
175 134
177 134
179 134
181 134
184 134
186 134
189 134
191 134
193 134
196 134
198 134
200 134
203 134
205 134
207 134
210 134
212 134
215 134
217 134
220 134
223 134
225 134
228 133
230 133
233 133
236 133
238 133
241 133
244 133
246 133
249 132
252 132
255 132
258 132
261 132
264 131
268 131
271 130
274 130
277 130
280 129
283 129
286 129
289 129
291 129
293 128
296 128
298 128
300 128
302 128
303 128
305 128
306 128
307 128
308 128
309 128
310 128
311 128
312 128
313 129
314 129
315 130
316 131
317 131
318 132
319 133
321 134
322 135
323 136
325 137
326 138
328 140
329 141
331 143
333 144
334 146
336 147
338 149
339 150
341 152
342 153
344 155
346 156
347 158
349 160
350 162
352 163
354 165
355 167
357 168
358 170
360 172
361 173
363 174
364 176
366 177
367 179
368 180
370 181
371 183
373 184
374 186
375 187
376 188
378 190
379 191
381 193
382 194
383 195
385 196
386 198
387 199
388 200
389 201
390 202
391 203
392 204
393 205
394 206
394 207
395 207
395 208
394 209
394 210
393 211
392 211
392 212
391 214
390 215
389 216
388 218
387 220
386 221
384 223
383 225
382 226
381 228
379 230
378 232
377 233
375 235
374 237
373 239
371 241
370 243
368 245
367 247
366 248
364 250
363 252
362 254
361 256
360 257
359 259
358 261
356 262
355 264
354 266
353 268
351 269
350 271
349 273
347 274
346 276
345 278
344 279
343 280
342 282
341 283
340 284
340 285
339 286
338 287
337 288
337 289
336 290
336 291
335 292
334 293
333 294
333 295
332 295
331 296
330 296
329 296
328 296
327 296
326 296
324 296
323 296
321 296
319 295
317 295
314 295
312 295
309 296
306 296
304 296
301 296
298 297
295 297
292 297
289 297
286 297
283 297
281 298
278 298
275 298
272 298
269 298
266 298
263 298
260 298
258 298
255 298
253 298
250 298
248 298
246 298
243 298
241 298
239 298
237 298
235 298
233 298
231 298
229 298
227 299
224 299
222 299
220 299
218 299
216 300
214 300
211 301
209 301
207 301
204 302
202 302
200 303
198 304
195 304
193 305
191 305
189 306
187 306
185 307
183 307
181 308
179 308
177 309
176 309
174 310
173 310
171 310
170 310
168 311
167 311
166 311
165 311
164 311
163 311
162 311
161 311
160 311
159 311
159 310
158 309
158 308
158 307
157 306
157 304
157 303
157 302
157 300
157 299
157 297
157 295
156 293
156 291
156 289
156 286
156 284
156 282
155 280
155 277
155 275
155 273
155 270
155 268
154 265
154 262
154 260
154 257
154 254
154 252
154 249
154 247
154 244
154 242
154 239
154 237
154 234
154 232
154 229
154 227
154 224
154 222
154 219
154 217
154 215
154 213
154 211
154 209
154 206
154 204
154 202
154 200
154 198
154 196
154 194
154 192
154 189
154 188
154 185
154 183
154 182
155 180
155 178
155 175
155 173
156 171
156 169
156 167
156 165
157 163
157 161
157 159
158 157
158 156
158 154
158 152
158 151
159 150
159 148
159 147
159 146
159 145
159 144
159 143
160 143
160 142
161 142
161 141
162 140
