378
164 81
169 80
171 79
173 79
174 79
177 78
179 78
181 78
184 77
186 77
189 77
192 76
194 76
197 76
200 76
200 76
204 75
207 75
210 75
213 75
217 75
220 74
223 74
227 74
230 74
234 73
237 73
241 73
244 73
248 73
251 72
254 72
258 72
261 72
264 72
268 72
271 72
274 71
277 71
280 71
283 71
286 71
289 71
292 71
295 71
298 71
300 71
303 71
305 71
308 71
310 71
312 71
314 71
315 71
316 70
317 70
318 70
319 70
320 71
321 72
322 72
323 73
323 74
324 74
325 75
326 76
327 76
328 77
329 78
330 79
331 80
332 81
334 82
335 83
337 84
338 85
340 86
342 88
344 89
345 90
347 91
349 93
351 94
353 95
354 97
356 98
358 100
360 101
362 102
364 104
366 106
369 107
371 109
373 110
375 112
377 114
379 115
382 117
384 119
386 121
389 122
391 124
394 126
397 128
399 130
402 132
405 134
407 136
410 138
413 141
416 143
419 145
423 147
426 149
429 151
432 153
436 156
439 158
442 160
445 162
448 164
451 166
454 168
456 169
459 171
461 172
463 174
465 175
467 176
468 177
469 178
470 178
471 179
472 179
473 180
474 180
474 181
474 182
473 183
472 184
471 185
471 186
470 186
469 187
468 188
466 189
465 191
464 192
463 193
461 195
460 196
459 197
457 199
456 200
454 202
453 204
451 205
449 207
448 209
446 211
444 212
442 214
440 216
438 218
437 220
435 222
433 224
431 226
429 228
427 230
425 232
423 234
421 237
419 239
417 241
415 243
413 245
411 247
409 249
407 252
405 254
403 256
401 258
399 260
397 263
395 265
393 267
390 270
388 272
385 274
383 277
381 279
378 281
376 284
373 286
370 289
368 291
365 294
363 296
360 298
358 301
355 303
353 305
351 307
349 308
347 310
346 312
344 313
343 314
341 315
340 316
339 317
339 318
338 318
338 319
337 319
336 319
336 320
335 320
334 320
333 320
332 320
330 320
329 320
328 320
326 320
324 321
323 321
321 321
319 321
317 321
314 321
312 321
310 321
308 321
305 322
303 322
300 322
298 322
295 322
293 322
290 322
287 322
284 322
282 322
279 322
276 322
273 322
270 322
267 322
264 321
262 322
259 321
256 321
253 321
250 321
247 321
244 321
241 321
238 321
235 321
231 321
228 321
225 321
222 321
219 321
215 321
212 320
209 320
205 320
202 320
199 320
196 320
193 320
190 320
187 320
184 320
181 320
179 320
176 320
174 320
172 320
170 320
168 320
167 320
165 320
164 320
163 320
162 320
161 319
161 318
161 317
160 316
160 315
160 314
160 313
160 312
160 311
160 309
160 308
160 306
160 305
160 303
160 301
160 299
160 297
160 294
160 292
159 289
159 287
159 284
159 281
159 279
158 276
158 273
158 270
158 267
157 264
157 261
157 258
157 255
156 252
156 249
156 246
156 243
156 240
156 236
156 233
156 230
156 227
157 223
157 220
157 217
157 213
158 210
158 207
158 203
159 200
159 196
159 193
160 189
160 186
160 183
161 179
161 176
161 172
162 169
162 166
162 162
163 159
163 155
163 152
164 149
164 145
164 142
165 139
165 135
165 132
166 129
166 126
166 122
167 119
167 116
168 113
168 110
168 108
168 105
169 103
169 101
169 99
169 97
169 95
169 94
169 93
169 92
169 91
169 90
169 90
