243
182 89
188 87
189 86
191 86
193 86
195 86
198 85
200 85
203 85
206 85
210 84
213 84
217 84
220 84
224 84
228 84
232 84
236 84
239 84
243 84
247 84
251 84
255 84
259 84
263 84
267 84
270 84
274 83
277 83
280 83
284 83
287 83
289 83
292 83
294 83
297 83
299 83
301 83
302 82
304 82
305 82
306 82
307 81
308 81
308 82
309 83
310 84
310 85
311 85
311 86
312 87
313 88
313 89
314 90
315 92
316 93
317 95
318 97
319 99
321 101
322 103
324 106
326 108
328 110
330 113
331 115
333 118
335 120
337 123
339 125
340 128
342 131
344 133
346 135
347 137
349 140
350 142
352 144
353 145
354 147
356 148
356 150
357 151
358 152
359 153
359 154
360 154
360 155
361 155
361 156
360 157
360 158
359 159
359 160
358 161
358 162
357 163
356 164
356 166
355 167
354 169
352 171
351 173
350 176
348 178
346 181
345 183
343 186
341 189
340 191
338 194
336 197
334 201
332 204
331 207
329 210
327 213
325 217
323 220
321 223
319 226
317 229
316 232
314 235
313 237
311 240
310 242
309 244
308 246
307 247
307 249
306 250
306 251
305 251
305 252
305 253
305 252
304 252
303 253
302 253
301 253
300 253
299 254
297 254
296 254
294 255
292 255
290 256
287 256
285 257
282 257
279 258
275 258
272 259
268 259
265 260
261 260
257 261
254 261
250 262
246 262
242 263
239 263
235 264
232 264
228 265
225 266
222 266
219 267
216 268
213 268
211 269
209 269
207 270
205 270
203 271
202 271
201 271
199 272
198 272
197 272
196 272
196 271
195 271
195 270
195 269
195 268
195 266
195 265
194 263
194 261
194 259
193 256
193 254
193 251
192 248
192 244
191 241
190 237
190 234
189 230
188 226
188 222
187 218
186 213
186 209
185 205
184 200
184 196
183 191
183 187
182 182
182 178
181 174
180 169
180 165
179 161
179 157
178 153
178 150
177 146
177 142
176 139
176 135
175 132
175 129
175 126
174 123
174 120
174 118
174 115
174 113
173 111
173 109
173 108
173 106
173 105
172 104
172 103
172 102
172 101
172 100
171 100
