253
148 79
152 78
154 78
155 77
157 77
159 77
162 77
164 77
167 77
170 76
173 76
176 76
179 76
183 76
187 75
190 75
194 75
198 75
202 75
206 74
210 74
214 74
218 73
222 73
226 73
230 72
233 72
237 72
240 71
243 71
246 71
248 70
251 70
253 70
255 70
256 69
258 69
259 69
260 69
261 68
262 68
262 69
263 70
263 71
264 71
264 72
265 73
266 74
267 75
268 76
269 77
270 78
272 80
273 81
275 83
276 85
278 87
280 89
282 91
284 94
286 96
288 99
290 102
292 104
294 107
297 110
299 113
302 116
304 119
306 122
309 125
311 128
314 131
316 134
319 137
321 140
323 143
326 145
328 148
330 151
332 153
334 155
336 157
338 159
339 160
341 161
342 162
343 163
344 164
344 165
345 165
346 166
345 166
345 167
344 168
343 169
342 169
342 170
341 171
340 172
338 173
337 174
336 176
334 177
332 178
330 180
328 181
326 183
324 184
322 186
320 187
318 189
316 191
313 192
311 194
309 195
307 197
305 199
303 201
301 203
299 204
297 206
295 208
293 210
291 211
289 213
287 215
285 216
284 218
282 219
281 221
279 222
278 224
277 225
276 226
274 228
273 229
272 230
271 231
270 232
270 233
269 233
268 234
268 235
267 235
267 236
266 236
265 236
264 236
263 235
262 235
260 235
259 235
257 235
255 235
253 235
250 235
248 235
245 235
242 235
239 235
236 235
232 235
229 235
225 236
221 236
217 236
214 236
210 236
206 237
202 237
198 237
194 237
191 237
187 238
184 238
180 238
177 238
173 238
170 238
167 238
164 238
162 238
159 238
157 238
155 238
153 238
151 238
149 238
147 238
146 238
144 238
143 237
142 237
141 237
140 237
139 237
139 236
140 235
140 234
140 233
140 232
140 230
140 229
141 227
141 225
141 222
141 220
141 217
142 214
142 211
142 208
142 205
142 201
142 198
142 194
142 190
142 186
142 182
142 178
142 174
142 170
142 166
142 161
142 157
142 153
142 148
142 144
142 140
142 135
142 131
142 127
142 123
142 119
142 116
142 112
142 109
142 105
143 102
143 99
143 96
144 94
144 91
144 89
144 87
144 85
145 84
145 83
145 81
145 80
145 79
144 78
144 79
