309
207 132
217 130
219 130
222 130
224 129
226 129
229 129
231 129
236 129
239 129
242 129
245 129
248 129
251 128
254 128
258 128
261 127
265 127
269 127
272 126
276 126
279 126
283 125
286 125
289 125
292 124
295 124
298 124
301 123
304 123
307 123
309 123
312 122
314 122
316 122
318 122
320 121
322 121
324 121
325 121
326 121
327 121
328 121
329 121
330 120
331 120
332 120
333 121
334 121
335 121
335 122
336 122
337 122
337 123
338 124
339 124
340 125
341 126
342 127
343 128
345 129
346 130
347 132
348 133
349 134
351 136
352 137
354 138
355 140
357 141
358 143
360 145
361 146
362 148
363 149
365 151
366 153
367 154
368 156
370 158
371 160
372 161
373 163
375 165
376 166
378 168
379 170
380 171
382 173
383 174
384 175
385 177
386 178
387 179
388 180
389 182
390 183
391 184
392 185
392 186
393 186
394 187
394 188
395 189
396 190
396 191
396 192
396 193
396 194
395 195
395 196
395 197
394 196
393 198
392 200
391 203
390 205
389 208
387 210
386 213
385 218
384 221
383 223
382 225
381 227
380 229
379 231
378 234
377 236
376 238
375 240
374 242
373 245
372 247
371 249
370 250
369 252
369 254
368 256
367 257
366 259
365 260
364 262
363 263
362 264
361 266
360 267
359 268
358 269
357 270
356 272
355 273
354 274
354 275
353 275
352 276
351 277
350 277
350 278
349 278
348 278
347 278
346 278
346 279
345 279
344 279
343 279
341 279
340 279
339 279
337 279
335 280
333 280
331 280
329 280
327 280
324 280
322 280
319 280
316 281
314 281
311 281
308 281
305 281
302 281
300 281
297 282
294 282
291 282
289 282
286 282
283 282
281 282
278 282
275 282
273 282
270 283
268 283
265 283
263 283
260 283
258 283
256 283
253 283
251 283
249 283
247 283
245 283
242 283
240 283
238 283
237 283
235 284
233 284
232 284
230 284
229 284
227 284
226 284
225 284
224 285
223 285
222 285
221 285
220 285
219 285
218 285
217 285
216 285
216 284
217 284
217 283
216 283
216 282
216 281
216 280
215 279
215 278
215 277
215 275
215 274
215 272
214 270
214 268
214 266
214 264
214 262
214 259
214 257
214 255
214 253
214 250
214 248
214 246
214 243
213 241
213 238
213 235
213 233
213 230
213 228
213 225
213 223
213 220
213 218
213 216
213 213
213 211
213 209
212 207
212 204
212 202
212 199
212 197
212 195
212 192
212 186
212 184
212 182
212 180
212 178
212 176
212 174
212 172
212 170
212 168
212 166
212 164
212 162
212 160
212 158
212 156
212 155
212 153
212 152
213 150
213 149
213 148
213 147
213 146
213 145
213 144
213 143
214 142
214 141
214 140
214 139
215 139
216 138
