221
205 94
209 91
211 91
213 91
215 91
218 91
221 90
223 90
227 90
230 90
233 89
237 89
240 89
244 89
248 88
252 88
256 88
261 88
265 87
268 87
272 87
276 87
279 87
283 86
286 86
288 86
291 86
293 85
295 85
297 85
299 85
300 85
301 85
302 85
303 84
304 85
304 86
305 87
306 88
306 89
307 90
308 91
309 93
310 94
311 96
313 97
314 99
316 101
318 103
320 105
322 107
324 109
326 111
328 114
330 116
333 118
335 120
337 122
339 124
341 127
343 129
345 131
347 133
349 134
351 136
353 138
354 139
356 141
357 142
359 143
360 144
361 145
362 146
364 146
365 147
366 148
367 148
368 149
369 149
370 149
370 150
370 151
369 151
369 152
369 153
368 154
368 155
367 156
366 158
365 159
364 161
362 163
361 165
359 168
358 170
356 173
354 175
351 178
349 181
347 184
344 187
342 191
340 194
337 197
335 200
333 203
331 206
329 209
327 212
325 214
323 217
321 219
320 221
318 223
317 225
316 226
315 228
315 229
314 230
313 231
313 232
312 232
311 232
310 232
309 232
308 232
307 232
306 232
304 232
302 233
300 233
298 233
296 233
293 234
290 234
287 234
285 235
281 235
278 235
275 236
272 236
268 236
265 237
262 237
258 237
255 238
252 238
249 238
245 239
242 239
240 239
237 239
234 240
232 240
230 240
228 240
226 241
224 241
222 241
221 241
220 241
218 242
217 242
216 242
215 242
215 241
215 240
215 239
214 238
214 237
214 236
214 234
213 232
213 230
212 228
212 226
211 223
211 220
210 217
209 214
209 211
208 207
208 204
207 200
207 196
206 193
206 189
206 185
205 181
205 177
205 174
205 170
204 166
204 163
204 160
204 156
204 153
204 150
203 147
203 144
203 142
202 139
202 137
202 135
201 133
201 131
201 129
200 127
200 126
200 124
199 123
199 121
199 120
199 119
199 118
199 117
198 117
198 116
198 117
198 118
198 119
