237
270 183
275 182
278 182
280 181
283 181
286 181
289 180
292 180
295 180
298 180
301 180
303 179
306 179
309 179
313 179
316 179
319 179
323 179
326 179
330 179
333 178
336 178
340 178
343 177
346 177
349 177
353 177
356 176
359 176
362 176
366 176
369 176
372 175
375 175
378 175
381 175
384 175
387 175
390 175
393 175
395 176
396 179
397 181
399 182
400 184
402 185
403 187
405 189
407 190
408 192
410 194
412 196
414 198
415 200
416 202
418 204
420 206
421 208
422 210
424 211
425 213
427 214
428 216
430 218
432 220
434 222
436 223
437 225
439 227
440 229
441 231
443 233
444 235
446 236
447 238
448 240
450 242
451 244
453 245
454 247
456 249
458 251
459 253
461 255
463 257
465 259
466 261
468 262
469 264
471 265
472 267
471 270
470 272
468 273
467 275
466 277
464 279
462 281
461 283
459 285
458 287
456 289
454 291
452 293
450 295
448 297
446 299
444 301
442 303
440 305
438 307
436 309
435 311
433 312
431 314
429 316
427 318
425 320
423 321
422 323
420 324
419 326
417 327
416 329
414 330
413 332
411 334
410 336
408 337
407 339
405 341
404 343
402 344
401 346
399 347
398 349
396 350
395 352
393 354
391 355
388 355
385 355
382 355
380 356
377 356
374 356
371 356
368 356
365 356
362 356
359 356
356 356
353 356
350 356
347 356
345 357
342 357
339 357
336 357
333 357
330 357
327 357
324 357
321 357
319 358
316 358
313 358
310 358
307 358
303 358
300 358
297 358
294 358
291 358
288 358
285 358
281 358
278 358
275 358
272 358
270 359
269 357
269 354
268 351
268 348
267 346
266 343
266 340
265 337
265 334
264 331
264 328
264 324
264 321
264 318
265 315
265 311
265 308
265 305
266 303
266 300
267 297
267 294
267 291
268 289
268 286
268 283
268 280
269 276
269 272
269 269
269 266
269 263
269 260
269 257
269 254
269 251
270 248
270 245
270 242
270 239
270 236
270 233
270 229
270 226
270 223
270 220
270 216
270 213
270 210
270 207
270 204
270 200
270 197
270 194
269 192
271 191
