226
267 180
270 179
273 179
276 179
278 178
281 178
284 178
287 178
290 178
293 178
296 177
300 177
303 177
307 176
311 176
315 176
318 175
322 175
326 175
330 174
333 174
337 174
341 174
344 173
347 173
351 173
354 173
357 173
359 172
363 172
367 172
370 171
374 171
378 171
382 171
385 170
388 170
391 170
393 172
394 174
396 175
397 177
399 178
400 180
402 181
403 183
405 184
407 185
409 187
410 189
412 190
413 192
415 194
417 196
418 198
420 200
422 202
424 204
425 206
427 208
429 210
431 212
433 214
435 216
437 218
438 220
440 222
442 223
443 225
445 228
447 230
449 232
450 234
452 236
454 238
456 240
458 242
460 244
462 246
464 248
465 250
468 252
470 254
472 256
474 258
476 259
478 261
480 262
481 264
480 266
479 268
477 269
476 271
474 272
472 274
470 276
468 278
466 279
465 281
463 283
461 285
459 287
457 289
455 291
453 293
451 295
449 297
447 298
445 300
443 302
441 304
439 305
437 307
435 309
433 310
431 312
429 314
427 315
426 317
424 319
422 320
421 322
419 323
417 325
415 327
413 329
411 331
409 333
408 335
406 336
404 338
402 340
401 342
399 343
397 344
394 344
391 344
388 344
385 344
382 344
379 344
376 344
373 345
370 345
367 345
364 345
360 345
357 345
354 345
350 345
347 345
344 345
340 345
337 345
334 345
331 345
328 345
325 345
321 345
318 345
315 345
312 345
309 345
306 345
302 345
298 345
295 345
292 346
289 346
286 346
283 346
280 346
278 347
275 347
272 347
269 347
269 344
269 341
269 338
270 334
270 331
270 327
270 324
271 322
271 318
271 315
271 311
271 308
271 305
271 302
271 299
271 296
271 293
271 290
271 286
271 282
271 278
271 275
271 272
272 270
272 266
272 263
272 260
272 257
272 254
272 250
271 247
271 244
271 241
271 238
270 234
270 231
270 228
270 224
270 221
269 218
269 215
269 212
269 209
269 206
269 202
269 198
269 195
269 192
269 189
270 190
