244
106 84
112 85
113 85
115 85
116 85
118 85
120 85
122 85
125 85
127 85
130 85
133 85
137 85
140 85
144 85
148 85
152 84
156 84
160 84
165 84
169 84
173 83
178 83
182 83
187 83
191 83
195 83
199 82
203 82
206 82
210 82
213 81
216 81
219 81
221 81
224 80
226 80
227 80
228 80
230 80
230 79
231 79
232 79
233 80
233 81
234 81
234 82
234 83
235 84
236 85
236 86
237 87
238 88
239 90
240 91
242 93
243 95
245 98
246 100
248 103
250 105
252 108
253 111
255 114
257 117
259 120
261 123
264 126
266 129
268 132
270 135
273 138
275 142
277 145
279 148
281 150
283 153
285 156
287 158
289 161
291 163
293 165
294 167
296 168
297 170
298 171
300 173
301 174
301 175
302 175
303 176
303 177
304 178
303 178
302 178
301 179
300 180
299 181
298 181
296 182
295 184
293 185
291 186
289 188
287 189
285 191
282 193
280 195
277 197
275 199
272 201
269 203
267 205
264 207
261 209
259 211
256 213
254 215
251 217
249 219
247 221
245 223
243 225
241 227
239 229
237 230
235 232
233 234
232 235
230 237
229 238
228 239
227 240
226 241
225 242
224 243
224 244
223 244
223 245
222 245
221 245
220 245
219 245
218 245
217 245
215 245
214 245
212 245
210 245
208 245
206 245
204 245
201 245
198 246
196 246
192 246
189 246
186 246
182 246
179 246
175 246
171 246
168 246
164 246
160 246
156 246
152 246
149 246
145 246
142 246
138 246
135 246
132 246
129 246
126 246
123 246
120 246
118 247
116 247
113 247
111 247
110 247
108 247
107 247
105 247
104 247
103 247
102 247
101 247
101 246
101 245
102 245
102 244
102 243
102 242
102 241
102 239
102 237
103 235
103 233
103 231
104 228
104 225
104 222
104 219
105 215
105 212
105 208
105 204
105 200
105 196
105 192
105 187
105 183
105 178
105 174
105 169
104 164
104 160
104 155
104 150
104 146
104 141
104 137
104 133
104 129
104 125
104 121
104 118
104 115
104 112
104 109
104 107
104 104
104 102
104 101
104 99
103 98
103 97
103 96
103 95
103 94
104 94
104 95
