349
142 133
146 132
148 132
149 132
151 131
153 131
155 131
158 130
160 130
163 129
166 129
169 129
172 128
176 128
180 127
183 127
187 126
191 126
195 125
199 125
202 124
206 124
210 123
214 123
218 122
222 122
225 121
229 121
232 120
236 120
239 119
241 119
244 119
246 119
249 118
251 118
253 118
255 118
256 118
258 118
259 118
260 118
261 118
262 117
263 117
264 117
265 117
266 117
267 117
268 117
269 117
269 118
270 118
271 118
272 118
273 119
274 119
275 119
276 120
277 120
278 121
279 121
279 122
281 122
282 123
283 124
283 125
285 125
286 126
287 127
288 128
289 129
290 130
291 131
292 132
293 133
294 135
295 136
296 137
297 138
298 139
300 140
301 142
302 143
303 144
304 145
305 146
307 147
308 148
309 150
310 151
311 152
313 153
314 154
315 155
316 157
318 158
319 159
320 160
321 161
322 163
324 164
325 165
326 167
328 168
329 169
330 171
332 172
333 173
335 174
336 175
337 177
338 178
339 179
340 180
342 181
343 182
343 183
344 184
345 184
346 185
347 186
348 186
349 187
350 187
351 188
351 189
350 189
350 190
349 191
349 192
348 193
348 194
347 196
347 197
346 198
345 200
345 201
344 203
343 204
342 206
341 207
340 209
340 211
339 212
338 214
337 215
336 216
335 218
334 219
334 221
333 222
332 223
331 224
330 226
329 227
328 228
327 230
326 231
325 233
324 234
323 236
322 237
321 238
320 240
319 241
319 243
318 244
317 245
316 247
315 248
315 249
314 250
314 251
313 252
312 253
312 254
311 255
310 256
310 257
309 258
309 259
309 260
308 260
308 261
307 261
307 262
306 262
305 262
304 262
304 263
303 263
302 262
301 263
300 263
299 263
298 263
297 263
295 263
294 263
293 263
291 263
290 264
288 264
286 264
285 264
283 264
281 264
279 264
277 265
275 265
273 265
271 265
269 265
267 265
265 265
263 265
262 266
260 266
258 266
256 266
254 266
252 266
249 267
247 267
245 267
243 267
241 268
239 268
236 268
234 269
232 269
230 269
228 270
226 270
223 270
221 270
219 271
216 271
214 271
212 271
209 272
207 272
205 272
203 272
200 273
198 273
196 273
194 274
191 274
189 274
187 275
185 275
183 275
182 275
180 276
179 276
177 276
176 276
175 276
174 276
173 277
172 277
171 277
170 277
169 277
168 277
168 276
167 275
167 274
166 273
166 272
165 271
165 269
164 268
164 266
163 265
162 263
162 261
161 260
160 258
160 256
159 254
158 253
158 251
157 248
157 246
156 244
156 242
155 240
155 238
154 236
154 234
153 232
153 230
152 228
152 226
151 224
151 222
151 220
151 218
151 216
150 214
150 212
150 210
150 208
150 206
149 204
149 202
149 200
149 199
148 197
148 195
148 193
148 191
148 189
148 188
148 186
148 184
148 182
148 181
147 179
147 177
147 175
147 174
147 172
147 170
148 168
148 167
148 165
148 163
148 162
148 160
148 159
148 157
148 156
148 155
148 153
148 152
148 151
148 150
148 149
148 148
148 147
147 147
147 146
147 145
148 145
148 144
