244
229 186
234 185
238 184
241 184
245 184
248 184
251 184
255 184
259 184
263 184
266 183
270 183
275 183
279 183
282 183
286 183
290 183
293 183
297 183
300 183
304 183
306 182
309 182
313 182
316 182
321 182
326 182
331 182
334 182
339 182
344 182
348 182
351 182
354 182
356 181
357 183
359 185
361 187
362 189
364 190
366 192
368 194
370 196
372 198
374 200
376 202
378 204
380 205
381 207
383 208
385 210
387 212
389 214
391 215
392 217
394 218
396 220
398 222
400 224
402 226
404 227
406 229
408 231
410 233
412 235
414 236
416 238
418 240
420 242
422 244
424 245
427 247
429 249
431 250
433 252
435 253
437 255
439 256
441 258
443 260
445 261
447 263
449 264
452 266
454 267
456 269
458 270
460 271
462 272
464 274
463 276
461 278
459 280
457 281
455 283
454 285
452 286
451 288
449 290
447 292
445 293
443 295
441 297
439 299
437 301
435 302
433 303
431 304
429 306
427 307
426 309
424 310
422 311
420 313
418 314
416 316
414 317
412 319
410 320
408 322
406 323
404 324
402 326
400 327
398 328
397 330
395 331
393 333
391 334
390 336
388 338
386 340
384 341
383 343
381 344
379 346
377 347
375 349
373 350
372 352
370 353
368 354
366 356
364 357
362 359
360 360
358 361
357 363
355 364
353 365
350 365
347 365
345 366
342 366
339 366
336 366
334 367
331 367
327 367
324 367
321 367
318 367
316 368
313 368
310 368
306 368
303 368
300 367
297 367
293 367
290 367
287 367
284 367
281 367
278 367
275 367
272 367
269 367
266 367
262 367
259 367
255 367
252 367
249 367
245 367
242 367
238 367
235 367
232 367
231 365
231 362
231 359
230 357
229 354
229 351
228 349
227 347
227 344
226 342
226 338
225 336
225 333
225 329
224 327
224 324
224 321
224 317
224 313
224 310
224 307
224 304
224 301
224 297
224 293
224 289
224 286
224 283
224 280
225 277
225 274
225 271
225 267
226 264
226 260
226 256
226 252
226 249
227 245
227 241
227 237
227 233
227 229
227 225
227 221
227 217
227 213
226 209
226 206
226 202
226 198
225 195
225 192
225 189
224 188
