349
177 68
182 68
183 68
184 68
185 68
187 68
188 68
190 68
192 68
193 68
195 68
196 68
198 68
199 68
201 68
203 68
205 68
208 68
210 68
212 68
214 68
217 68
219 68
221 68
223 68
225 68
227 68
230 68
232 68
235 68
237 68
240 68
243 67
245 67
248 67
250 67
253 67
256 67
258 67
261 67
263 67
265 67
267 67
269 67
271 67
273 67
275 67
277 67
279 67
280 67
281 67
283 67
284 67
285 67
286 67
287 67
287 68
288 68
289 68
289 69
290 69
291 70
292 70
292 71
293 71
294 72
295 73
296 73
297 74
299 75
300 75
301 76
302 77
303 78
305 79
306 80
307 81
308 82
309 83
311 84
312 85
313 86
314 87
316 88
318 89
319 90
321 91
323 92
325 93
327 94
329 95
331 96
333 97
335 99
338 100
340 102
342 103
345 104
347 106
350 107
352 109
355 110
357 111
359 112
362 113
364 114
366 115
368 116
370 117
372 118
374 119
376 121
377 122
379 122
380 123
381 124
382 125
383 126
384 126
385 127
386 128
387 128
387 129
388 129
388 130
389 130
390 131
390 132
389 132
389 133
388 133
388 134
387 135
386 136
385 136
384 137
384 138
383 138
383 139
383 140
382 141
381 142
381 143
380 144
379 146
379 147
378 148
377 149
376 151
375 152
374 153
374 155
373 156
371 157
370 158
369 159
368 160
366 162
365 163
363 164
362 166
361 168
359 170
358 172
356 173
355 175
353 177
352 178
350 180
348 181
347 183
345 184
344 186
342 187
341 189
339 191
338 193
337 194
336 196
335 197
334 199
333 200
332 201
332 202
331 203
331 204
330 204
330 205
329 206
329 207
328 208
328 209
327 209
326 209
325 209
324 209
323 209
322 210
321 210
319 210
318 210
316 210
314 210
313 210
311 210
309 210
307 210
305 210
302 210
300 210
297 210
295 211
292 211
289 211
287 211
284 211
281 211
278 211
275 212
272 212
270 212
267 212
264 212
262 212
259 213
256 213
253 213
250 213
248 213
245 213
242 214
239 214
237 214
234 214
232 214
229 215
226 215
224 215
221 215
219 216
216 216
214 216
211 217
209 217
207 217
205 217
203 218
202 218
200 218
199 218
199 219
198 219
197 219
197 218
197 217
197 216
196 215
196 214
196 213
196 212
196 211
196 210
196 209
195 208
195 207
195 206
195 205
195 204
195 203
195 202
194 201
194 199
194 198
194 196
194 195
194 193
193 191
193 190
193 188
192 186
192 185
192 183
191 182
191 180
191 178
190 176
190 174
190 172
190 170
189 168
189 166
189 164
188 163
188 161
188 159
188 157
187 155
187 153
187 152
186 150
186 148
186 146
186 144
186 142
186 140
185 138
185 137
185 135
185 133
184 131
184 130
184 128
184 126
184 124
184 123
184 121
184 119
184 118
183 116
184 115
184 113
184 112
184 110
184 108
183 107
183 105
183 103
183 101
183 100
183 98
183 96
182 95
182 94
182 92
181 91
181 90
181 88
181 87
181 86
180 85
180 84
180 83
180 82
180 81
180 80
179 80
179 79
179 80
180 80
