235
97 96
103 96
104 96
105 96
107 96
109 96
111 96
114 96
117 96
120 95
123 95
126 95
129 95
133 95
137 94
141 94
145 94
150 94
154 94
159 94
163 94
168 93
172 93
177 93
181 93
186 93
190 93
194 93
198 93
202 92
206 92
209 92
212 92
215 92
218 92
220 92
223 92
225 92
226 92
228 92
229 92
230 92
231 92
232 92
233 93
234 94
234 95
235 96
236 97
237 98
238 100
239 101
240 103
241 105
243 107
244 109
246 111
247 114
249 116
251 119
253 122
255 124
257 127
259 130
261 133
263 136
266 139
268 142
270 145
272 147
275 150
277 152
279 155
281 157
283 159
284 161
286 163
287 165
288 166
289 167
290 168
291 169
292 170
292 171
293 171
293 172
293 173
292 173
292 174
292 175
291 176
291 177
290 178
290 179
289 181
288 182
287 184
286 186
284 188
283 190
282 193
280 195
279 198
277 200
276 203
274 206
272 209
271 211
269 214
267 217
266 220
264 222
263 225
261 228
260 230
258 233
257 235
256 238
255 240
253 242
252 244
251 246
250 248
250 250
249 251
248 253
247 254
247 256
247 257
246 258
246 259
246 260
246 261
245 261
245 262
244 262
243 262
242 263
241 263
240 263
238 264
237 264
235 264
233 265
230 266
228 266
225 267
222 268
219 269
216 270
213 271
209 272
206 273
202 274
199 275
195 276
191 277
187 278
184 279
180 280
176 281
173 282
169 283
166 284
163 285
160 286
157 287
154 288
151 288
149 289
146 290
144 290
142 291
141 291
139 292
138 292
136 293
135 293
134 293
133 294
132 294
132 293
132 292
132 291
132 290
133 289
133 288
133 286
133 284
134 281
134 279
134 276
134 272
134 269
134 265
134 261
134 257
134 253
133 248
133 243
132 238
132 233
131 228
130 223
130 217
129 212
128 206
127 201
127 195
126 189
125 183
124 178
123 172
122 166
122 161
121 155
120 150
120 145
119 140
119 136
118 131
118 127
117 123
117 119
117 116
116 113
116 111
116 108
116 106
116 105
116 104
115 103
115 102
115 101
116 102
