312
214 61
217 61
218 61
219 61
221 61
222 61
224 61
226 61
229 61
231 61
234 61
237 61
239 61
242 61
245 61
248 61
250 61
253 61
256 61
259 61
262 61
265 60
268 60
271 60
274 60
277 60
280 60
282 60
285 60
288 61
291 61
293 61
296 61
299 61
302 61
305 61
308 61
311 61
314 61
317 61
319 61
322 61
325 61
327 61
330 61
332 61
335 61
337 61
339 61
341 61
342 61
344 61
345 61
346 61
348 61
349 61
350 61
351 61
352 61
353 61
353 62
354 62
354 63
355 63
356 64
357 65
358 66
359 67
360 67
361 68
362 69
363 70
364 70
365 71
367 72
368 73
369 74
370 75
372 77
373 78
374 79
376 80
377 82
378 83
379 84
380 86
382 87
383 88
384 89
385 91
387 92
388 93
390 94
391 96
393 97
394 99
396 100
397 102
398 103
400 105
401 106
403 108
404 109
405 110
407 111
408 113
410 114
411 115
413 116
414 117
415 117
416 118
417 119
418 120
419 121
419 122
420 122
421 123
421 124
422 125
422 126
422 127
422 128
421 128
421 129
420 130
419 131
419 132
418 132
417 133
417 134
416 134
415 135
414 136
413 137
411 138
410 139
409 140
408 141
407 142
406 143
405 144
404 146
403 147
402 148
401 150
400 151
399 152
398 154
398 155
397 156
396 157
395 158
394 159
392 160
391 161
390 163
389 164
387 165
386 167
385 168
384 169
383 171
382 172
381 173
380 175
379 176
379 177
378 178
377 179
377 180
376 180
376 181
375 182
375 183
374 183
374 184
373 184
372 184
371 184
370 184
369 184
368 184
366 184
365 185
363 185
361 185
360 185
358 185
356 185
354 185
351 185
349 186
346 186
344 186
341 186
339 186
336 186
333 187
330 187
327 187
324 187
321 187
318 187
315 187
312 187
308 188
305 188
302 188
299 188
296 188
292 188
289 188
286 189
282 189
279 189
276 189
273 189
270 189
267 189
264 189
261 189
258 189
256 190
253 190
250 190
248 190
245 190
243 190
241 190
239 191
237 191
235 191
233 191
232 191
230 191
228 191
227 191
226 191
225 192
224 191
223 192
222 191
221 191
220 191
220 190
219 190
219 189
219 188
219 187
219 186
219 185
219 184
219 183
219 182
218 180
218 179
218 178
218 176
217 174
217 172
217 170
217 168
216 166
216 164
216 162
216 160
215 158
215 156
215 154
215 151
215 149
215 146
215 144
215 142
215 139
215 137
215 135
215 132
215 130
215 127
215 125
216 122
216 120
216 118
216 116
216 113
216 111
216 109
216 107
216 105
216 103
216 101
215 98
215 96
215 95
215 93
215 91
215 90
215 88
215 87
215 85
214 84
214 83
214 81
214 80
214 79
214 78
214 77
214 76
215 76
215 75
