261
240 163
244 163
247 163
250 163
253 163
256 163
260 163
264 163
267 163
270 163
273 163
276 163
280 163
283 163
286 163
289 163
293 163
296 163
300 163
303 163
307 163
310 163
314 163
317 163
319 162
323 162
326 162
329 162
332 162
335 163
338 163
341 163
344 162
347 162
350 162
353 162
357 162
360 162
363 161
366 161
370 161
373 161
377 161
379 160
383 160
387 160
390 160
393 160
396 160
398 159
401 160
402 162
403 164
404 166
406 168
407 170
408 172
409 174
410 176
411 178
412 180
413 182
414 184
416 186
417 188
418 190
420 192
421 194
422 196
423 198
424 200
425 202
426 204
427 206
428 208
429 210
430 212
431 214
432 216
433 218
434 220
436 222
437 224
438 226
439 229
440 231
441 233
442 236
443 238
444 240
445 242
446 244
447 246
448 248
449 250
450 252
451 254
452 256
453 258
454 260
455 262
456 264
457 266
458 268
457 270
455 272
453 273
452 275
450 276
449 278
447 279
445 281
443 282
441 284
440 286
438 287
437 289
435 291
433 293
431 295
429 297
428 299
426 301
425 303
423 305
422 307
420 309
418 311
417 313
416 315
414 316
413 318
412 320
410 321
409 323
407 324
406 326
404 328
403 330
401 331
400 333
398 335
397 337
396 339
394 341
393 343
391 345
389 347
388 349
386 351
385 353
383 355
381 356
378 356
375 356
372 356
368 356
366 357
363 357
360 357
356 358
352 358
348 358
346 359
343 359
340 359
337 359
335 360
332 360
329 360
326 360
323 360
319 361
316 361
313 361
310 361
306 361
303 361
300 361
296 361
293 361
290 361
286 361
283 361
280 361
277 361
273 361
270 361
266 361
263 361
260 361
257 361
253 361
250 361
247 361
244 362
241 362
238 362
235 362
235 359
235 356
234 354
234 351
234 348
233 346
233 343
233 340
233 337
232 335
232 331
232 327
232 323
231 321
231 318
231 315
230 313
230 310
230 307
230 304
229 301
229 298
229 295
229 291
228 289
228 286
228 283
228 280
228 277
228 274
227 271
227 268
227 264
227 261
227 258
227 254
227 251
227 247
227 244
227 240
227 237
227 233
227 229
227 226
226 224
226 220
226 217
226 213
226 210
225 208
225 204
225 200
225 196
225 193
225 189
225 186
225 183
225 179
225 176
225 173
226 171
228 171
