304
332 44
337 47
338 47
339 48
340 49
341 51
342 52
344 53
345 55
346 56
347 58
349 59
350 61
352 63
353 64
355 66
356 68
358 70
360 72
361 74
363 76
365 78
367 80
369 82
371 84
373 87
375 89
377 91
379 93
381 95
383 97
385 99
387 101
390 103
392 106
395 108
397 110
399 112
402 115
404 117
407 119
409 121
411 124
414 126
416 128
418 131
421 133
423 136
425 138
427 141
430 143
432 145
434 148
436 150
438 153
440 155
442 157
444 159
446 162
448 164
450 166
452 168
454 169
455 171
457 172
458 174
459 175
460 176
461 176
461 177
462 177
462 178
462 179
461 179
461 180
460 180
460 181
459 182
458 183
457 184
456 185
455 186
454 188
453 189
451 190
450 192
448 193
447 194
445 196
443 197
441 199
439 200
438 202
436 204
434 205
432 207
430 209
427 211
425 213
423 214
421 216
418 218
416 220
413 222
411 224
408 226
406 227
404 229
401 231
398 233
396 235
393 237
390 239
388 241
385 243
382 245
380 247
377 250
374 252
372 254
369 256
366 258
363 260
360 263
357 265
355 267
352 269
349 272
346 274
344 276
341 278
339 280
336 282
334 284
331 286
329 288
327 289
325 291
323 293
322 295
320 296
319 297
317 298
316 299
315 300
314 301
313 302
312 302
312 303
311 303
311 302
310 301
309 301
309 300
308 300
307 299
307 298
306 297
305 297
305 296
304 295
303 293
302 292
301 291
300 289
299 288
298 286
297 285
296 283
295 281
294 280
293 278
292 276
290 275
289 273
288 271
286 269
285 267
283 265
282 263
281 261
279 258
278 256
276 255
275 253
273 251
272 249
270 247
269 245
267 243
265 241
264 239
262 237
260 235
259 233
257 231
255 229
254 227
252 225
251 223
249 222
248 220
246 218
245 216
243 214
242 212
240 210
239 208
238 206
236 204
235 202
233 200
232 198
230 196
229 194
227 192
226 190
225 188
223 186
222 185
221 183
221 182
220 181
219 180
218 179
218 178
217 178
217 177
216 177
216 176
216 175
215 175
215 174
216 174
216 173
216 172
217 171
217 170
218 169
219 168
220 166
221 165
222 163
223 162
224 160
226 158
227 156
229 154
231 152
233 150
234 148
236 146
238 144
240 142
242 140
244 138
246 136
248 133
250 131
252 129
254 127
256 125
259 123
261 121
263 119
265 116
267 114
269 112
271 110
273 108
275 106
277 103
280 101
282 99
284 97
286 95
288 93
291 90
293 88
295 86
297 84
300 82
302 80
304 78
306 76
308 74
310 72
312 71
314 69
316 67
318 65
319 64
321 63
322 61
324 60
325 59
326 58
327 57
328 56
329 55
330 55
330 54
331 53
331 53
