217
350 122
349 126
350 126
351 127
353 128
354 129
355 131
357 132
358 133
359 135
361 137
362 138
364 140
365 142
367 144
368 146
370 148
371 149
373 151
374 153
376 155
377 157
379 159
380 161
382 163
383 165
385 168
386 170
387 172
388 174
389 177
390 179
392 181
393 183
394 184
395 186
396 188
397 189
397 190
398 192
399 193
400 194
400 196
401 197
401 198
402 198
402 199
402 200
403 201
403 202
402 203
401 204
400 205
399 205
399 206
398 207
397 208
396 209
395 210
393 211
392 212
391 213
390 214
388 215
387 216
385 218
384 219
382 220
380 222
379 223
377 225
376 226
374 227
373 229
371 230
370 232
368 233
366 234
365 236
363 237
362 238
360 240
359 241
357 242
356 243
354 244
353 246
351 247
350 248
349 249
348 250
347 251
345 252
344 253
343 254
342 254
341 255
340 256
339 257
338 258
337 259
336 260
335 260
335 261
334 261
333 261
332 261
331 261
331 260
330 260
329 259
328 258
327 257
326 256
325 255
324 254
323 253
322 252
321 251
319 249
318 248
317 247
315 245
314 244
312 242
311 241
309 239
307 238
306 236
304 235
303 233
302 232
300 230
299 229
298 227
297 226
296 225
294 223
293 222
292 221
291 219
290 218
289 217
288 215
287 214
286 213
285 211
285 210
284 209
283 208
282 207
282 206
281 205
280 204
280 203
279 202
278 201
278 200
277 199
277 198
276 198
276 197
276 196
276 195
277 194
277 193
278 192
279 191
280 190
281 189
282 188
283 187
284 185
285 184
287 183
288 181
290 180
291 179
293 177
294 176
296 174
298 172
300 171
302 169
304 167
306 165
308 163
310 162
312 160
313 158
315 156
317 155
319 153
321 151
323 150
325 148
327 147
329 145
331 144
332 143
334 141
335 140
337 139
338 137
340 136
341 135
342 134
344 133
345 132
346 131
347 130
348 130
348 129
349 128
350 128
350 127
351 127
