167
323 105
326 109
327 110
328 112
329 113
330 115
332 116
333 118
334 120
336 122
338 123
339 125
341 127
343 129
344 131
346 134
348 136
349 138
351 140
352 142
354 144
356 146
357 147
359 149
360 151
361 152
362 154
363 155
365 157
366 158
366 159
367 161
368 162
369 163
370 165
370 166
371 167
371 168
372 169
372 170
373 171
373 172
373 173
373 174
372 174
371 175
370 175
370 176
369 177
367 177
366 178
365 179
363 180
361 181
359 183
357 184
355 185
353 187
350 188
348 190
345 192
343 194
340 195
338 197
335 199
333 201
330 202
328 204
326 205
323 207
321 208
319 210
318 211
316 212
314 213
313 214
311 216
310 217
309 217
308 218
307 219
306 220
305 220
304 221
303 222
302 223
301 223
300 223
299 222
298 222
298 221
297 220
296 219
295 218
294 216
293 215
292 213
291 211
290 209
288 207
287 205
286 203
285 200
283 198
282 196
280 194
279 192
277 189
276 187
274 185
273 183
272 182
270 180
269 179
268 177
267 176
266 174
266 173
265 172
264 171
264 170
263 170
263 169
263 168
262 167
262 166
263 166
263 165
264 165
264 164
265 163
266 163
267 162
268 161
269 160
271 159
273 157
275 156
277 154
279 153
281 151
284 149
286 147
289 145
291 143
294 141
297 138
300 136
302 134
305 132
308 130
310 128
313 126
315 124
317 123
319 121
321 120
322 119
324 118
325 117
326 116
327 115
328 114
329 114
330 114
330 113
331 113
