204
341 106
344 111
345 112
346 113
347 114
348 115
349 116
350 117
352 118
353 120
354 121
356 122
357 124
358 125
360 126
361 128
363 129
364 131
365 132
366 134
368 135
369 137
370 138
372 140
373 142
374 143
375 145
377 146
378 148
379 149
381 151
382 152
383 154
385 155
386 156
387 158
388 159
389 161
391 162
391 164
393 165
394 167
394 168
395 169
396 170
397 171
397 172
398 173
399 173
399 174
400 175
400 176
401 176
401 177
401 178
402 178
401 179
400 180
399 181
398 182
397 183
396 183
395 184
394 185
393 186
392 187
390 188
389 190
387 191
386 192
384 194
383 195
381 197
379 198
377 200
375 202
374 203
372 205
370 207
369 208
367 210
366 212
364 213
362 215
361 217
359 219
357 220
356 222
354 224
353 225
351 227
350 229
348 230
347 231
346 233
345 234
343 235
342 236
341 237
340 238
339 239
338 240
337 241
336 242
335 242
334 242
333 242
332 242
331 241
330 241
329 240
328 239
327 238
326 237
325 236
323 235
322 234
321 233
319 231
317 230
316 229
314 227
312 226
311 224
309 222
307 221
306 219
304 217
302 216
301 214
299 212
297 210
296 209
294 207
292 205
291 204
289 202
288 201
286 199
285 197
283 196
282 194
281 193
280 191
278 190
277 189
276 188
276 186
275 185
274 184
273 183
272 182
272 181
271 180
271 179
271 178
272 177
273 176
274 175
275 174
276 173
277 172
278 171
279 170
281 168
282 167
284 165
286 164
287 162
289 160
291 159
293 157
295 155
297 153
299 152
301 150
303 148
305 146
308 144
310 142
312 140
314 138
316 137
318 135
320 133
322 132
324 130
326 128
327 127
329 126
330 125
331 124
332 123
333 122
334 122
334 121
335 121
335 120
336 120
336 119
337 119
337 118
338 118
338 117
