191
387 137
390 141
391 143
392 145
394 147
395 149
396 151
397 153
398 155
400 157
401 159
403 161
404 163
406 165
407 167
409 169
410 171
412 173
413 175
414 177
416 179
418 181
419 183
420 185
422 187
424 189
425 191
426 193
428 195
430 197
431 199
433 201
435 204
436 206
438 209
440 211
441 213
443 215
444 218
445 220
447 222
448 224
449 226
450 228
451 230
452 232
453 234
454 236
456 238
455 240
454 242
452 244
451 246
449 247
448 249
446 251
444 253
443 255
441 257
439 259
437 261
436 263
434 265
432 267
430 269
429 271
427 273
425 274
424 276
422 278
420 280
418 282
417 284
415 286
412 288
410 290
409 292
407 293
405 295
403 296
400 298
398 300
395 301
393 303
391 305
389 307
388 309
386 311
384 313
382 314
380 316
378 318
376 320
374 322
372 323
371 325
369 326
368 324
367 321
366 319
365 317
364 315
363 313
362 311
361 309
360 307
359 305
358 303
356 301
355 299
353 297
352 295
351 293
350 291
349 289
347 287
346 285
345 283
343 281
342 279
341 277
340 275
338 274
337 272
336 270
335 268
334 266
333 264
332 262
330 260
329 258
328 256
326 254
325 252
324 250
322 248
321 246
320 244
318 242
317 240
316 238
315 236
314 234
313 232
311 230
310 228
311 225
313 223
315 221
317 219
319 218
320 216
322 214
323 212
325 210
327 208
328 206
330 205
331 203
332 201
334 199
335 197
337 195
339 193
341 191
342 189
344 188
346 186
347 184
349 182
351 180
353 178
355 176
357 174
358 172
360 170
362 168
364 166
366 164
367 162
369 161
371 159
373 157
374 155
376 153
378 151
380 149
381 147
383 146
384 144
386 144
