209
392 130
394 135
396 137
398 139
399 141
401 143
403 145
405 147
407 149
408 151
410 153
411 155
413 157
414 159
416 161
418 163
420 166
422 168
424 170
426 172
428 175
430 177
432 179
434 181
436 184
438 186
440 188
441 190
443 192
444 194
446 196
447 198
448 200
450 202
452 205
454 207
456 210
458 212
460 215
462 216
464 218
465 220
467 222
470 224
472 226
474 228
476 230
478 231
477 234
476 236
475 238
473 240
472 242
470 243
469 245
467 247
465 249
463 251
461 252
459 254
457 256
455 258
453 259
451 262
449 264
447 265
445 267
443 269
441 270
439 272
436 274
434 275
432 276
431 278
429 279
427 280
425 282
423 283
421 285
419 287
417 288
415 290
413 291
411 292
409 294
407 295
404 297
402 298
400 300
398 301
396 303
394 305
392 307
390 308
388 310
386 312
384 314
381 316
379 318
376 320
373 322
371 325
368 327
366 329
364 330
362 332
360 333
358 332
357 330
356 328
355 326
354 324
352 322
350 321
349 319
347 317
345 315
344 313
343 311
342 309
341 307
339 305
338 303
337 301
336 299
334 298
333 296
332 294
331 292
330 290
329 288
328 286
327 284
326 282
324 280
323 278
322 276
320 274
319 272
318 270
316 268
315 266
314 264
313 262
312 260
311 257
309 255
308 253
307 251
306 249
305 247
304 245
303 243
302 241
300 239
299 237
297 235
296 233
295 231
294 229
296 228
298 227
300 225
302 223
304 221
306 219
308 217
310 215
313 213
315 210
317 208
319 206
321 204
323 203
324 201
326 199
328 198
329 196
331 194
333 193
335 190
337 189
339 187
341 186
342 184
344 182
346 181
348 179
349 177
351 176
353 174
355 172
357 170
359 168
361 166
364 164
366 162
367 160
370 158
372 156
375 154
377 152
378 150
380 149
382 147
384 145
386 144
388 142
389 141
