346
306 51
309 55
310 56
311 57
312 58
313 59
314 61
315 62
316 63
317 64
319 65
320 67
321 68
322 70
324 71
325 72
327 74
328 76
330 77
331 79
333 81
334 83
336 85
338 86
340 88
342 90
343 92
345 94
347 96
349 98
350 100
352 102
354 104
356 106
357 108
359 110
361 112
363 114
365 116
367 118
369 120
371 122
373 124
375 126
377 128
378 130
380 132
382 134
384 136
386 138
388 140
390 142
392 144
394 146
395 148
397 149
399 151
401 153
403 155
404 157
406 159
408 160
410 162
411 164
413 166
415 167
417 169
419 171
420 172
422 173
424 175
425 176
427 178
428 179
430 180
431 181
432 182
433 183
434 184
435 185
436 186
437 186
438 187
439 188
440 189
441 190
442 191
441 192
440 193
439 194
438 195
437 196
435 197
434 198
433 199
432 200
430 201
429 202
428 203
426 204
425 206
423 207
421 208
419 210
418 211
416 213
414 214
412 216
410 217
408 219
406 220
405 222
403 223
401 224
399 226
396 227
394 229
392 230
390 232
388 234
385 235
383 237
381 238
379 240
376 242
374 243
372 245
370 246
368 248
365 250
363 251
361 253
358 254
356 256
354 257
352 259
350 260
348 262
345 264
343 265
341 267
339 269
337 270
335 272
332 273
330 275
328 276
326 278
324 279
322 281
320 282
318 284
317 285
315 286
313 288
311 289
310 290
308 292
306 293
305 294
303 296
301 297
300 298
299 299
297 300
296 301
295 302
294 302
293 303
293 304
292 304
291 304
291 305
290 305
290 306
289 306
289 305
289 304
288 304
288 303
287 303
287 302
286 302
285 301
285 300
284 300
283 299
282 298
281 297
281 296
280 295
279 293
278 292
277 291
276 289
275 288
274 287
273 285
272 284
271 282
270 281
269 279
267 278
266 276
265 275
264 273
263 271
262 270
260 268
259 266
258 264
256 263
255 261
254 259
252 258
251 256
250 254
248 253
247 251
245 249
244 248
243 246
241 244
240 243
238 241
237 239
235 237
234 236
232 234
230 232
229 231
227 229
226 228
224 226
223 225
221 223
220 222
218 220
217 218
216 217
214 215
213 214
211 212
210 210
208 209
207 207
205 206
204 204
202 202
201 201
200 199
198 198
197 196
195 195
194 194
193 192
192 191
190 190
189 189
188 188
187 187
186 187
186 186
185 185
184 184
183 183
182 182
182 181
183 180
183 179
184 179
185 178
185 177
186 176
187 175
187 174
188 173
189 172
190 170
191 169
192 167
193 166
195 164
196 162
197 161
199 159
200 157
202 155
204 153
205 151
207 149
209 147
211 146
212 144
214 142
216 140
218 138
220 136
222 134
224 132
226 129
228 127
230 126
232 124
234 122
236 120
238 118
240 116
241 115
243 113
245 111
247 109
249 107
252 105
254 103
256 101
258 99
261 97
263 95
265 94
267 92
269 90
271 88
273 87
275 85
277 83
279 82
281 80
282 78
284 77
286 75
288 74
290 72
291 71
293 70
294 69
295 68
296 67
297 66
298 66
299 65
300 64
301 64
301 63
302 63
302 63
