179
243 81
247 85
248 86
249 87
250 88
251 90
252 92
253 94
255 96
256 98
258 100
259 103
261 106
263 108
265 111
267 114
269 117
271 120
273 122
275 125
277 128
279 131
281 133
283 136
285 138
287 140
289 142
290 144
292 146
293 148
294 150
295 152
296 153
297 155
298 156
299 157
299 158
300 159
300 160
301 161
301 162
301 163
302 163
302 164
301 164
300 165
299 165
298 166
297 167
296 167
295 169
294 170
292 171
291 173
289 175
287 177
285 179
283 181
281 184
279 186
277 188
275 191
272 194
270 196
268 199
265 202
263 205
261 208
259 211
257 213
255 216
253 219
251 221
249 224
247 226
246 228
244 230
243 233
241 234
240 236
238 238
237 239
236 241
235 242
235 243
234 244
233 244
233 245
232 245
231 245
230 244
230 243
229 242
229 241
228 240
227 239
227 238
226 237
225 235
224 234
223 232
222 230
220 228
219 226
217 224
215 221
213 219
211 216
209 214
207 211
204 208
202 206
200 203
197 201
195 198
192 196
190 193
187 191
185 189
183 187
180 185
178 183
176 181
174 179
172 177
171 176
169 175
168 173
166 172
165 171
164 170
163 169
162 168
161 168
161 167
160 166
159 165
159 164
160 163
161 162
162 161
163 160
164 159
165 157
166 156
167 154
171 150
173 147
175 145
177 142
180 139
183 136
185 133
188 130
191 126
194 123
198 120
201 117
204 113
207 110
210 107
213 104
216 102
218 99
221 97
223 94
226 92
228 90
230 89
231 87
233 86
234 85
235 84
236 83
237 83
238 82
239 82
238 82
237 83
