300
274 44
278 47
279 48
280 49
281 50
282 51
283 51
284 52
285 53
285 54
286 55
287 57
288 58
289 59
290 61
290 62
291 63
293 65
294 66
295 67
296 69
298 70
299 72
301 74
302 75
304 78
305 80
306 82
307 84
309 85
310 87
311 89
313 91
314 93
315 95
317 97
319 99
320 101
322 103
324 105
325 107
327 110
328 112
330 114
331 115
333 117
334 119
336 121
337 123
339 125
340 127
342 129
343 131
345 133
346 135
348 136
349 138
351 140
352 141
353 143
354 144
355 146
356 147
357 149
358 150
359 152
360 153
361 154
362 155
362 156
363 157
364 157
364 158
365 158
365 159
366 159
366 160
366 161
365 161
364 162
363 163
362 163
360 163
359 164
358 164
357 165
356 165
355 166
354 166
352 167
351 168
350 169
348 170
346 171
345 172
343 173
341 174
339 175
337 176
335 177
333 178
331 179
329 180
326 181
324 182
322 183
319 184
317 185
314 186
312 187
309 188
307 189
304 190
302 192
299 193
296 194
294 196
291 197
288 198
286 200
283 201
280 202
277 203
275 204
272 205
269 206
266 208
264 209
261 210
258 211
256 212
253 214
251 215
248 216
246 217
244 218
242 220
240 221
238 222
237 223
235 223
233 224
232 225
230 225
229 226
228 226
227 226
226 226
225 227
224 227
223 227
222 226
221 226
220 226
220 225
219 225
219 224
218 224
217 223
217 222
216 222
215 221
214 220
213 219
212 217
211 216
209 215
208 214
207 212
206 211
205 209
203 208
201 205
200 204
199 202
198 201
197 199
195 197
194 196
193 194
192 192
191 190
189 188
188 186
186 184
185 183
183 181
182 179
180 177
179 175
178 173
176 171
175 169
174 167
173 166
171 164
170 162
169 160
167 159
166 157
164 155
163 153
162 152
160 150
159 148
158 147
157 145
156 143
155 142
154 141
153 139
153 138
152 137
151 137
151 136
150 135
150 134
149 134
149 133
148 132
148 131
149 130
149 129
150 129
150 128
151 127
152 126
152 125
153 125
154 124
155 123
156 122
158 121
159 120
161 118
163 117
164 116
166 115
168 114
169 113
171 112
172 110
174 109
176 108
178 106
179 105
181 103
183 102
185 100
188 98
190 97
192 95
194 94
196 93
198 91
201 90
203 89
205 87
208 86
210 85
212 83
214 82
216 80
218 79
220 78
222 76
224 75
226 74
228 73
230 71
231 70
233 70
235 69
237 68
238 67
240 66
241 65
243 65
244 64
245 63
247 62
248 61
250 60
251 59
252 58
254 58
255 57
257 56
258 55
259 55
261 54
262 53
263 52
264 52
264 51
265 51
265 50
266 50
267 50
268 49
