199
380 157
382 162
383 164
384 166
386 167
387 169
388 171
389 173
391 174
392 176
393 178
395 180
396 182
398 184
399 186
401 188
402 190
404 192
405 194
407 196
408 198
410 199
411 201
412 203
414 205
415 207
417 208
418 210
420 212
422 214
423 216
425 218
427 219
428 221
430 223
432 225
434 227
436 228
438 230
440 233
442 235
444 237
447 240
449 242
451 244
453 246
454 248
456 250
457 252
459 254
460 256
461 258
460 260
458 262
457 264
455 266
453 268
452 270
450 271
449 273
448 275
446 276
445 278
443 280
442 282
440 284
438 286
436 288
434 290
432 293
430 295
428 296
426 298
424 300
422 303
420 305
418 307
416 309
414 311
412 313
409 315
407 317
405 319
403 321
401 323
399 325
397 326
395 328
393 330
390 332
389 334
387 336
386 338
384 340
382 341
380 343
378 345
376 346
375 348
373 349
372 351
370 352
369 350
368 348
367 346
366 344
365 342
363 340
362 338
360 337
359 335
357 333
356 331
354 330
352 328
350 327
349 325
347 323
345 321
344 319
342 317
340 315
338 313
337 311
335 309
334 307
332 305
331 303
329 301
328 299
326 298
324 296
322 294
320 292
318 290
316 287
315 285
313 283
311 281
310 279
308 277
306 275
305 273
303 271
301 269
300 267
299 265
297 264
296 262
294 261
293 259
294 257
295 255
296 253
297 251
299 249
301 247
302 245
304 243
306 241
308 239
309 237
311 234
313 232
314 230
315 227
317 225
319 222
321 220
323 218
324 216
326 214
328 212
331 210
332 208
334 206
336 204
337 202
339 200
341 198
342 196
344 194
346 193
348 191
350 189
352 187
354 186
356 184
358 182
360 180
361 178
363 176
364 174
366 172
368 170
369 168
371 166
373 164
373 165
