195
236 66
239 71
240 72
240 73
241 75
242 77
243 78
244 80
245 82
247 85
248 87
250 90
251 92
253 95
255 98
257 102
260 105
262 108
265 112
267 115
270 119
273 122
276 126
279 130
282 133
285 136
288 140
291 143
294 146
296 149
299 152
302 155
304 157
307 160
309 162
311 164
312 166
314 168
315 170
317 171
318 173
319 174
320 175
320 176
321 177
322 178
322 179
321 180
320 180
319 181
318 181
317 182
316 183
315 184
314 185
312 186
310 188
309 189
307 191
304 194
302 196
300 198
297 201
294 204
291 207
288 210
285 213
282 216
279 219
276 223
272 226
269 230
266 233
262 237
259 241
256 244
252 248
249 251
246 254
243 258
240 261
238 264
235 266
233 269
231 271
229 274
227 276
225 277
224 279
223 280
222 281
221 283
220 283
219 284
218 284
217 283
216 282
216 281
215 280
215 279
214 278
213 277
211 275
210 274
208 272
207 270
205 268
203 266
200 264
198 261
195 259
192 256
189 254
186 251
183 248
179 246
176 243
172 240
169 237
165 234
162 231
158 229
155 226
151 223
148 220
145 218
141 215
138 212
136 210
133 207
130 205
128 203
126 201
124 199
122 197
121 196
120 194
118 193
117 192
117 191
116 190
116 189
115 189
115 188
115 187
115 186
116 186
116 185
117 184
118 184
119 183
120 182
122 180
124 179
125 177
128 175
130 173
133 170
136 168
139 165
142 162
146 158
150 155
154 151
158 147
162 143
167 139
171 135
176 131
180 126
185 122
189 118
194 114
198 111
202 107
206 104
210 100
214 97
217 94
220 92
223 89
226 87
229 85
231 83
233 81
234 80
236 79
237 78
238 77
239 77
240 76
239 76
239 77
238 77
238 78
