401
339 50
344 54
345 55
346 56
347 57
348 57
349 58
350 59
351 60
352 61
353 61
355 62
356 63
357 64
359 65
359 65
360 66
362 67
363 68
365 68
366 69
368 70
369 71
371 72
372 73
374 74
375 75
377 76
378 77
379 78
381 79
382 80
383 81
385 82
386 83
387 84
389 86
390 87
391 88
393 89
394 90
396 91
397 92
398 94
399 95
401 96
402 97
403 98
405 100
406 101
408 102
409 103
411 104
412 106
413 107
415 108
416 109
418 111
420 112
421 113
423 114
425 115
426 117
428 118
430 119
432 120
433 122
435 123
437 124
439 125
441 127
443 128
444 129
446 131
448 132
450 134
451 135
453 136
455 138
456 139
458 141
460 142
461 143
463 145
465 146
467 147
468 149
470 150
472 152
474 153
476 154
477 156
479 157
481 159
482 160
484 162
485 163
487 164
488 166
490 167
491 168
493 169
494 170
495 171
497 172
498 173
499 174
500 174
500 175
501 176
502 176
502 177
503 177
503 178
504 178
504 179
504 180
503 180
502 181
501 182
500 182
499 183
498 184
497 184
496 185
494 186
493 187
492 188
490 189
489 190
487 191
486 192
484 193
483 194
481 195
479 196
478 198
476 199
474 200
472 201
471 202
469 203
467 205
465 206
463 207
461 209
460 210
458 211
456 213
454 214
452 216
450 217
448 218
447 220
445 221
443 222
441 224
439 225
437 226
435 228
433 229
431 231
429 232
427 234
425 235
422 237
420 238
418 240
415 242
413 243
411 245
409 246
406 248
404 250
402 251
399 253
397 255
394 256
392 258
390 260
387 262
385 263
382 265
380 267
377 269
375 271
372 273
370 275
367 277
365 279
362 281
360 283
357 285
355 287
352 289
350 291
348 293
346 295
343 297
341 300
339 302
336 304
334 306
332 308
330 311
328 313
325 315
324 317
322 319
320 321
318 322
317 324
315 325
314 326
313 328
312 328
311 329
310 330
309 331
308 332
307 331
306 331
306 330
305 330
304 329
303 329
303 328
302 327
301 327
300 326
299 325
298 325
297 324
296 323
295 322
294 321
293 320
292 319
291 318
290 317
289 316
288 314
286 313
285 312
284 310
283 309
282 307
281 306
279 304
278 303
277 301
276 300
275 298
274 296
273 295
271 293
270 291
269 289
268 287
267 286
265 284
264 282
263 280
261 278
260 276
258 275
257 273
255 271
253 269
252 267
250 265
248 263
247 261
245 260
243 258
242 256
240 254
238 252
236 250
235 248
233 247
231 245
229 243
227 241
226 239
224 237
222 235
221 233
219 231
218 230
216 228
215 226
214 224
212 222
211 220
209 219
208 217
206 215
205 213
204 211
202 209
201 207
200 205
199 203
198 202
196 200
195 198
194 197
193 196
192 194
192 193
191 192
190 191
189 190
188 189
188 188
187 187
186 186
186 185
185 185
185 184
185 183
186 182
186 181
187 180
188 179
189 178
190 177
192 176
193 175
194 173
196 172
197 170
199 169
201 167
203 165
205 163
207 162
209 160
211 158
213 156
216 154
218 152
220 150
222 149
224 147
226 145
228 144
230 142
232 140
234 138
236 136
238 134
241 132
243 130
245 128
247 126
250 124
252 123
255 121
257 119
260 117
263 115
265 113
268 111
270 108
273 106
275 104
278 102
280 100
283 98
285 97
288 95
291 93
293 91
296 89
298 87
300 85
303 84
305 82
308 80
310 78
312 76
314 74
317 72
319 71
321 69
323 67
324 66
326 65
328 63
329 62
331 61
332 60
333 59
334 59
335 58
336 58
336 57
337 57
337 57
