313
269 45
272 49
273 49
274 50
274 51
275 51
276 52
277 53
278 54
279 55
280 56
281 57
282 59
283 60
284 61
286 63
287 64
288 65
289 66
290 68
292 69
293 70
295 72
296 73
298 75
300 77
302 79
303 81
305 83
307 85
309 87
310 89
312 91
314 93
316 95
318 97
321 99
323 101
325 103
327 105
330 107
332 110
334 112
336 114
338 116
340 118
342 120
344 122
346 124
348 127
350 129
352 131
353 133
355 135
357 137
358 138
360 140
362 142
364 143
365 145
367 147
368 149
370 151
372 153
373 154
374 155
375 157
377 158
378 159
379 160
380 161
380 162
381 163
382 164
383 165
384 166
385 167
385 168
386 168
386 169
387 169
387 170
387 171
387 172
386 173
385 174
384 175
383 176
382 177
381 178
380 178
379 179
378 180
376 181
375 182
373 183
372 184
370 185
368 186
366 187
364 189
362 190
360 192
358 193
356 194
354 196
352 197
350 199
347 200
345 201
342 203
340 204
337 205
335 207
332 208
329 209
327 210
324 212
322 214
319 215
316 217
314 218
311 220
308 221
306 223
303 224
300 226
298 227
295 228
293 229
290 231
288 232
285 233
283 235
281 236
279 238
277 239
274 241
272 242
270 243
268 245
267 246
265 247
264 248
263 249
261 249
260 250
259 251
258 251
257 252
255 253
254 253
253 254
253 255
252 255
251 255
251 256
250 256
249 256
249 255
248 255
247 254
246 254
245 253
244 252
243 252
242 251
241 250
240 249
239 249
238 248
237 247
236 245
234 244
233 243
231 241
230 239
228 238
227 236
225 235
224 233
223 231
221 230
220 228
219 227
217 225
216 224
214 222
213 220
211 218
210 216
208 214
206 212
205 210
203 209
201 207
200 205
199 203
197 202
196 200
194 198
193 196
192 195
190 193
189 191
187 189
186 187
184 186
183 185
181 183
180 182
179 180
178 179
177 177
176 176
175 174
174 173
173 171
172 170
171 169
170 167
169 166
169 165
168 163
167 162
166 161
165 160
164 159
163 158
162 157
161 157
161 156
160 155
159 154
159 153
158 153
158 152
157 152
157 151
157 150
156 150
156 149
157 149
157 148
158 147
159 147
160 146
161 145
162 144
164 143
165 142
167 140
168 139
170 138
172 136
173 135
175 133
177 131
179 129
181 128
183 126
186 124
188 122
190 120
192 118
195 116
197 115
199 113
201 111
203 109
205 107
208 105
210 103
213 101
215 99
217 97
220 95
222 93
224 92
226 90
228 89
230 88
232 86
234 85
236 83
238 81
240 80
242 78
243 77
245 75
246 74
248 72
250 71
251 70
253 69
255 68
256 67
258 66
259 65
260 64
261 63
262 63
263 62
264 61
264 60
264 59
264 60
265 60
266 60
267 60
268 59
269 59
269 58
