236
341 105
341 109
342 110
343 110
344 111
346 112
347 113
349 115
350 116
352 117
354 118
355 120
357 121
358 122
360 124
362 125
363 126
365 127
367 129
368 130
370 131
371 133
373 134
375 136
377 137
378 138
380 140
382 141
384 142
386 144
388 145
389 146
391 148
393 149
395 150
396 151
398 152
400 154
401 155
403 156
404 157
406 158
407 160
408 161
409 162
411 163
412 164
413 165
414 166
415 167
416 168
417 169
417 170
418 170
419 171
419 172
420 172
421 173
422 174
423 175
422 176
421 176
421 177
420 177
419 178
418 178
417 179
416 180
415 181
414 182
413 183
411 184
410 185
408 186
406 188
405 189
403 190
401 192
399 194
397 195
395 197
393 199
392 201
390 203
388 204
386 206
383 208
381 210
379 212
377 214
375 215
374 217
372 219
370 221
368 223
366 224
365 226
363 228
361 229
360 231
358 233
356 234
354 236
353 237
351 239
350 240
348 242
347 243
346 244
345 246
344 247
343 248
342 249
341 250
341 251
340 252
339 253
339 254
338 255
337 256
336 256
335 256
334 256
334 255
333 255
332 254
331 253
330 253
329 252
328 251
327 249
326 248
325 247
323 246
322 244
321 243
319 242
318 240
317 239
315 237
313 236
312 235
310 233
308 232
307 230
305 229
303 227
302 226
300 224
298 223
297 221
295 219
293 218
292 216
291 215
289 213
288 211
286 210
285 208
284 207
282 205
281 204
280 202
278 201
277 199
276 198
274 196
273 195
272 193
271 192
270 190
269 189
268 188
267 187
266 186
266 185
265 184
265 183
264 183
264 182
264 181
263 181
264 180
264 179
264 178
265 177
266 177
267 176
268 175
269 174
270 173
271 172
273 170
274 169
276 167
278 166
280 164
282 162
284 160
286 159
288 157
289 155
291 153
293 152
295 150
297 148
299 147
301 145
303 143
305 142
306 140
308 139
309 137
311 136
312 134
314 133
315 132
317 130
318 129
320 128
321 127
322 125
324 124
325 123
327 122
328 121
329 120
330 119
332 118
333 117
334 116
335 115
336 114
337 113
338 112
338 111
