273
284 47
286 51
287 52
287 53
288 54
288 55
289 56
289 57
290 58
291 59
292 61
293 62
294 64
295 65
296 66
297 67
298 69
300 70
301 71
302 73
304 74
305 76
306 78
307 79
308 81
310 83
311 85
312 87
313 89
314 90
316 92
317 94
319 95
320 97
322 99
323 101
325 103
326 105
328 107
329 109
330 110
331 112
332 114
333 115
334 116
335 118
336 119
337 121
338 122
339 124
340 125
341 127
342 128
343 130
344 131
345 132
346 134
347 134
348 135
349 136
349 137
350 137
351 138
351 139
352 140
352 141
353 141
353 142
353 143
352 143
351 144
350 145
349 145
348 146
347 146
346 147
345 148
344 149
343 149
342 150
341 151
340 152
339 153
337 154
336 155
335 156
333 157
332 157
331 158
329 159
327 160
325 161
323 162
321 163
319 163
317 165
315 166
313 167
311 168
309 170
307 171
305 172
302 174
300 175
297 177
295 178
292 179
289 180
287 181
284 183
282 184
279 185
277 186
274 187
272 188
269 190
267 191
265 192
263 194
261 195
259 196
257 197
255 198
253 199
251 200
250 201
249 202
248 202
247 203
246 203
245 204
244 204
243 204
243 205
242 205
241 204
240 204
240 203
239 202
238 202
238 201
237 200
236 200
235 199
234 198
233 197
232 195
231 194
230 193
229 192
227 190
226 189
225 188
224 186
223 185
222 184
221 183
220 181
219 180
218 178
217 177
216 175
215 174
214 172
212 170
211 168
210 166
209 164
208 163
207 161
205 160
204 158
203 157
202 155
201 154
200 152
199 150
198 148
197 147
196 145
195 143
194 142
193 140
192 139
191 137
190 136
188 135
187 133
186 132
185 131
184 129
183 128
182 126
181 125
180 123
179 122
178 121
177 120
177 119
176 118
175 117
175 116
174 116
174 115
174 114
174 113
173 113
173 112
174 112
175 111
176 110
177 110
178 109
179 108
180 107
181 106
182 105
184 104
185 103
187 102
189 101
190 100
192 99
193 97
195 97
196 95
198 94
200 93
201 92
203 91
204 90
206 89
208 88
210 87
212 86
214 85
216 84
218 82
220 81
222 80
223 78
225 77
227 76
230 74
232 73
234 72
236 71
238 69
240 68
242 67
244 66
245 66
247 65
249 64
251 63
253 62
254 61
256 60
257 59
259 58
260 57
261 56
262 55
263 54
265 53
266 52
267 52
268 51
269 50
270 50
271 49
272 49
273 48
