348
303 51
307 55
307 56
308 57
309 58
310 59
311 60
312 61
313 62
314 64
315 65
316 66
318 67
319 69
320 70
321 71
322 73
324 74
325 76
326 77
328 79
329 81
330 82
332 84
333 86
335 87
336 89
338 91
339 92
341 94
342 96
344 97
346 99
347 101
349 103
350 105
352 107
354 109
355 111
357 112
359 114
360 116
362 118
364 120
366 122
368 124
369 125
371 127
373 129
375 131
377 133
379 135
380 137
382 139
384 141
386 143
388 145
390 147
393 149
395 151
397 154
399 156
401 158
403 160
405 162
407 165
410 167
412 169
414 171
417 174
419 176
421 178
424 180
426 182
428 184
431 187
433 189
435 190
437 192
438 194
440 195
442 197
443 198
445 199
446 200
447 201
448 201
448 202
449 202
449 203
450 203
449 203
448 204
447 204
446 205
445 206
444 206
443 207
442 207
441 208
440 209
439 210
438 211
437 212
436 214
435 215
433 216
432 217
431 219
429 220
428 221
426 222
424 224
423 225
421 227
419 228
417 230
415 231
413 233
411 235
409 236
407 238
405 240
402 242
400 244
398 246
395 248
393 250
390 252
388 253
388 253
385 255
383 257
380 259
378 261
378 261
375 263
373 265
370 267
367 269
365 271
362 273
359 275
357 277
354 279
352 280
349 282
346 284
344 286
341 288
339 290
336 292
334 294
331 296
329 297
326 299
324 301
321 303
319 305
317 307
314 309
312 311
309 313
307 314
305 316
302 318
300 320
298 322
296 324
294 325
292 327
290 328
288 329
287 331
285 332
284 333
282 334
281 335
280 335
279 336
278 336
278 337
277 337
277 336
276 335
276 334
275 334
275 333
274 332
274 331
273 331
273 330
272 329
272 328
271 327
271 326
270 325
269 324
269 322
268 321
267 320
266 318
265 317
264 315
263 314
262 312
261 311
260 309
259 308
257 306
256 305
254 303
253 301
252 299
250 298
249 296
247 294
246 292
244 290
243 288
241 286
239 284
238 282
236 280
235 278
233 276
231 273
230 271
228 269
226 267
225 265
223 262
221 260
220 258
218 256
217 254
215 252
213 250
211 248
210 246
208 244
206 242
204 239
202 237
200 235
199 234
197 232
195 230
193 228
192 226
190 224
189 222
187 220
185 219
184 217
182 215
181 213
179 211
178 209
176 208
175 206
174 205
173 203
172 202
171 201
170 199
169 198
168 197
168 196
167 196
166 195
166 194
165 194
165 193
164 192
163 191
164 190
165 189
166 188
167 187
168 185
169 184
171 183
172 182
173 180
175 178
177 177
179 175
181 173
183 171
185 169
187 167
189 165
191 163
193 161
195 159
198 157
200 154
202 152
205 150
207 148
209 146
212 144
214 141
216 139
219 137
221 135
223 132
226 130
228 128
230 126
233 124
235 121
238 119
240 117
242 115
245 113
247 111
249 109
252 106
254 104
257 102
259 100
261 97
264 95
266 93
269 91
271 89
273 87
276 85
278 83
280 81
283 79
285 77
287 75
289 73
291 72
293 70
294 69
296 68
297 67
298 66
299 65
300 65
300 64
301 64
302 64
302 64
