195
385 131
385 134
386 136
387 138
389 140
390 142
391 144
393 145
394 147
396 149
397 151
399 154
401 156
403 158
404 160
406 162
408 165
409 167
411 169
412 171
413 173
414 175
415 177
416 179
417 181
419 183
420 185
421 187
422 189
423 191
424 193
426 195
427 197
428 199
429 201
430 203
432 205
433 207
435 210
436 212
437 214
438 216
440 218
441 220
442 223
444 225
445 228
447 230
448 232
450 234
451 236
453 238
451 237
449 239
447 240
445 241
443 243
440 244
438 245
436 246
433 248
430 249
427 251
424 252
421 253
418 255
416 257
414 258
411 259
409 261
406 262
404 264
401 265
399 266
397 267
395 269
393 270
391 271
389 273
387 275
385 276
382 277
380 279
378 280
376 282
374 284
372 285
370 287
367 289
365 291
362 292
360 294
358 295
355 297
353 298
351 299
349 300
347 301
345 302
343 301
342 299
340 298
339 296
338 294
336 293
334 291
333 289
331 288
329 286
328 284
326 282
324 280
322 278
320 276
318 274
316 271
314 269
313 267
311 265
310 263
308 261
307 259
306 257
304 255
303 253
301 251
299 249
297 247
295 245
293 243
292 241
291 239
289 237
287 235
286 232
284 230
283 228
281 226
279 224
278 222
276 220
275 218
273 216
271 214
269 212
268 210
266 209
264 207
263 205
264 203
266 202
268 201
270 200
272 198
274 197
276 196
278 195
281 194
284 192
287 190
289 189
292 188
294 187
297 185
300 184
302 183
305 181
308 180
309 178
312 177
314 176
316 175
319 173
322 171
324 170
327 169
330 167
333 166
336 164
339 163
342 161
345 159
348 158
351 156
354 155
356 154
359 152
362 151
364 149
367 148
369 147
371 146
373 145
375 144
376 145
