304
312 46
316 50
316 51
317 53
318 54
319 55
320 57
321 58
322 60
323 62
324 63
325 65
327 67
328 69
329 71
331 73
332 75
333 77
335 79
337 81
338 83
340 86
342 88
343 90
345 92
347 95
349 97
351 99
353 102
355 104
357 107
359 109
361 111
363 114
365 116
368 119
370 121
372 124
374 126
377 129
379 132
381 134
383 137
385 139
388 142
390 144
392 146
394 149
397 151
399 153
401 156
403 158
405 160
407 163
409 165
412 167
414 169
416 171
418 173
420 175
422 176
424 178
425 180
427 182
429 183
430 185
432 186
433 187
434 188
435 189
436 190
436 191
437 191
437 192
438 192
437 193
436 194
435 195
434 195
433 196
432 197
431 198
430 199
429 200
428 201
426 202
425 203
423 204
422 205
420 206
419 208
417 209
415 211
414 212
412 214
410 215
408 217
407 218
405 220
403 222
401 223
398 225
396 226
394 228
392 230
390 231
387 233
385 235
383 237
381 239
379 240
376 242
374 244
372 246
369 248
367 250
365 251
362 253
360 255
357 257
355 259
353 261
350 263
348 265
345 267
343 269
340 271
338 273
335 275
333 277
330 278
328 280
326 282
324 284
322 286
320 288
318 290
315 292
313 294
311 296
309 298
307 299
305 301
304 303
302 304
300 306
299 307
298 308
296 309
295 310
294 311
293 312
293 313
292 313
291 314
290 314
290 313
289 313
288 312
287 311
286 310
285 310
284 309
283 308
282 307
281 306
280 305
279 304
278 303
277 301
275 300
274 299
273 297
271 296
270 294
269 292
267 291
266 289
264 287
263 285
261 284
259 282
258 280
256 278
254 276
253 274
251 272
250 270
248 267
246 265
245 263
243 261
241 259
240 256
238 254
236 252
234 250
233 248
231 246
229 243
227 241
225 239
223 236
221 234
219 232
217 230
216 228
214 226
211 224
209 222
207 219
205 217
203 215
201 213
200 211
198 209
196 207
194 205
193 203
191 202
190 200
189 199
188 197
186 196
185 195
184 194
184 193
183 192
182 191
182 190
181 189
180 188
180 187
179 187
179 186
179 185
180 184
181 183
181 182
182 181
183 180
184 179
185 178
186 177
187 175
189 174
190 172
192 170
194 168
195 166
198 164
200 162
202 159
204 157
207 155
209 152
212 150
214 148
217 146
219 143
221 141
224 139
226 136
229 134
232 131
234 129
237 127
239 124
242 122
244 120
247 117
249 115
252 113
255 110
257 108
260 105
262 103
265 101
267 98
270 96
272 94
274 92
277 89
279 87
281 85
284 83
286 81
288 78
291 76
293 74
295 72
297 70
298 69
300 67
301 66
303 64
304 63
305 62
306 61
307 61
307 60
308 60
309 59
309 59
