256
328 81
330 82
331 82
332 83
334 83
335 84
336 84
337 85
339 85
340 86
342 87
343 88
344 88
346 89
348 90
349 91
351 92
352 93
354 94
356 95
357 96
359 97
360 98
361 99
363 101
364 102
366 103
367 104
368 106
370 107
371 109
373 110
374 111
376 113
377 114
379 115
380 116
382 118
383 119
385 120
386 121
388 123
389 124
390 125
392 127
393 128
394 129
395 130
396 131
398 132
399 133
399 134
400 135
401 136
402 137
403 138
404 139
405 140
406 140
406 141
407 142
408 143
409 144
410 144
410 145
411 145
411 146
412 146
412 147
413 147
414 148
414 149
415 149
414 150
414 151
413 151
413 152
412 152
411 153
410 154
409 155
408 156
407 157
406 159
404 160
403 162
401 164
399 166
398 168
396 170
394 172
393 174
391 176
389 178
387 180
386 183
384 185
382 187
380 189
378 191
377 193
375 195
374 197
372 200
371 202
370 204
368 206
367 207
366 209
365 211
363 213
362 215
361 217
360 218
358 220
357 222
356 223
355 225
354 226
353 228
352 229
351 230
350 232
349 233
348 234
347 236
347 237
346 238
345 239
344 240
344 241
343 242
342 242
342 243
341 244
340 244
340 245
339 245
338 244
337 244
336 243
335 242
334 241
332 241
331 240
330 239
328 238
327 237
325 235
323 234
322 233
320 232
318 231
316 230
314 228
312 227
310 226
308 225
306 224
304 222
302 221
301 220
299 218
297 217
295 215
293 214
291 213
290 211
288 210
286 208
284 207
282 206
280 204
279 203
277 202
275 201
273 199
272 198
270 197
268 196
267 195
266 194
264 192
263 191
261 190
260 189
259 188
258 188
257 187
256 186
255 186
254 185
253 184
252 183
252 182
253 181
253 180
253 179
254 178
254 177
255 176
256 175
257 173
257 172
258 170
259 169
261 167
262 165
263 163
264 161
266 159
267 157
268 155
270 152
271 150
273 148
274 146
276 144
277 142
279 140
280 137
282 135
284 133
285 131
286 129
288 127
289 126
291 124
292 122
294 120
295 118
296 117
298 115
299 113
300 112
302 110
303 109
304 107
306 106
307 105
308 103
309 102
310 101
312 100
313 99
314 98
315 97
316 96
317 95
318 94
319 93
320 92
321 91
321 90
322 89
322 88
