344
298 50
302 55
303 56
304 57
304 58
305 59
306 60
307 61
308 62
309 63
310 65
311 66
312 67
314 69
315 70
316 71
317 73
319 74
320 76
321 77
323 79
324 81
325 82
327 84
328 86
330 88
331 89
333 91
335 93
337 95
339 96
341 98
342 100
344 102
346 104
348 106
350 108
352 110
354 112
356 115
359 117
361 119
363 121
365 123
368 125
370 128
372 130
375 132
377 135
379 137
381 140
384 142
386 144
389 147
391 149
393 151
396 154
398 156
401 159
403 161
405 163
407 166
410 168
412 170
415 173
417 175
419 177
421 179
424 181
426 184
428 186
430 188
432 189
434 191
435 193
437 194
439 196
440 197
441 198
443 199
444 200
445 201
446 201
446 202
447 202
447 203
448 203
448 204
447 204
447 205
446 206
445 206
444 207
443 208
442 209
441 210
440 212
438 213
437 214
436 215
434 217
433 218
431 220
430 221
428 223
426 224
424 226
422 228
420 229
418 231
416 233
414 235
411 237
409 239
406 241
404 243
401 245
398 247
396 249
393 251
390 253
387 255
384 257
381 259
378 261
375 263
373 265
370 267
367 269
364 271
361 273
358 275
355 277
352 279
349 281
346 283
343 285
341 287
338 289
335 291
333 293
330 295
328 297
325 299
323 300
321 302
319 304
316 306
314 307
312 309
310 311
308 312
306 314
303 316
302 317
300 319
298 321
296 322
294 324
293 326
291 327
289 329
288 330
286 331
284 332
283 334
282 334
281 335
280 336
279 337
278 337
278 338
277 338
276 338
275 338
275 337
274 337
274 336
273 335
272 334
271 333
271 332
270 332
269 331
268 330
268 328
267 327
266 326
265 325
264 324
263 322
262 321
261 319
260 318
259 316
257 315
256 313
255 312
254 310
253 309
252 307
250 305
249 304
248 302
247 300
245 298
244 296
243 294
241 293
240 291
239 289
237 287
236 285
234 283
233 281
231 279
230 277
228 274
227 272
225 270
224 268
222 266
221 264
219 261
218 259
216 257
215 255
213 253
211 250
210 248
208 246
207 244
205 242
203 239
202 237
200 235
199 233
197 231
196 229
195 227
193 225
192 223
191 221
189 219
188 217
187 215
186 213
184 211
183 209
182 207
181 205
179 204
178 202
177 201
176 199
175 198
174 197
173 196
172 194
172 193
171 193
171 192
170 191
169 190
169 189
168 189
168 188
169 187
170 186
171 185
172 184
173 183
174 182
175 181
176 179
177 178
179 177
180 175
181 174
183 172
184 171
186 169
188 167
189 165
191 163
193 162
194 160
196 158
198 156
200 154
202 152
204 150
206 148
208 146
210 144
212 142
214 140
217 137
219 135
221 133
223 131
225 129
227 126
229 124
232 122
234 120
236 118
238 116
240 114
243 111
245 109
247 107
249 105
251 103
253 100
255 98
258 96
260 94
262 92
264 90
266 88
268 86
270 84
272 82
274 80
276 78
278 76
280 74
282 73
283 71
285 70
286 69
288 67
289 66
290 65
292 64
293 63
294 63
294 62
295 62
296 61
297 61
297 62
297 62
