187
396 141
400 145
401 147
402 150
403 152
404 154
405 156
407 158
408 160
410 162
411 164
413 166
414 168
416 170
417 172
418 174
420 176
421 179
423 181
424 183
425 185
426 187
428 189
429 191
430 193
431 195
433 197
434 200
435 202
437 204
438 207
439 209
441 211
442 213
444 215
445 218
447 220
448 222
450 225
452 227
453 229
455 231
456 233
458 235
459 237
461 239
463 241
464 243
466 245
467 247
465 248
464 250
462 251
461 253
459 254
457 256
455 258
453 260
452 262
450 263
449 265
447 267
446 269
444 271
442 273
440 275
439 277
437 279
435 281
433 283
431 285
429 287
427 289
425 291
423 293
421 295
419 297
417 299
415 301
413 303
410 305
408 307
406 309
404 311
402 312
400 314
398 316
396 318
394 320
392 321
390 323
388 325
386 327
384 328
382 330
380 331
378 332
377 330
376 328
375 326
373 325
372 323
370 322
369 320
367 318
366 316
365 314
363 313
362 311
361 309
360 307
359 305
357 303
356 301
354 299
352 297
351 295
349 293
348 291
346 289
344 287
343 285
341 283
339 280
338 278
336 276
335 274
333 271
331 269
330 267
328 264
326 262
324 260
323 258
321 255
319 253
317 251
316 249
314 247
312 245
313 243
314 241
316 239
317 237
319 236
321 234
322 232
324 230
326 228
327 226
329 224
331 222
333 220
335 218
337 216
339 213
340 211
342 209
344 206
346 204
348 202
350 199
352 197
354 195
356 193
357 191
359 189
361 187
363 184
365 182
367 180
369 177
371 175
372 173
375 171
376 169
378 167
380 166
381 164
383 162
385 160
387 158
388 156
390 155
391 153
393 151
393 150
