202
380 126
382 129
384 131
385 133
387 135
388 137
390 139
391 141
393 142
394 144
396 146
397 148
399 149
400 152
402 153
403 155
404 157
406 159
408 161
410 162
411 164
413 166
414 168
416 170
417 172
419 174
420 176
421 178
423 180
424 182
426 183
427 185
428 187
430 189
431 191
433 192
434 194
436 196
437 198
439 200
440 202
441 204
443 206
444 208
446 210
448 212
450 213
451 215
453 216
455 218
457 219
456 221
455 223
453 224
451 225
450 227
448 228
446 230
444 232
442 233
440 235
438 236
435 238
433 239
431 241
429 242
427 243
425 245
422 247
420 249
418 250
416 252
413 254
411 256
409 257
407 259
405 261
403 263
400 264
398 266
396 268
394 269
392 271
390 272
388 274
386 276
384 277
382 279
380 280
378 281
376 283
374 285
372 286
370 288
368 289
365 291
363 292
361 293
359 294
357 295
355 296
353 298
351 297
350 295
348 294
346 292
344 291
343 289
341 288
339 286
337 285
335 284
333 282
331 280
329 279
327 277
325 276
323 274
321 273
319 271
317 269
315 268
313 266
311 264
309 262
307 260
305 259
303 257
301 255
299 253
297 251
295 249
293 248
291 246
289 244
287 242
285 240
283 238
281 236
279 234
278 232
276 230
274 228
272 226
270 225
269 223
267 221
265 220
263 218
261 217
260 215
261 213
263 212
265 210
267 209
269 207
272 206
274 204
276 203
278 200
281 198
283 196
285 195
287 193
289 192
291 190
294 188
297 186
300 183
302 182
305 180
306 178
308 177
310 176
311 174
313 173
316 171
318 170
321 168
324 166
327 164
330 162
331 160
333 159
336 157
339 155
341 152
344 150
346 148
349 146
351 144
353 143
355 141
357 140
359 139
361 137
363 136
365 135
367 134
369 133
371 132
372 131
