183
374 129
377 133
378 135
379 137
380 139
382 141
383 143
385 145
386 147
387 149
389 151
391 153
393 155
395 157
396 159
398 161
400 163
402 165
404 167
406 169
408 171
410 173
412 175
413 177
415 179
417 181
418 183
420 185
422 187
423 189
425 191
427 193
429 195
431 198
433 200
435 203
437 205
440 208
442 210
444 213
446 215
448 217
450 219
452 220
454 222
452 223
451 225
450 227
449 229
448 231
446 232
445 234
444 236
442 238
441 240
440 242
439 244
438 246
436 248
435 251
433 253
432 256
430 258
429 260
427 263
425 266
423 268
422 270
420 272
419 274
417 276
415 278
414 280
412 282
411 285
409 287
407 289
406 291
404 293
402 295
400 297
399 299
397 301
395 303
393 306
392 308
390 310
388 312
387 314
385 316
383 317
382 315
381 313
380 311
378 309
376 307
374 305
372 303
370 302
368 300
367 298
365 297
364 295
362 293
361 291
360 289
359 287
358 285
356 283
355 281
354 279
353 277
352 275
350 273
349 271
348 269
346 267
345 265
344 263
342 262
341 260
339 258
338 256
337 254
335 252
334 250
333 248
331 246
330 244
328 242
327 240
325 238
323 236
322 234
321 232
320 230
318 228
317 226
315 224
314 222
313 220
315 218
316 216
318 215
320 213
321 211
323 210
325 208
327 206
328 204
330 202
332 200
334 198
336 196
337 194
339 192
340 190
342 188
343 186
344 184
346 183
347 181
348 178
349 176
351 175
352 173
353 171
355 169
356 167
357 165
358 163
360 162
361 160
362 158
363 156
365 154
366 152
368 150
369 148
370 146
371 144
373 142
374 141
