272
276 46
280 50
281 50
281 51
282 52
283 53
284 54
285 55
286 56
287 57
288 58
289 59
290 61
291 62
292 63
293 65
295 66
296 67
297 69
299 70
300 71
302 73
303 75
305 77
306 78
308 80
309 82
311 84
312 86
313 88
315 90
317 92
319 94
320 96
322 98
324 100
326 102
328 104
330 106
332 108
333 110
335 112
337 114
338 116
340 118
342 120
344 122
346 124
348 126
350 128
351 130
353 132
354 133
356 135
357 136
359 137
360 138
361 139
363 140
364 141
365 142
366 143
367 144
368 145
368 146
369 146
369 147
369 148
368 148
368 149
367 149
367 150
366 151
365 151
364 152
363 153
362 154
361 154
361 155
359 156
358 157
357 158
356 159
355 160
354 161
352 162
350 163
349 164
347 166
345 168
343 169
341 171
339 172
337 174
335 176
333 178
330 180
328 181
325 183
323 185
320 186
317 188
315 190
312 192
309 194
307 196
304 198
301 200
298 202
295 204
292 206
289 208
286 210
283 212
281 214
278 216
275 218
272 220
270 222
267 224
265 226
262 228
260 229
258 231
256 232
254 233
253 234
251 235
249 236
248 237
247 238
247 239
246 239
246 240
245 240
244 240
243 240
242 239
241 239
241 238
240 238
239 237
238 236
237 236
236 235
235 234
233 234
232 233
230 232
229 231
227 230
225 229
224 228
222 227
221 226
219 225
217 224
215 223
213 221
211 220
209 219
207 217
204 215
202 214
200 212
198 211
196 209
193 208
191 207
189 205
186 204
184 202
182 201
180 200
178 198
176 196
174 195
172 193
170 192
168 190
166 188
164 187
162 186
161 184
159 183
158 182
156 181
155 180
154 179
153 179
152 178
151 177
150 176
150 175
149 175
149 174
148 174
148 173
147 172
147 171
147 170
147 169
148 169
148 168
149 168
149 167
150 166
150 165
151 164
152 163
153 162
154 161
155 160
156 158
157 157
159 155
161 153
163 152
164 150
166 148
168 145
170 143
172 141
174 139
176 137
178 135
180 133
182 130
185 128
188 126
190 123
193 121
195 118
198 116
200 113
202 111
205 109
207 106
210 104
212 101
215 99
217 96
219 94
222 92
224 90
226 88
228 86
231 84
233 81
235 79
237 77
239 75
241 73
243 72
245 70
247 68
249 67
250 66
252 64
254 63
256 61
257 60
259 59
260 57
262 56
263 55
264 54
264 53
264 52
264 53
265 54
266 54
