314
279 45
283 48
284 48
284 49
285 50
286 51
286 52
287 53
288 54
288 55
289 56
290 57
290 59
291 60
292 61
293 62
294 64
296 65
297 66
298 67
299 68
301 70
302 71
304 72
305 73
306 75
308 76
309 78
310 80
311 82
313 83
314 85
315 86
317 88
318 89
320 91
321 92
323 94
324 95
326 97
327 98
329 100
330 102
332 104
333 106
334 107
335 109
337 110
338 112
340 113
341 114
342 116
344 117
345 118
347 120
348 122
349 123
351 124
352 126
353 127
354 129
355 130
356 131
357 132
357 133
358 134
359 135
360 135
361 136
362 137
363 138
364 139
365 140
365 141
366 141
366 142
365 142
365 143
364 143
363 144
362 145
361 145
361 146
360 146
360 147
359 148
358 149
357 150
356 150
355 151
354 152
353 153
352 154
351 155
350 156
349 157
347 158
346 158
344 159
343 160
341 161
340 162
338 163
336 164
335 166
333 167
332 168
330 169
328 171
327 172
325 174
322 175
320 177
318 178
316 179
314 180
311 182
309 183
307 184
305 186
302 187
300 189
298 190
296 192
293 193
291 195
289 196
288 198
286 199
284 200
282 201
281 202
279 203
277 204
275 205
274 206
272 207
271 207
270 208
269 209
268 210
267 210
266 211
265 212
264 212
264 213
264 214
263 214
263 213
262 213
262 212
261 212
260 211
259 210
258 210
257 210
256 209
255 209
254 208
253 207
252 206
251 206
250 205
249 204
248 203
247 202
245 201
244 200
243 198
242 197
241 195
240 194
238 192
237 191
236 189
234 187
233 186
232 184
230 183
229 182
227 180
226 179
225 177
224 176
222 174
221 172
220 171
219 169
218 167
217 166
215 164
214 163
213 161
211 160
210 158
209 157
208 155
206 154
205 153
204 151
203 150
202 148
201 147
200 145
199 144
198 143
197 141
197 140
196 139
196 138
195 137
194 136
194 135
193 135
192 134
192 133
191 132
190 131
190 130
189 129
189 128
188 128
188 127
187 126
187 125
186 124
186 123
186 122
187 122
187 121
188 121
188 120
189 120
189 119
190 119
191 118
191 117
192 116
193 116
194 115
194 114
195 113
196 112
197 112
198 111
199 110
200 109
201 107
202 106
203 105
204 104
206 102
207 101
208 100
210 99
212 98
213 97
215 95
216 94
218 93
219 92
220 91
222 90
223 89
224 88
225 87
227 86
228 85
230 84
231 83
233 82
234 80
236 79
237 78
238 77
239 76
241 75
242 74
243 73
244 72
245 71
246 70
247 69
248 68
249 68
250 67
251 66
253 65
254 64
255 63
257 62
258 61
260 60
261 59
262 58
264 57
265 56
266 55
267 54
268 53
269 53
270 52
271 51
272 51
273 50
274 50
274 49
275 49
274 49
275 49
274 49
275 49
275 50
276 49
