313
296 72
303 70
305 71
306 71
308 72
309 72
311 73
313 73
315 74
316 75
318 76
320 77
322 77
324 78
327 80
329 81
331 82
333 83
336 84
338 85
340 86
343 87
345 89
347 90
350 91
352 92
354 93
356 94
358 95
361 96
363 97
365 99
367 100
369 101
370 102
372 104
374 105
376 106
378 107
380 109
381 110
383 111
385 112
387 114
388 115
390 116
392 117
393 118
395 119
396 120
398 121
399 122
401 123
403 124
404 125
406 126
407 127
409 128
410 129
412 130
413 131
415 132
416 133
418 134
419 135
420 135
421 136
422 137
423 137
424 138
425 138
426 139
427 139
427 140
428 140
429 140
429 141
430 141
429 142
429 143
428 143
427 144
426 145
425 145
424 146
423 147
422 148
420 148
419 149
417 151
416 152
414 153
413 154
411 156
409 157
408 159
406 161
404 162
402 164
400 166
399 168
397 170
395 171
393 173
391 175
390 177
388 178
386 180
384 182
382 184
380 186
379 188
377 190
375 192
373 194
371 196
369 198
368 199
366 201
364 203
363 204
361 206
360 208
358 209
357 211
355 213
353 215
352 216
350 218
349 220
347 222
346 223
344 225
343 227
342 228
340 230
339 232
338 233
336 235
335 236
334 238
332 239
331 241
330 242
328 244
327 245
326 247
324 248
323 250
322 251
321 252
320 253
319 254
318 255
318 256
317 257
316 258
315 259
314 260
313 261
312 261
312 262
311 262
310 262
309 262
308 262
307 262
306 261
305 261
303 260
302 259
301 258
300 257
298 256
297 255
295 254
294 253
292 252
291 251
289 249
288 248
286 247
285 245
283 244
281 242
280 241
278 239
276 238
275 237
273 235
271 234
270 233
268 231
266 230
265 228
263 227
262 225
260 224
258 223
257 221
255 220
253 218
252 217
250 216
248 214
247 213
245 212
243 210
242 209
241 207
239 206
238 205
236 203
235 202
233 201
232 199
231 198
229 196
228 195
227 194
225 192
224 191
223 190
221 188
220 187
219 186
218 185
217 184
216 183
215 182
214 181
213 181
213 180
212 179
211 178
211 177
210 177
210 176
211 176
212 175
213 174
214 173
215 172
216 172
217 171
218 170
219 169
221 167
222 166
224 165
225 163
227 161
229 160
230 158
232 156
234 154
235 153
237 151
239 149
240 147
242 145
244 144
245 142
247 140
249 138
251 136
252 134
254 133
255 131
257 129
258 128
260 126
261 125
263 123
264 121
266 119
267 118
269 116
270 114
272 112
274 110
275 108
277 107
279 105
280 103
282 102
283 100
284 99
286 97
287 96
288 94
289 93
290 92
291 90
292 89
293 88
294 87
294 86
295 86
296 85
296 84
297 83
298 83
298 82
299 82
299 81
300 81
300 80
301 79
301 78
302 78
303 77
304 76
