175
384 131
386 135
387 137
388 139
389 142
390 144
391 146
392 148
393 150
394 152
396 154
397 156
398 158
400 160
401 162
403 164
405 166
407 168
409 170
411 172
412 175
414 177
415 179
417 181
419 183
420 185
422 187
423 189
424 191
426 193
428 195
430 197
431 199
433 201
434 203
436 205
438 208
439 210
441 212
443 215
444 217
446 219
447 222
448 224
450 226
451 228
452 230
453 232
453 235
451 237
450 239
449 241
447 243
446 245
444 247
443 249
441 251
440 253
438 255
436 257
435 259
433 261
432 263
430 264
429 266
427 268
426 270
424 272
422 274
421 277
419 279
418 281
416 283
414 285
413 288
410 290
408 292
406 294
404 296
402 298
401 301
399 303
397 306
395 308
394 310
392 312
391 314
389 315
388 313
387 311
386 309
385 307
383 305
381 303
380 301
378 299
376 297
375 295
373 293
372 291
370 289
369 287
368 285
367 283
366 281
365 278
364 276
363 274
361 272
360 270
359 268
357 266
356 264
355 262
353 260
352 258
351 256
349 254
348 251
346 249
345 247
344 245
343 243
342 241
340 239
339 237
338 235
337 233
336 231
334 229
333 227
332 225
330 223
330 220
332 218
333 216
335 214
337 212
338 210
339 208
341 206
342 204
343 202
345 200
346 198
347 196
349 195
350 193
351 191
353 189
354 187
356 185
357 183
358 181
359 179
360 177
361 175
362 173
364 171
365 169
367 167
368 165
369 163
370 161
371 159
373 157
374 155
376 153
377 151
379 149
380 147
382 145
383 143
385 142
386 141
