209
218 78
223 82
224 83
225 84
226 85
228 86
229 87
231 88
232 89
234 91
237 93
239 94
241 96
244 98
247 100
249 102
252 104
255 106
258 108
261 110
264 112
267 114
270 116
273 118
276 120
279 123
282 125
285 127
288 129
290 132
293 134
295 136
297 138
299 140
301 141
303 143
305 145
307 146
308 148
310 149
311 150
312 151
313 152
314 153
315 154
316 155
317 155
317 156
318 156
318 157
319 157
318 157
318 158
317 158
317 159
316 160
316 161
315 162
315 163
314 164
313 165
312 167
311 168
310 170
309 171
308 173
307 175
305 177
304 179
302 181
301 184
299 186
297 188
295 191
294 193
292 196
290 199
288 202
286 204
284 207
282 210
280 213
278 216
276 218
273 221
272 224
270 226
268 229
266 232
264 234
263 236
261 239
259 241
258 243
257 245
255 247
254 249
253 251
252 252
251 254
250 255
249 256
249 258
248 259
247 260
247 261
246 262
245 262
244 262
244 261
243 261
242 260
241 259
240 258
239 258
238 257
236 256
235 254
233 253
232 252
230 251
228 249
226 248
223 246
221 245
218 243
216 242
213 240
211 239
208 237
205 235
202 233
200 232
197 230
194 228
191 226
188 224
186 223
183 221
180 219
178 217
175 215
173 213
170 211
168 209
165 207
163 205
161 203
158 201
156 200
154 198
152 196
151 195
149 194
148 192
146 191
145 190
144 189
143 188
142 187
141 187
140 186
140 185
139 185
139 184
140 183
141 182
142 182
142 181
143 179
144 178
145 177
146 175
148 173
149 170
151 168
153 165
155 162
157 159
160 156
162 152
165 149
167 145
170 141
173 138
175 134
178 130
181 126
184 122
187 118
189 115
192 111
195 108
197 104
200 101
202 98
204 95
206 92
208 90
210 87
211 85
212 84
213 83
214 81
215 81
215 80
216 80
216 79
216 80
