166
389 126
392 131
393 133
394 135
395 137
396 139
398 141
399 143
401 145
402 147
404 150
406 152
407 154
409 156
410 158
412 160
414 163
415 165
416 167
418 169
420 171
421 173
423 175
424 178
426 180
428 183
430 185
432 187
433 189
434 191
436 193
438 196
440 198
442 201
444 204
446 207
448 209
449 211
451 213
453 215
454 217
456 219
458 221
457 223
456 225
455 227
454 229
452 231
451 234
449 236
448 238
446 240
445 242
444 244
442 246
441 248
439 251
437 252
435 255
433 257
431 260
428 262
426 264
424 266
422 269
420 271
419 273
417 275
415 277
413 280
412 282
410 284
408 287
405 289
403 291
402 293
400 295
399 297
397 298
396 300
394 302
393 304
392 302
392 299
391 297
390 295
389 293
388 290
387 288
386 286
385 284
384 282
383 280
382 278
381 276
380 274
379 272
378 270
377 268
376 266
375 264
374 262
373 260
372 258
371 256
370 254
369 252
367 250
366 248
365 246
364 244
362 242
361 240
360 238
359 236
358 234
357 232
356 230
355 227
354 225
353 223
351 221
350 219
349 217
348 215
346 213
345 211
344 209
343 207
344 205
345 203
347 201
349 199
350 197
352 196
354 194
356 192
358 190
360 188
361 186
363 184
365 182
366 180
368 178
369 176
370 174
372 172
373 170
374 168
376 166
377 164
379 163
380 161
381 159
383 157
384 155
386 153
387 151
389 149
390 146
391 144
393 142
394 140
395 138
397 136
398 136
