261
328 91
332 94
333 95
334 96
335 96
336 97
338 98
339 99
340 100
342 101
343 102
345 103
346 104
348 105
349 107
350 108
352 109
353 111
354 112
356 114
357 115
358 116
360 118
361 119
362 120
364 122
365 123
366 124
367 126
368 127
369 128
371 130
372 131
373 133
374 134
375 136
377 137
378 139
379 140
381 141
382 143
383 144
385 146
386 147
387 148
388 150
390 151
391 152
392 153
393 154
394 156
395 157
396 158
397 159
398 160
399 161
400 161
401 162
401 163
402 164
403 164
403 165
404 165
404 166
405 167
405 168
404 169
404 170
403 170
402 171
401 172
400 173
399 174
398 175
397 176
395 177
394 178
393 179
391 180
390 181
388 182
387 183
385 185
384 186
382 188
380 189
379 191
377 192
375 194
374 196
372 198
371 199
369 201
367 203
366 204
364 206
363 208
362 209
360 211
359 212
357 213
356 215
354 216
353 218
351 219
350 221
348 222
347 223
346 225
344 226
343 228
341 229
340 230
339 232
338 233
337 234
335 236
334 237
333 238
332 239
331 240
331 242
330 243
329 244
328 245
327 246
327 247
326 247
325 248
324 249
323 249
322 249
321 249
320 249
319 248
318 248
316 247
315 246
314 245
312 244
310 243
309 242
307 241
305 240
304 239
302 237
300 236
298 235
297 233
295 232
293 231
291 229
289 228
288 227
286 225
284 224
283 222
281 221
279 220
278 218
276 217
275 216
273 214
272 213
270 212
269 211
267 209
266 208
264 207
263 206
262 205
260 204
259 202
258 201
257 200
256 199
254 198
253 197
252 196
251 195
250 194
249 194
248 193
247 192
246 191
245 191
245 190
244 190
244 189
243 189
243 188
243 187
244 187
244 186
245 186
245 185
246 184
247 183
248 182
250 181
251 180
252 179
254 177
255 176
257 174
259 172
260 170
262 168
264 166
265 164
267 162
269 160
271 158
273 156
274 154
276 152
278 150
279 148
281 146
283 144
284 142
286 140
288 138
289 136
291 134
292 132
294 131
295 129
297 127
298 126
300 124
301 123
303 121
304 120
306 118
307 117
308 116
309 115
310 113
312 112
313 111
314 110
315 109
316 108
316 107
317 106
318 105
319 105
319 104
320 103
321 103
321 102
322 102
323 101
324 100
325 99
326 99
326 98
327 97
328 96
328 95
