197
238 90
240 93
240 95
241 96
242 98
243 100
244 102
245 104
246 106
247 108
249 111
250 113
252 116
253 119
255 122
256 125
258 128
260 131
262 135
263 138
265 141
267 144
269 147
271 150
273 154
275 157
277 160
279 162
280 165
282 168
283 170
285 173
286 175
287 177
288 179
289 181
290 182
290 184
291 185
291 187
292 188
292 189
293 190
293 191
292 192
291 192
291 193
290 193
290 194
289 194
288 195
287 196
286 197
285 198
284 199
282 200
281 202
279 203
277 205
275 207
273 209
271 211
269 213
267 215
264 217
262 219
259 221
257 223
255 226
252 228
250 230
247 233
244 235
242 238
239 240
236 242
234 245
231 247
229 250
227 252
224 255
222 257
220 259
218 261
216 264
214 266
213 268
211 270
210 272
208 273
207 275
206 277
206 278
205 279
204 280
204 281
203 281
203 280
202 279
202 278
201 277
201 276
200 275
199 274
198 273
197 272
196 271
195 269
194 268
192 267
190 265
188 263
187 261
185 259
183 256
180 254
178 252
176 249
174 246
172 244
169 241
167 238
164 235
162 233
159 229
157 226
154 223
152 220
150 217
148 214
145 211
143 208
141 205
139 202
137 199
135 196
133 194
132 192
130 190
129 188
127 186
126 184
125 183
124 181
124 180
123 179
122 178
122 177
121 176
121 175
120 175
120 174
121 174
122 173
123 172
124 171
125 170
127 169
128 168
130 166
132 165
134 163
136 161
139 159
142 157
144 155
147 152
151 150
154 147
157 144
161 141
164 139
168 136
171 133
175 130
179 127
182 125
186 122
189 119
193 117
196 114
199 112
203 109
206 107
209 105
211 103
214 101
216 99
219 97
221 96
223 94
224 93
226 92
227 91
228 90
229 90
228 90
