195
392 137
394 140
395 142
397 143
398 145
399 147
401 149
403 151
405 153
406 155
408 157
410 159
412 161
414 163
415 165
416 167
418 169
420 171
421 173
423 175
424 177
425 179
427 182
429 184
431 186
432 188
434 190
435 192
437 194
438 196
439 198
441 201
442 203
444 206
445 208
446 210
448 212
449 214
451 217
453 219
454 221
457 223
459 226
461 228
463 230
465 232
467 234
469 236
470 238
472 239
471 241
469 243
468 245
467 247
465 249
464 251
462 253
460 255
458 257
456 259
455 261
453 263
451 265
450 267
448 269
446 271
444 273
442 276
440 278
438 280
436 282
434 284
432 285
431 287
429 289
427 290
425 292
422 295
420 297
417 299
415 301
412 304
410 306
408 307
407 309
405 310
402 312
401 314
398 316
396 318
394 321
392 323
390 325
387 327
385 329
383 330
382 332
380 333
378 334
377 332
375 331
373 329
371 328
370 326
368 325
366 324
364 322
362 320
360 318
358 317
356 315
354 313
352 311
350 310
348 308
346 306
344 305
343 303
341 302
340 300
338 299
337 297
335 295
333 293
332 291
330 289
328 287
326 285
324 283
322 281
320 279
319 277
317 276
315 274
313 272
311 270
309 269
308 267
306 265
304 263
302 262
300 260
298 259
296 257
296 254
297 252
299 250
301 249
302 247
304 245
306 243
308 241
311 239
313 237
315 235
317 233
320 230
322 228
325 225
327 223
329 221
331 219
333 217
334 215
336 213
338 211
339 209
340 207
342 205
344 202
346 200
348 198
349 195
351 193
353 191
355 189
356 187
358 185
360 183
362 181
363 179
365 177
367 175
368 173
370 171
372 169
374 166
376 164
378 162
380 160
382 158
384 156
386 154
388 152
388 154
