187
226 77
229 83
230 84
231 85
232 86
233 87
234 89
235 90
237 92
238 94
240 96
242 98
243 101
245 103
247 106
249 108
251 111
253 114
255 116
257 119
259 122
261 125
263 128
265 131
267 134
269 137
271 140
273 143
274 146
276 149
278 152
279 155
281 157
282 160
283 162
284 165
286 167
287 169
288 171
289 173
290 174
291 176
291 177
292 179
293 180
293 181
294 182
295 183
295 184
294 184
293 184
292 184
291 184
290 185
289 185
288 186
287 186
286 187
284 188
283 188
281 189
279 190
277 191
275 192
273 193
271 195
268 196
266 197
263 199
261 200
258 202
256 203
253 205
250 207
248 208
245 210
243 211
240 213
238 214
235 216
233 217
231 219
229 220
227 222
225 223
223 224
221 226
220 227
218 228
217 229
215 231
214 232
213 233
212 234
211 234
210 235
209 236
208 237
207 238
206 238
206 237
205 237
205 236
204 235
203 234
203 233
202 232
201 231
201 229
200 228
199 226
198 224
197 222
195 219
194 217
193 214
191 212
190 209
188 206
187 203
185 199
184 196
182 193
180 190
179 187
177 183
175 180
174 177
172 174
170 171
168 168
167 165
165 163
163 160
162 158
160 156
159 153
157 151
156 150
154 148
153 146
152 145
151 143
150 142
149 141
149 140
148 139
147 138
146 137
146 136
147 136
147 135
148 135
148 134
149 134
150 133
151 132
152 132
154 131
156 129
157 128
160 126
162 124
164 122
167 120
170 118
173 116
176 113
179 111
182 108
185 106
189 103
192 101
195 98
198 96
201 94
204 92
207 90
209 88
211 87
213 86
215 85
216 84
217 84
218 84
219 83
220 83
