198
347 116
351 119
352 121
354 123
356 125
358 127
360 129
361 131
363 133
365 135
367 137
369 139
370 141
372 142
374 144
376 146
378 148
380 150
382 152
383 154
385 156
386 158
388 160
390 162
391 164
393 166
394 168
395 170
396 172
398 174
399 176
400 178
402 180
403 182
405 184
406 186
407 188
409 190
411 192
413 195
415 197
417 199
419 201
421 203
422 205
424 207
425 209
427 210
429 212
431 214
433 216
435 218
437 219
438 221
438 224
437 226
435 227
433 229
431 231
429 233
427 234
425 236
423 237
421 239
419 241
417 243
415 244
413 246
411 248
409 249
407 251
405 252
402 254
400 256
397 258
396 260
394 262
392 263
390 265
388 267
386 269
384 272
382 273
380 275
378 276
376 278
375 280
373 281
371 283
370 285
368 287
366 289
364 291
362 293
360 295
359 297
357 299
355 301
353 303
351 305
349 307
347 308
346 310
344 309
342 307
340 305
338 304
336 302
334 300
332 298
330 296
328 295
326 293
324 292
322 291
320 289
318 287
317 285
315 283
313 282
312 280
310 278
308 276
306 274
304 272
302 270
300 268
298 267
296 265
294 263
292 260
290 258
288 256
286 255
285 253
283 251
281 249
279 246
277 244
275 242
273 240
271 238
270 236
268 234
266 231
264 229
263 226
261 224
260 222
258 220
257 218
256 216
257 214
259 212
260 210
262 208
263 206
264 204
266 202
268 199
271 197
273 195
276 193
278 191
280 189
281 186
283 185
285 183
287 180
290 178
291 176
293 174
295 172
297 170
299 169
302 166
304 164
306 163
308 160
310 158
312 156
314 154
316 152
318 150
320 147
322 145
324 144
326 142
328 140
330 138
332 136
333 134
335 132
337 130
339 129
340 127
342 125
344 123
