199
237 80
238 83
238 84
239 85
240 86
241 87
241 88
243 89
244 91
245 92
246 94
248 96
250 98
251 100
253 102
255 104
257 106
260 109
262 111
264 114
267 116
270 119
272 122
275 124
277 127
280 130
283 133
285 136
287 138
290 141
292 144
294 147
296 149
298 152
300 154
302 156
303 158
305 160
306 162
307 164
308 165
309 166
310 168
311 169
312 170
312 171
313 172
313 173
312 173
312 174
311 175
310 176
310 177
309 178
308 179
306 180
305 182
303 183
302 185
300 187
298 188
296 190
294 192
291 194
289 196
286 198
284 201
281 203
278 205
275 208
272 210
269 213
266 216
263 219
260 221
257 224
254 227
251 230
248 233
245 236
242 239
240 242
237 245
234 248
232 250
229 253
227 256
225 258
223 261
221 263
219 265
217 267
215 269
214 270
213 272
212 273
211 274
210 275
209 275
209 276
208 276
207 276
207 275
206 275
206 274
205 274
205 273
204 272
203 271
202 270
201 269
200 268
198 266
197 265
195 263
193 261
191 259
189 257
187 255
184 252
182 250
179 247
176 245
173 242
170 240
167 237
164 235
161 232
157 230
154 227
151 225
148 222
145 220
142 218
139 215
136 213
133 211
131 209
128 207
126 206
124 204
122 202
121 201
119 200
118 199
117 198
116 197
116 196
115 195
114 194
114 193
115 193
116 192
117 191
118 190
119 189
120 188
122 186
123 184
125 182
127 180
130 177
133 174
135 171
138 168
141 165
145 162
148 159
152 155
155 152
159 148
163 145
167 141
171 138
175 134
179 130
183 127
187 123
190 120
194 117
198 113
201 110
205 107
208 105
211 102
214 99
216 97
219 95
221 93
223 91
225 90
226 89
228 88
229 87
230 86
231 86
231 85
231 86
230 86
