188
359 105
361 111
362 113
364 114
365 116
367 117
369 119
373 121
374 123
377 125
379 127
381 129
383 131
385 133
388 134
390 136
392 138
394 140
396 142
398 143
400 145
402 147
404 148
405 150
407 151
409 153
410 154
412 155
413 157
414 158
415 159
416 160
417 161
418 162
419 163
420 164
420 165
421 165
422 166
422 167
423 168
423 169
423 170
422 170
422 171
421 172
420 173
419 173
419 174
418 175
417 175
416 176
415 177
414 178
412 180
411 181
409 182
408 184
406 185
405 187
403 189
401 191
399 193
397 195
395 197
393 200
391 202
389 204
387 207
384 209
382 212
379 214
377 217
374 220
372 223
369 226
367 230
364 233
362 235
359 238
357 241
355 243
353 245
351 247
349 249
347 250
346 251
345 252
343 253
342 254
341 255
340 255
339 255
338 255
337 255
336 255
336 254
335 254
334 253
332 252
331 251
329 250
328 248
326 247
324 245
322 244
320 242
317 241
315 239
313 237
310 235
308 234
305 232
303 231
301 229
298 228
296 226
294 225
292 223
290 222
289 220
287 219
286 218
284 216
283 215
282 214
282 213
281 212
280 211
280 210
280 209
279 209
279 208
280 208
280 207
280 206
281 205
282 205
282 204
283 203
284 201
285 200
287 199
288 197
289 195
291 193
292 191
294 189
296 186
298 184
300 181
302 179
304 176
306 173
308 171
310 168
312 166
314 163
316 161
318 158
319 156
321 154
323 151
325 149
327 147
328 145
330 143
332 141
334 139
335 137
337 135
339 133
341 131
342 130
344 128
345 127
347 125
348 124
349 123
351 122
352 121
353 120
354 119
355 119
355 118
356 118
357 117
357 116
