171
332 112
332 114
334 116
336 118
337 121
339 123
341 126
343 129
346 131
351 134
353 136
355 138
357 140
358 142
360 144
362 146
364 148
365 150
367 152
368 154
369 156
370 157
372 159
373 160
373 162
374 163
375 164
376 166
377 167
378 168
379 169
379 170
380 171
381 172
381 173
381 174
382 174
382 175
382 176
383 177
383 178
382 179
381 179
381 180
380 180
380 181
379 181
378 182
377 183
376 184
375 185
373 186
372 187
370 188
369 189
367 191
365 192
363 194
362 196
360 198
358 199
356 201
354 203
352 205
350 207
348 208
346 210
344 212
342 214
341 216
339 217
337 219
336 221
334 222
333 224
332 225
330 227
329 228
328 229
327 230
326 231
325 232
324 233
323 233
322 234
321 235
320 235
319 235
318 235
317 235
316 234
315 234
314 233
313 232
311 231
310 230
308 229
306 228
304 227
303 226
301 224
299 223
297 221
295 219
293 217
291 215
289 213
287 211
286 209
284 207
282 205
281 203
279 201
278 199
276 197
275 195
274 193
273 192
272 190
271 188
270 187
269 186
268 184
268 183
267 182
267 181
267 180
266 180
267 179
267 178
268 178
268 177
269 176
270 176
271 175
272 174
274 172
275 171
277 169
279 167
281 165
283 163
285 161
288 159
290 157
293 155
295 153
298 151
300 149
303 147
305 145
307 143
310 141
312 139
314 137
316 136
318 134
320 132
322 131
323 129
325 128
326 126
328 125
329 124
330 123
331 122
332 121
333 121
333 120
334 120
335 119
