284
281 47
286 52
287 53
287 54
288 55
289 56
290 57
291 58
292 60
293 61
294 63
295 64
297 65
298 67
300 68
301 70
303 71
304 73
306 74
307 76
309 78
311 80
312 82
314 84
315 86
317 88
319 90
321 92
324 94
326 95
327 97
329 99
331 101
333 103
335 105
337 107
339 109
341 111
343 113
345 115
347 116
349 118
351 119
353 121
354 123
356 124
357 126
358 128
360 130
361 131
363 133
364 134
365 135
367 136
368 137
369 138
370 139
371 140
372 141
373 142
374 143
375 144
375 145
376 145
376 146
377 146
377 147
376 147
376 148
375 148
375 149
374 149
374 150
373 151
372 151
371 152
370 153
369 153
368 154
366 155
365 156
363 157
362 157
360 158
359 159
357 160
356 161
354 162
352 163
351 164
349 166
347 167
345 168
343 170
341 171
339 173
336 174
334 176
332 177
330 179
328 180
325 181
323 183
320 184
318 186
315 187
313 189
310 191
308 192
305 194
303 195
301 197
298 199
296 200
294 201
291 203
290 204
288 205
286 206
284 208
282 209
280 210
278 211
277 212
275 213
273 214
272 215
271 216
270 217
268 218
267 219
266 220
265 220
265 221
264 221
263 221
263 220
262 220
261 219
260 218
259 217
258 217
257 216
256 215
255 214
254 214
253 213
251 212
250 211
249 210
248 209
247 208
245 207
244 206
243 205
242 204
241 202
239 201
238 200
237 198
235 196
234 195
232 193
231 191
230 189
228 187
227 186
225 184
224 183
223 181
221 180
220 178
219 177
217 175
216 173
215 171
213 170
212 168
210 166
209 164
207 163
206 161
204 160
203 159
202 157
201 156
200 155
198 153
197 152
196 150
195 149
194 147
193 146
192 145
191 144
190 143
189 142
188 141
187 140
186 139
185 138
184 137
183 136
182 135
181 134
181 133
180 133
180 132
180 131
181 130
181 129
182 129
182 128
183 127
184 126
184 125
185 124
186 123
187 122
188 121
190 120
191 119
192 117
193 116
194 115
195 114
197 112
198 111
199 109
201 108
202 106
204 104
205 103
207 101
209 99
211 98
212 96
214 94
216 93
218 91
219 90
221 89
223 87
224 85
226 84
228 82
230 81
232 79
234 77
236 76
237 75
239 73
241 72
242 71
244 70
246 69
247 67
249 66
250 65
252 64
254 63
255 62
257 61
259 60
260 59
261 58
262 57
264 56
265 55
266 54
267 53
268 52
269 52
270 51
271 50
272 49
273 49
273 48
274 48
274 47
275 47
276 47
277 47
278 46
