270
253 34
258 39
258 40
259 41
260 42
261 43
262 43
262 44
264 45
265 46
266 47
267 49
268 50
270 51
271 53
273 54
274 56
276 57
278 59
280 61
281 63
283 64
285 66
286 68
288 70
290 71
291 73
293 75
295 77
297 79
299 82
300 84
302 86
304 88
306 90
307 92
309 94
310 96
312 98
313 100
315 102
316 104
318 106
320 108
321 110
323 111
325 113
326 115
328 116
329 117
330 119
331 120
332 122
333 123
334 125
335 126
336 127
337 129
338 130
339 131
339 132
340 133
341 133
341 134
342 135
343 136
344 136
343 136
343 137
342 137
341 137
341 138
340 138
339 139
337 139
336 140
335 141
334 142
332 143
331 144
329 145
327 146
326 147
324 148
322 150
320 151
317 152
315 153
313 155
311 156
309 157
307 158
304 159
302 160
300 161
297 162
295 163
292 165
290 166
288 167
285 168
283 170
280 171
278 172
276 174
273 175
271 176
268 178
266 179
264 180
261 181
259 182
257 183
254 184
252 185
250 186
248 187
246 188
243 189
242 190
240 191
238 192
236 193
234 195
232 195
231 197
229 197
228 198
226 199
225 200
224 200
223 201
222 201
221 201
220 202
219 202
219 201
218 201
217 200
216 200
216 199
215 199
214 198
213 197
213 196
212 195
211 194
210 193
208 192
207 191
206 190
205 189
204 187
203 186
202 185
201 184
200 182
199 181
197 179
196 178
195 176
194 175
193 173
191 171
190 169
188 167
187 166
185 164
184 162
183 161
181 159
180 158
179 156
178 155
177 153
176 151
175 150
174 148
173 146
172 145
171 143
170 142
170 140
169 139
168 138
167 137
166 136
166 135
165 134
164 133
163 132
162 131
162 130
161 130
161 129
161 128
161 127
161 126
161 125
162 124
162 123
163 123
164 122
164 121
165 120
166 119
168 118
169 117
170 116
171 115
172 114
173 113
174 111
175 110
176 109
178 107
179 106
180 104
182 102
184 101
185 99
187 97
188 96
190 94
191 93
193 91
195 90
196 88
198 87
199 85
201 83
203 82
204 80
206 78
208 77
210 75
211 73
213 72
215 70
216 69
218 68
219 66
221 65
222 64
224 63
226 61
228 60
230 59
232 57
234 56
236 54
237 53
239 52
241 50
243 49
244 48
246 47
247 46
249 45
250 44
251 44
252 43
254 42
255 41
256 41
256 40
256 41
257 41
257 40
258 39
