263
293 68
298 71
299 72
300 72
301 73
302 74
303 74
304 75
305 76
305 77
306 78
307 79
308 80
309 81
310 83
311 84
312 85
313 86
314 87
316 88
317 89
319 90
320 91
322 93
323 94
325 95
326 96
327 98
329 99
330 100
332 102
333 103
334 105
336 106
337 108
338 109
340 110
342 112
343 113
345 114
347 115
348 116
350 118
351 119
353 120
354 122
355 123
357 124
358 126
360 127
361 128
363 130
364 131
365 132
367 133
368 134
369 135
371 136
372 137
373 138
374 138
375 139
376 140
377 141
377 142
377 143
378 143
377 143
377 144
377 145
377 146
376 146
376 147
375 148
375 149
374 150
373 151
372 152
371 153
370 154
369 155
367 156
366 157
365 158
363 159
362 161
360 162
359 163
358 164
356 166
355 167
353 169
352 170
350 172
348 174
346 175
345 177
343 178
341 180
339 181
337 183
336 184
334 185
332 187
331 188
329 190
327 191
325 193
324 194
322 196
320 197
319 199
317 200
316 201
315 202
314 203
312 204
311 205
310 205
310 206
309 207
308 208
307 208
307 209
306 210
305 210
305 211
304 211
303 210
302 210
301 209
300 209
299 208
298 207
297 207
296 206
295 205
294 204
293 204
291 203
290 202
289 202
288 201
287 199
285 198
284 197
283 196
281 195
279 193
278 192
276 191
274 190
273 188
271 187
270 186
268 185
267 184
265 183
264 182
263 181
261 180
260 180
258 179
257 178
255 177
253 176
252 175
250 174
249 173
248 172
247 171
245 170
244 169
243 168
242 167
241 167
241 166
240 166
239 165
238 165
238 164
237 164
236 163
235 163
235 162
234 162
234 161
234 160
233 160
233 159
233 158
233 157
233 156
234 156
234 155
234 154
235 153
235 152
236 151
236 150
237 149
238 148
238 147
239 145
240 144
240 143
241 142
242 141
243 140
244 139
244 137
245 136
246 135
248 134
248 133
250 131
251 130
252 128
253 127
255 125
256 124
257 122
259 121
260 119
261 118
262 116
263 115
265 114
266 113
267 111
268 110
270 108
271 106
272 105
274 103
275 102
276 100
278 99
279 97
280 96
281 95
283 94
284 92
284 91
285 90
286 89
287 88
287 87
288 86
288 85
289 85
289 84
290 83
290 82
290 83
291 82
290 82
291 82
291 81
292 81
292 80
293 80
294 80
