190
206 87
211 91
212 92
214 93
215 94
217 95
219 96
221 98
223 99
226 101
228 102
231 104
234 106
237 107
240 109
243 111
247 113
250 115
254 117
257 119
261 121
264 124
268 126
271 128
275 130
278 132
281 134
284 136
287 138
290 140
292 141
295 143
297 145
299 146
301 148
303 149
304 150
306 151
307 152
308 153
309 154
310 154
310 155
311 155
311 156
310 157
309 158
309 159
308 160
307 161
307 163
306 164
305 166
304 167
303 169
302 171
300 174
299 176
297 179
295 182
294 185
292 188
290 191
288 194
286 197
284 200
283 204
281 207
279 210
277 214
275 217
273 220
271 223
270 227
268 230
266 232
264 235
263 238
262 241
260 243
259 246
258 248
257 250
256 252
255 254
254 255
253 257
253 258
252 259
252 260
251 261
251 262
250 262
250 263
249 263
248 263
247 263
246 263
245 263
244 263
243 263
241 262
240 262
238 262
236 262
234 261
232 261
230 261
227 260
225 260
222 259
219 258
216 257
214 257
211 256
207 255
204 254
201 253
198 252
195 250
192 249
189 248
186 247
183 246
180 245
177 244
174 243
172 241
169 240
166 239
164 238
162 237
160 236
157 235
156 234
154 233
152 233
151 232
150 231
149 230
148 230
147 229
146 229
145 228
144 228
144 227
145 226
145 225
145 224
146 223
147 221
149 217
150 214
151 211
152 208
154 204
156 200
158 196
160 192
162 188
164 183
167 179
169 174
171 169
174 165
176 160
178 155
181 150
183 146
185 141
188 137
190 133
192 129
194 125
196 121
198 117
200 114
202 111
203 108
205 106
206 104
207 102
208 100
209 99
209 98
210 97
210 96
210 97
210 98
210 99
