202
231 78
232 81
232 82
233 83
234 85
235 87
237 88
238 90
240 92
241 94
243 97
245 99
247 101
249 104
251 106
254 109
256 112
259 114
261 117
264 120
267 123
269 126
272 128
274 131
277 134
279 136
282 139
284 141
286 143
289 146
291 148
292 150
294 152
296 154
297 155
299 157
300 158
301 160
302 161
303 162
303 163
304 164
304 165
305 165
305 166
305 167
306 167
306 168
305 168
305 169
304 170
303 171
303 172
302 173
301 174
300 175
299 176
297 178
296 180
294 181
292 183
291 185
289 187
287 189
285 192
283 194
281 197
279 200
276 202
274 205
272 208
269 211
267 214
264 217
262 220
259 223
257 227
254 230
252 233
250 236
247 239
245 241
243 244
241 246
240 249
238 251
236 253
235 255
234 257
232 259
231 260
230 261
229 263
229 264
228 265
228 266
227 266
227 267
226 267
226 266
226 265
225 265
225 264
225 263
224 263
224 262
223 261
222 260
221 259
220 257
218 256
217 254
215 253
214 251
212 249
210 247
208 245
206 244
203 242
201 240
199 238
196 236
194 234
191 233
188 231
186 229
183 227
180 225
177 224
175 222
172 220
169 219
167 217
164 216
162 214
160 213
158 212
156 210
155 209
153 208
152 207
151 206
149 204
148 203
147 202
146 201
145 200
145 199
145 198
145 197
146 197
146 196
147 195
148 194
148 193
149 193
150 192
151 191
152 189
153 188
155 186
156 184
158 182
159 180
161 178
163 175
165 172
168 169
170 166
172 162
175 159
177 155
180 151
182 148
185 144
188 140
191 136
194 132
196 128
199 125
202 121
204 118
206 114
209 111
211 108
213 105
215 103
217 100
219 98
221 96
222 94
224 92
225 90
226 89
227 88
227 87
228 86
228 85
229 85
228 85
228 84
228 85
