281
254 36
256 40
257 41
258 41
259 42
259 43
260 44
261 45
262 46
263 47
264 48
265 49
266 51
268 52
269 54
271 56
272 58
274 60
276 61
278 63
280 65
281 67
283 69
285 70
287 72
289 74
291 76
293 79
296 81
298 83
300 85
302 87
304 89
306 91
308 93
310 95
312 98
314 100
316 102
317 104
319 106
321 108
323 110
325 112
327 114
329 116
330 118
332 119
333 121
335 123
336 125
337 127
339 128
340 130
341 132
342 133
344 134
345 135
346 136
347 137
348 137
348 138
349 138
350 139
350 140
351 140
351 141
350 141
349 142
348 143
347 143
347 144
345 144
344 145
343 146
342 147
341 148
340 149
339 150
337 151
336 153
335 154
334 155
333 156
331 157
330 158
328 159
327 160
325 161
323 162
321 163
319 164
317 166
315 167
313 169
312 170
310 172
307 173
305 175
303 176
301 178
298 179
296 181
293 182
291 184
289 185
287 186
284 188
282 189
280 191
278 192
275 194
273 196
271 197
268 199
266 200
264 201
262 203
260 204
258 205
256 207
254 208
252 209
250 210
248 211
247 212
245 213
244 214
243 215
242 216
241 217
240 217
240 218
239 219
238 219
238 220
237 220
236 220
235 220
234 220
234 219
233 219
233 218
232 218
231 217
230 217
229 216
229 215
228 215
227 214
226 213
225 212
223 211
223 210
222 209
221 208
220 207
219 206
218 205
217 204
216 203
215 202
213 201
212 199
210 198
209 196
208 195
206 193
205 191
203 190
202 188
200 187
199 185
198 184
196 182
195 181
193 180
192 178
190 177
189 175
187 173
186 172
184 170
182 168
181 167
179 165
178 163
177 162
175 160
174 159
173 157
172 156
171 155
169 153
168 152
166 150
165 149
164 147
162 146
161 145
160 143
158 143
157 142
157 141
156 140
155 139
154 139
154 138
153 138
153 137
152 137
152 136
152 135
153 134
154 133
154 132
155 132
156 131
157 130
158 128
159 127
160 126
161 124
163 123
164 121
166 120
167 118
169 117
171 115
172 113
174 112
176 110
177 108
179 106
181 104
183 102
185 100
187 98
189 97
191 95
193 93
195 91
197 90
199 88
200 86
202 84
204 83
206 81
208 79
210 77
212 75
214 73
215 72
217 71
218 69
219 68
221 67
222 65
223 64
224 63
226 61
228 60
229 58
231 57
232 56
234 55
235 53
236 52
238 51
239 50
240 49
241 48
242 48
243 47
244 46
245 46
245 45
246 45
247 44
248 44
248 43
