207
254 72
256 76
257 77
257 78
258 78
259 79
260 80
261 82
262 83
263 84
264 86
266 88
268 90
269 92
271 94
273 96
276 99
278 101
280 104
282 107
285 109
287 112
289 115
292 118
294 121
297 124
299 127
301 130
304 133
306 136
308 138
310 141
312 143
314 145
316 148
321 154
322 155
324 157
325 158
326 160
328 161
329 162
329 163
330 164
331 164
331 165
332 166
332 167
332 168
331 168
331 169
330 169
329 170
328 171
327 172
326 173
325 175
323 176
322 178
320 180
318 182
317 184
315 186
313 188
311 191
309 193
306 196
304 199
302 202
299 204
296 207
294 210
291 213
288 216
285 219
283 222
280 225
277 228
275 231
272 234
269 236
267 239
264 242
261 245
259 247
256 250
254 253
252 255
250 258
247 260
245 263
243 265
242 267
240 269
238 270
237 272
236 273
235 275
234 276
233 277
232 277
232 278
231 278
231 277
230 277
230 276
229 275
229 274
228 273
228 272
227 271
226 270
225 268
224 267
222 265
221 263
219 262
218 260
216 258
214 256
212 254
210 252
208 249
206 247
204 245
201 242
199 240
196 237
194 235
191 233
189 230
186 228
183 225
181 222
178 220
176 217
174 215
171 212
169 210
167 207
165 205
163 203
161 201
160 198
158 196
157 194
155 192
154 191
153 189
152 188
151 186
151 185
150 184
149 183
149 182
148 181
148 180
148 179
147 178
147 177
147 176
148 176
148 175
149 175
150 174
151 173
152 172
154 171
155 170
157 168
159 166
161 164
163 162
166 160
169 157
172 154
175 151
178 148
182 145
185 141
189 137
192 134
196 130
200 126
203 122
207 119
211 115
214 111
218 108
221 104
224 101
228 98
231 95
233 92
236 90
239 87
241 85
243 83
245 81
247 79
248 78
250 76
251 75
252 75
252 74
253 73
253 74
