174
268 84
269 86
270 87
272 89
273 91
275 93
277 95
278 97
280 100
282 102
285 105
287 108
289 111
292 114
295 117
298 120
300 124
303 127
306 130
309 133
312 136
315 139
317 142
320 145
322 147
325 150
327 152
329 154
331 156
332 158
334 160
335 161
337 162
338 163
339 165
340 165
340 166
341 167
342 168
342 169
341 170
340 171
339 172
338 173
337 174
336 175
335 176
333 178
332 179
330 181
328 183
326 185
324 187
321 189
319 192
316 195
313 198
311 201
308 204
305 208
302 211
299 214
296 218
293 221
290 225
287 228
284 232
282 235
279 239
277 242
274 245
272 248
270 251
268 254
266 256
264 258
263 260
262 262
261 264
260 265
259 266
259 267
258 268
258 267
257 267
257 266
257 265
256 264
256 263
255 262
254 261
253 260
252 258
251 257
250 255
248 253
247 251
245 249
243 247
241 244
238 242
236 239
234 237
231 234
229 231
227 228
224 225
222 222
219 219
216 215
214 212
211 209
209 206
207 203
204 200
202 197
200 194
198 192
196 189
194 187
192 185
191 183
189 182
188 180
187 179
185 178
184 177
184 176
183 175
182 175
182 174
181 173
181 172
182 171
183 170
184 169
185 168
186 167
187 166
189 164
191 162
193 160
195 158
197 155
200 153
203 150
206 147
209 144
212 140
216 137
219 133
223 130
226 126
230 123
233 120
237 116
240 113
243 110
246 107
249 105
252 102
255 100
257 98
259 97
261 95
263 94
264 93
265 92
266 92
267 91
268 91
268 92
267 92
266 93
