185
337 119
342 122
343 122
344 123
345 124
347 125
348 126
350 127
351 128
353 129
354 130
356 132
358 133
360 135
362 136
363 138
365 139
367 141
369 143
370 145
372 147
373 148
375 150
376 152
378 153
379 155
381 156
382 158
383 159
384 161
386 163
387 164
388 166
389 167
390 169
391 170
392 171
392 172
393 173
394 174
394 175
395 176
396 177
396 178
397 178
397 179
397 180
397 181
397 182
397 183
396 183
396 184
395 184
395 185
394 185
393 186
392 187
391 188
390 189
388 190
387 192
385 193
383 195
381 196
379 198
378 200
375 201
373 203
372 205
370 207
368 208
366 210
364 212
362 214
360 216
358 218
357 219
355 221
353 223
352 224
350 226
349 227
347 229
346 230
345 231
344 232
343 233
342 234
341 235
341 236
340 237
339 238
338 238
338 239
337 239
336 239
335 239
335 238
334 238
333 237
333 236
331 236
330 235
329 234
328 232
326 231
325 230
323 228
322 226
320 225
318 223
317 221
315 219
313 218
311 216
310 214
308 213
306 211
305 210
303 208
301 207
300 205
298 203
297 202
296 201
294 199
293 198
292 197
292 196
291 194
290 193
289 192
289 191
288 191
288 190
287 190
287 189
287 188
288 187
288 186
289 186
290 185
290 184
291 183
292 182
293 181
294 180
295 178
297 177
298 175
300 173
301 171
303 169
305 167
307 165
309 162
311 160
313 158
315 156
316 154
318 152
320 149
322 147
323 145
325 143
327 141
328 140
330 138
331 136
333 134
334 133
335 132
336 131
337 130
338 129
339 128
340 127
341 126
342 126
342 125
343 125
343 124
344 124
345 123
345 122
