311
320 45
324 49
325 49
325 50
326 51
327 52
328 53
329 55
330 56
331 57
332 58
333 60
334 61
335 62
337 64
338 65
339 67
341 68
342 70
344 71
345 73
346 74
348 76
349 78
351 80
352 82
354 84
356 86
357 88
359 89
361 91
363 93
365 95
367 97
369 100
371 102
373 104
375 106
377 108
379 110
381 112
383 115
385 117
387 119
389 121
391 123
393 125
395 128
397 130
399 132
401 135
403 137
405 139
407 141
409 144
411 146
413 148
415 150
417 152
419 154
421 156
423 159
425 161
427 163
429 165
431 167
433 169
435 171
437 173
438 174
440 176
442 177
443 179
445 180
446 181
447 182
448 183
449 184
450 184
450 185
451 185
451 186
451 187
450 187
450 188
449 189
449 190
448 191
447 192
446 193
445 194
444 195
443 196
441 197
440 198
439 200
437 201
436 203
434 204
433 206
431 207
429 209
428 210
426 212
424 214
422 215
420 217
418 219
416 220
414 222
412 224
409 225
407 227
405 228
403 230
401 232
398 234
396 235
394 237
392 239
389 241
387 243
385 244
383 246
380 248
378 250
376 251
373 253
371 255
368 257
366 259
363 261
361 263
358 265
356 267
353 269
351 271
348 273
346 275
343 277
341 279
339 281
336 283
334 285
331 287
329 289
327 291
325 293
323 295
321 297
319 299
317 300
315 302
313 303
312 304
311 305
309 306
308 307
307 308
306 308
306 308
306 308
305 308
305 307
304 306
304 305
303 304
302 303
301 302
301 301
300 299
299 298
298 297
298 296
297 295
296 293
295 292
294 290
293 289
292 287
291 286
290 284
288 282
287 281
286 279
285 277
283 275
282 273
280 271
279 269
278 267
276 265
275 263
273 261
272 259
270 257
269 255
268 253
266 251
265 249
263 247
261 245
260 243
258 240
256 238
254 236
253 234
251 232
249 230
248 228
246 226
244 224
242 221
240 219
239 217
237 215
235 213
233 210
231 208
229 206
227 204
225 202
224 200
222 198
220 196
219 193
217 192
216 190
214 188
213 186
212 185
211 183
210 182
209 181
208 180
207 179
206 178
205 177
204 176
204 175
203 175
203 174
202 174
201 173
201 172
202 171
203 170
203 169
204 169
205 168
206 167
207 166
208 164
209 163
211 161
212 159
214 157
215 155
217 153
219 151
221 149
223 147
225 144
227 142
229 140
232 137
234 135
236 132
239 130
241 127
243 125
245 122
247 120
250 118
252 115
254 113
256 111
259 108
261 106
263 103
266 101
268 99
270 96
272 94
275 92
277 90
279 88
281 86
283 84
286 82
288 80
290 78
292 76
294 74
296 72
298 70
300 69
301 67
303 66
304 64
306 63
307 62
308 61
309 60
310 60
311 59
312 59
313 58
314 57
315 57
315 57
