340
308 48
312 53
313 54
313 55
314 56
315 57
316 58
317 59
317 60
318 61
319 62
320 64
321 65
322 66
323 68
324 69
325 71
326 72
327 74
328 76
329 77
330 79
331 81
333 83
334 84
336 86
337 88
339 90
341 91
342 93
344 95
346 97
348 99
350 100
351 102
353 104
355 106
357 109
359 111
361 113
363 115
365 117
367 119
369 121
371 123
373 125
375 128
377 130
379 132
381 135
383 137
385 139
387 141
389 144
391 146
393 148
395 150
397 152
399 154
401 157
403 159
405 161
407 163
409 165
410 167
412 169
414 171
416 172
418 174
420 176
422 178
424 179
425 181
427 183
429 185
431 186
432 188
434 189
435 191
437 192
438 193
440 194
441 195
442 196
444 197
445 198
446 198
446 199
447 199
447 200
448 200
447 201
446 201
446 202
445 202
444 203
443 204
442 205
441 206
440 207
439 208
437 209
436 211
434 212
433 213
431 215
429 216
427 218
425 219
423 221
421 223
419 224
416 226
414 228
412 230
409 231
407 233
405 235
402 237
400 239
398 241
395 243
393 245
390 247
388 249
385 250
383 252
380 254
378 256
376 258
373 260
371 261
369 263
366 265
364 267
362 269
360 270
358 272
356 274
354 275
352 277
350 279
348 280
346 282
344 284
342 285
341 287
339 289
337 290
335 292
333 294
332 296
330 297
328 299
327 301
325 302
323 304
322 305
320 307
318 309
317 310
315 312
313 313
312 315
310 317
308 318
307 319
305 321
304 322
303 323
302 324
301 325
300 325
299 326
299 327
298 327
297 328
296 328
295 327
295 326
294 325
293 324
293 323
292 322
291 321
290 320
289 319
288 318
287 317
286 315
285 314
284 312
282 311
281 309
279 308
278 306
277 305
275 303
273 301
272 300
270 298
269 296
267 294
265 293
264 291
262 289
260 287
258 285
256 283
254 281
252 279
250 277
248 275
247 273
245 271
243 269
241 267
239 265
237 263
236 261
234 259
232 257
230 255
228 253
226 251
225 249
223 247
221 245
219 243
218 241
216 239
214 237
212 235
211 233
209 231
207 229
205 227
203 225
202 223
200 222
198 220
196 218
195 217
193 215
192 214
190 212
189 211
188 209
186 208
185 207
184 206
183 205
182 204
180 203
179 202
178 202
178 201
177 200
176 200
175 199
174 198
173 197
174 196
174 195
175 194
176 193
176 192
177 191
178 190
179 188
181 187
182 185
183 184
185 182
186 180
188 178
189 176
191 174
193 172
195 170
196 168
198 166
200 163
202 161
204 159
206 157
208 155
210 152
212 150
214 148
216 146
218 144
220 141
222 139
224 137
226 134
228 132
230 130
233 127
235 125
237 123
240 120
242 118
244 116
247 113
249 111
252 109
254 107
257 104
259 102
262 100
265 97
267 95
270 93
273 91
275 89
278 87
280 85
283 82
285 80
288 78
290 76
293 74
295 72
297 71
299 69
300 67
302 66
304 64
305 63
306 62
307 60
308 60
309 59
310 58
311 58
311 57
312 57
312 58
312 58
