200
245 161
249 159
251 158
254 158
257 158
261 157
265 157
269 157
274 157
278 157
283 157
287 156
290 156
294 156
297 156
301 155
304 155
308 155
311 155
315 155
320 154
324 154
329 154
333 154
338 153
342 153
345 153
349 153
352 153
354 152
357 152
362 152
367 152
369 151
372 151
377 151
380 151
382 150
385 150
388 150
393 149
398 149
401 149
404 148
409 148
412 148
417 148
420 148
422 147
425 147
428 147
431 147
436 147
439 147
442 146
447 146
452 146
455 146
460 145
463 145
468 145
473 145
475 144
480 144
484 144
487 144
490 143
493 144
493 147
493 150
493 153
493 157
493 160
493 163
493 166
493 169
492 172
492 175
492 178
492 181
492 184
492 188
491 192
491 195
491 198
491 201
491 204
491 207
490 210
490 213
490 216
490 219
490 222
490 225
490 229
490 232
490 235
490 238
489 241
489 244
488 246
488 249
487 252
485 253
482 253
479 253
475 253
471 253
468 253
464 253
460 253
456 252
452 252
449 252
447 253
443 253
440 253
436 253
433 253
429 253
425 253
422 253
418 253
415 253
412 253
408 253
404 253
400 253
397 253
393 253
390 254
387 254
383 254
380 254
376 254
373 255
370 255
367 255
364 255
362 254
362 251
361 249
359 247
358 245
356 243
355 241
353 240
351 238
349 236
347 234
345 232
343 230
341 228
340 226
338 225
337 223
335 221
334 219
332 218
330 216
328 214
326 212
324 211
322 209
320 207
318 205
316 204
315 202
313 200
311 199
309 197
307 195
305 194
303 192
301 191
299 189
297 188
295 186
293 185
291 184
289 183
287 182
285 181
284 179
282 178
280 177
278 176
276 174
273 173
271 172
269 170
267 169
265 168
263 167
261 165
259 164
257 162
255 161
253 160
252 159
