229
117 137
123 138
124 138
125 138
126 138
127 138
129 138
131 138
132 138
135 138
137 138
140 139
143 139
146 139
149 139
152 139
156 139
159 139
163 139
167 139
171 139
176 139
180 139
185 139
189 139
194 139
199 139
204 139
208 139
213 139
218 139
223 139
228 139
233 139
237 139
242 139
247 139
251 139
256 139
261 139
266 139
271 139
275 139
280 139
285 139
289 139
294 138
298 138
302 138
306 138
310 138
314 137
318 137
321 137
324 137
327 136
329 136
331 136
333 136
335 135
337 135
338 135
339 135
340 135
341 135
342 135
343 135
343 136
344 137
344 138
344 139
344 140
344 141
344 142
344 143
344 144
344 145
344 146
344 148
345 150
345 152
345 154
345 156
345 158
345 161
345 164
345 166
345 169
345 172
345 175
346 178
346 182
346 185
347 189
347 192
347 196
347 199
348 203
348 206
348 210
348 213
349 216
349 219
349 222
350 225
350 228
351 231
351 233
352 235
352 237
353 239
353 241
353 242
354 243
354 245
354 246
355 246
355 247
355 248
355 249
354 249
353 249
352 249
351 249
350 249
349 249
347 249
345 249
343 249
341 250
339 250
337 250
334 251
331 251
328 251
325 252
322 252
318 252
315 253
311 253
308 253
304 254
301 254
297 255
294 255
291 255
288 256
285 256
282 257
279 258
276 258
274 259
272 259
269 260
267 260
266 261
264 261
262 262
261 262
260 263
259 263
258 263
257 264
258 263
259 263
258 262
258 261
258 260
257 259
257 258
257 257
256 256
255 255
255 253
254 252
253 250
252 248
251 247
250 245
248 243
247 241
245 239
243 236
241 234
239 231
237 229
235 226
232 224
230 221
227 218
224 215
221 212
218 209
215 205
212 202
209 199
205 196
202 192
198 189
195 186
191 183
188 180
184 177
181 174
177 172
173 169
170 166
166 164
163 161
160 159
156 157
153 155
150 153
148 151
145 149
143 147
140 145
138 144
136 143
135 141
133 140
132 139
131 138
130 138
129 137
128 137
128 136
128 135
128 136
