200
287 202
290 201
293 201
296 201
299 202
302 202
306 202
309 202
313 202
318 202
323 202
328 202
333 202
338 202
343 202
345 203
348 203
353 203
358 203
362 203
365 203
370 203
375 203
380 203
385 203
390 203
395 203
400 203
403 203
408 203
413 203
417 203
420 203
425 203
428 203
433 203
438 203
441 203
446 203
449 203
452 203
455 203
460 203
464 203
467 203
470 203
473 203
476 203
481 203
484 203
489 203
493 203
496 203
499 203
501 204
503 205
503 208
503 211
503 214
504 216
504 219
505 221
505 225
506 227
506 230
507 232
507 235
508 238
508 241
509 244
509 247
509 250
509 253
509 256
509 260
509 263
509 266
509 269
509 272
509 275
509 278
509 281
509 285
509 288
509 291
509 294
509 297
509 300
509 303
509 307
508 310
508 313
508 317
508 320
508 323
507 325
506 327
504 328
501 328
498 328
495 328
492 328
489 328
486 328
482 328
479 327
475 327
472 327
469 327
466 327
463 327
459 327
455 326
452 326
449 326
446 326
442 326
438 326
434 326
431 326
428 326
425 326
422 326
421 324
420 322
419 320
417 319
415 317
413 315
411 314
409 312
407 310
405 309
403 307
401 306
400 304
398 303
396 301
394 300
392 298
390 296
388 295
386 294
384 292
382 291
380 289
378 287
375 286
373 284
371 282
369 280
367 279
365 277
363 276
361 275
359 273
356 272
354 270
352 269
349 267
346 266
344 264
341 262
339 260
336 258
334 256
332 255
330 253
328 252
326 250
324 249
321 247
319 245
316 243
314 241
312 239
310 238
308 236
306 234
304 233
302 231
299 229
297 227
295 226
293 224
291 222
289 221
287 219
285 217
282 216
280 214
278 213
276 211
274 210
272 209
271 207
269 206
267 205
265 203
265 202
