202
275 200
281 199
284 199
288 199
292 199
295 199
299 199
304 199
308 199
313 199
318 199
323 199
328 199
331 199
334 199
337 199
342 199
345 199
348 199
351 199
354 199
357 199
360 199
363 199
366 199
369 199
372 199
375 199
378 199
381 199
384 199
387 200
390 200
393 200
398 200
401 200
404 200
407 200
410 200
413 200
416 200
420 200
423 201
426 201
429 201
432 201
435 201
438 201
442 201
445 201
448 201
451 201
455 201
458 201
461 201
464 201
467 201
470 201
473 201
477 202
481 202
484 202
487 202
489 203
489 206
488 208
488 211
488 214
488 218
488 222
489 225
489 228
489 231
490 233
490 236
490 239
490 242
490 246
490 249
490 253
490 256
490 259
490 263
490 267
490 271
490 275
490 279
489 282
489 285
489 288
488 290
488 293
488 296
488 299
488 303
487 305
487 308
487 311
487 314
487 317
486 319
486 322
486 325
483 325
480 324
478 325
475 325
472 324
469 324
466 324
463 324
460 324
457 324
453 324
451 323
448 323
445 323
442 323
438 323
436 322
433 322
430 322
427 322
424 322
421 322
418 322
414 322
411 321
407 321
404 321
401 321
399 319
398 317
396 315
394 313
393 311
391 309
389 307
387 305
385 304
384 302
382 301
380 299
378 297
376 296
374 294
372 292
370 290
368 289
366 287
364 285
362 283
360 281
358 279
356 278
354 276
352 275
350 273
348 272
346 269
344 268
341 266
339 264
337 263
334 261
333 259
331 258
328 256
327 254
325 253
322 250
320 249
317 247
316 245
313 243
312 241
309 239
306 236
303 234
302 232
300 231
299 229
297 228
296 226
294 225
291 222
288 220
287 218
285 217
282 215
281 213
279 212
277 210
275 208
272 206
269 204
267 202
265 200
263 199
261 197
260 195
262 195
