214
76 76
80 77
81 77
83 77
84 77
86 77
89 77
91 77
94 77
96 77
99 77
103 77
106 77
110 77
114 77
118 77
123 77
127 77
132 77
136 77
141 77
146 77
151 77
156 76
161 76
166 76
171 76
176 76
181 76
186 75
190 75
195 75
200 75
204 75
209 75
213 75
217 74
221 74
225 74
229 74
232 73
236 73
239 73
242 73
245 72
248 72
251 72
254 72
256 71
258 71
260 71
262 71
264 71
265 70
267 70
268 70
269 70
270 70
271 70
272 70
273 71
273 72
273 73
273 74
273 75
273 76
272 78
272 79
272 81
272 83
272 85
272 87
272 90
272 93
272 96
272 99
272 102
272 106
272 109
272 113
273 116
273 120
273 124
274 127
274 131
274 135
274 139
275 142
275 146
275 150
275 153
275 157
275 160
275 164
275 167
275 170
276 173
276 176
276 178
277 181
277 183
277 185
278 187
278 189
279 190
279 191
280 193
280 194
280 195
281 196
281 197
280 197
279 198
278 198
277 198
276 199
274 199
273 199
271 200
269 200
267 201
265 201
262 202
259 202
257 203
254 203
251 204
247 204
244 204
241 205
238 205
234 205
231 205
228 205
225 205
222 206
219 206
216 206
213 206
211 206
208 206
206 206
204 206
202 205
200 205
199 205
197 205
196 205
194 205
193 205
192 205
191 205
190 205
189 205
189 204
188 204
188 203
187 203
186 202
186 201
185 200
184 199
183 198
182 196
180 195
179 193
177 192
176 190
174 188
172 186
170 184
168 181
165 179
163 176
160 174
158 171
155 168
152 166
149 163
146 160
144 157
141 154
138 151
135 148
131 145
128 142
125 139
122 136
119 133
116 130
113 127
109 124
107 121
104 118
101 116
98 113
96 111
94 108
91 106
89 104
87 102
86 100
84 99
82 97
81 96
80 94
79 93
78 92
77 91
76 90
75 89
74 89
75 89
75 90
