221
119 128
124 129
125 129
127 129
129 128
131 128
133 128
135 128
137 128
140 128
143 128
146 128
149 127
153 127
156 127
160 127
164 127
168 127
172 127
177 127
181 127
186 127
191 127
195 127
200 127
205 128
210 128
215 128
220 129
225 129
230 129
235 130
240 130
244 130
249 130
253 131
258 131
262 131
266 131
271 131
274 131
278 131
282 131
285 131
288 131
291 131
294 131
297 131
299 130
301 130
303 130
304 130
306 130
307 130
308 129
309 129
310 129
311 130
311 131
310 132
310 133
310 134
310 135
310 136
310 137
311 138
311 139
311 141
311 142
311 144
311 146
311 148
311 150
311 152
311 154
311 157
311 160
311 162
311 165
312 168
312 170
312 173
313 176
313 179
313 182
314 185
314 187
314 190
315 193
315 196
315 199
315 202
315 205
315 208
315 211
316 213
316 216
316 218
316 221
316 223
316 225
316 227
316 229
316 231
317 233
317 234
317 236
317 237
317 238
317 239
318 239
318 240
318 241
317 241
316 242
315 242
314 243
313 243
312 244
310 244
309 245
307 245
305 245
303 246
300 246
298 247
295 247
293 247
290 248
287 248
284 248
281 248
278 248
275 248
273 248
270 248
267 248
264 248
262 248
259 248
256 249
254 249
251 249
249 249
247 250
244 250
242 251
240 251
238 252
237 252
235 253
234 253
233 253
232 254
231 254
230 254
229 255
229 254
228 253
227 252
227 251
226 251
226 250
225 249
225 248
224 247
223 246
222 244
221 243
219 241
218 239
217 237
215 235
214 232
212 230
211 228
209 225
207 223
205 220
203 217
201 215
199 212
197 209
194 206
192 203
189 199
187 196
184 193
181 190
179 186
176 183
174 180
171 177
169 174
166 171
163 168
161 165
158 162
156 159
154 157
152 154
150 152
148 149
146 147
144 145
142 143
140 141
138 139
137 137
135 135
134 134
133 132
131 131
130 129
130 128
129 127
128 126
127 125
127 124
126 124
127 125
