347
162 119
167 117
168 117
170 117
171 117
173 117
175 117
177 117
179 116
181 116
184 116
186 116
188 116
191 116
193 116
196 116
199 116
201 116
204 116
207 116
210 116
212 116
215 116
218 116
221 116
224 116
227 116
230 116
233 116
236 116
239 116
242 116
245 115
249 115
252 115
255 115
259 115
262 115
265 115
269 115
272 115
276 115
280 115
283 115
287 115
291 115
294 115
298 115
302 115
306 115
310 115
313 115
317 115
321 115
325 115
329 115
333 116
337 116
341 116
345 116
350 116
354 116
358 117
362 117
367 117
371 117
375 117
379 118
383 118
388 118
392 118
396 119
400 119
404 119
409 120
413 120
417 120
421 120
426 120
430 120
435 120
439 120
443 120
447 121
452 121
456 121
460 121
464 121
468 121
472 121
475 121
479 121
482 121
485 121
488 122
491 122
493 122
496 122
498 122
500 122
501 122
503 122
504 122
504 123
505 123
506 123
507 123
507 124
507 125
507 126
508 126
508 127
508 128
508 129
508 130
508 131
508 132
508 134
508 135
508 137
508 138
508 140
508 142
507 144
507 145
507 147
507 149
507 151
507 153
507 155
507 158
506 160
506 162
506 164
506 167
505 169
505 171
505 173
504 175
504 178
504 180
503 182
503 184
503 186
502 189
502 191
502 193
502 196
502 198
501 200
501 202
501 205
500 207
500 209
500 211
500 214
499 216
499 218
499 221
499 223
498 225
498 227
498 229
498 232
497 234
497 236
497 238
497 240
496 242
496 244
496 246
495 248
495 250
495 251
494 253
494 254
494 255
493 256
493 257
493 258
492 258
492 259
491 260
490 260
490 261
489 261
488 261
487 261
486 261
485 261
484 261
483 261
482 261
480 261
478 261
477 261
475 262
473 262
470 262
468 262
466 263
463 263
461 263
458 263
455 264
452 264
449 264
446 264
443 264
440 264
437 264
434 265
431 265
427 265
424 265
421 265
417 265
414 265
410 265
407 265
403 265
400 265
396 265
392 265
389 265
385 265
382 265
378 265
375 265
371 265
368 265
364 265
361 265
358 265
354 265
351 265
347 265
344 264
341 264
337 264
334 264
331 264
327 264
324 263
320 263
317 263
313 263
310 262
306 262
303 262
300 262
296 262
293 262
290 261
287 261
284 261
281 261
278 261
276 261
274 261
272 261
270 261
268 260
266 260
265 260
264 260
263 260
262 260
261 259
260 259
260 258
260 257
259 257
259 256
258 255
258 254
258 253
257 252
256 251
256 250
255 249
255 247
254 246
253 245
252 243
251 241
250 240
249 238
248 236
247 234
246 232
245 231
244 229
242 227
241 225
239 223
238 221
236 219
235 217
233 215
231 213
230 211
228 209
226 206
224 204
223 202
221 200
219 197
218 195
216 193
215 191
213 188
211 186
210 184
208 181
206 179
205 177
203 174
201 172
200 170
198 167
197 165
195 163
194 160
192 158
191 155
190 153
188 150
187 148
186 146
184 143
183 141
182 139
180 137
179 135
177 133
176 131
175 129
173 128
172 126
171 125
171 124
170 123
169 123
168 122
167 121
167 121
