210
258 174
265 174
268 174
271 174
274 174
278 174
282 174
286 174
291 174
296 175
301 175
304 175
309 175
312 175
317 175
320 175
323 175
328 175
331 175
334 175
339 176
344 176
349 176
354 176
359 176
363 176
366 176
369 176
374 176
379 176
382 176
387 176
390 176
395 176
400 176
403 176
408 176
411 176
416 176
421 176
424 176
429 176
432 176
435 176
437 175
440 175
443 175
446 175
449 175
452 175
455 175
460 175
463 175
466 175
469 175
472 174
475 174
480 174
483 174
487 174
491 173
494 173
497 173
500 173
500 176
500 179
500 182
500 185
500 188
500 191
500 194
500 197
501 199
501 202
501 205
500 208
500 211
500 214
499 217
499 220
498 222
497 225
497 228
496 230
496 234
496 237
495 240
495 243
495 246
495 249
495 252
494 256
494 259
494 262
494 265
494 268
493 270
493 273
493 277
492 280
492 283
492 287
492 290
492 293
492 296
492 299
492 302
490 303
488 302
485 302
482 302
479 302
476 301
473 301
469 301
465 301
463 300
460 300
457 300
454 300
452 299
449 299
446 299
443 299
440 299
437 299
434 298
431 298
428 298
425 298
422 298
419 298
416 297
413 297
410 297
407 297
404 297
401 297
398 297
395 297
392 297
389 297
386 297
383 297
380 297
377 297
376 295
374 293
372 291
371 289
369 287
367 285
365 283
364 281
362 279
361 277
359 276
358 274
356 272
354 271
353 269
351 267
349 265
347 263
345 261
343 259
341 256
339 254
337 252
335 250
333 248
331 246
329 244
327 241
324 239
322 237
320 234
318 232
316 230
315 228
313 226
311 223
309 222
307 220
305 217
303 215
301 213
298 210
296 208
294 206
292 205
291 203
289 201
287 199
285 197
284 195
282 193
280 191
279 189
277 188
275 186
274 184
272 183
271 181
269 180
268 178
266 177
265 175
263 174
265 174
