238
399 152
400 156
401 156
402 156
403 157
404 157
406 157
407 157
409 157
412 157
414 157
417 157
419 157
422 156
425 156
428 156
431 156
434 156
437 156
440 156
444 156
447 155
450 155
454 155
457 155
461 155
465 155
468 154
472 154
476 154
480 154
484 154
487 154
491 154
495 153
499 153
503 153
507 153
511 153
516 153
520 152
524 152
528 152
532 152
536 152
540 152
543 151
547 151
550 151
553 151
556 151
558 151
561 151
564 151
566 151
568 151
570 150
572 150
574 150
576 150
577 150
578 150
579 150
580 150
581 150
582 150
583 150
584 151
584 152
585 153
585 154
585 155
585 156
585 157
586 159
586 160
586 162
586 164
586 166
587 168
587 170
587 172
587 175
587 177
586 179
586 181
586 184
586 186
586 188
586 191
586 193
586 195
586 198
586 200
587 203
587 205
587 208
587 210
587 212
587 214
588 217
588 219
588 221
588 222
588 224
589 226
589 228
589 229
589 231
590 232
590 234
590 235
590 236
591 237
591 238
591 239
591 240
591 241
590 242
589 242
588 242
587 242
585 242
584 242
583 242
582 242
580 242
579 242
577 242
575 243
572 243
570 243
568 243
565 243
562 244
560 244
557 244
554 244
551 244
549 244
546 245
543 245
540 245
538 245
535 245
532 245
529 245
526 245
524 245
521 245
518 245
515 245
513 245
510 245
508 245
505 245
503 245
501 245
499 244
497 244
495 244
493 244
492 244
490 243
489 243
488 243
486 243
485 242
484 242
484 241
483 241
482 240
481 240
480 239
480 238
479 238
478 237
477 236
476 235
475 234
474 233
473 231
471 230
472 229
473 227
471 226
470 224
467 223
465 221
463 220
461 218
457 216
452 215
451 213
449 212
447 210
446 209
444 208
443 206
442 205
440 203
439 202
437 200
436 199
435 197
433 196
432 195
430 193
429 192
428 191
427 189
426 188
425 187
424 185
423 184
422 183
421 182
420 181
419 180
418 179
416 178
415 177
415 176
413 175
413 174
411 174
411 173
410 172
409 171
408 171
407 170
406 169
405 169
405 168
404 167
404 166
403 165
404 164
