279
222 69
225 70
226 70
228 70
229 71
231 71
234 71
236 71
238 71
241 71
244 71
247 72
250 72
254 72
257 72
261 72
264 72
268 72
272 72
275 72
279 72
283 72
287 72
291 72
294 72
298 72
302 72
306 72
309 72
313 72
317 72
320 72
324 72
327 72
331 72
334 72
338 72
341 72
344 71
348 71
351 71
354 71
357 71
360 71
363 71
366 71
370 70
373 70
376 70
379 69
381 69
384 69
387 69
390 68
392 68
395 68
397 68
400 68
402 68
405 68
407 68
410 68
413 68
415 68
417 68
419 68
420 68
422 68
423 68
424 68
425 68
426 68
427 68
428 68
429 68
430 68
430 69
431 69
431 70
431 71
431 72
432 72
432 73
432 74
432 75
432 76
432 78
432 79
432 80
432 82
432 83
431 85
432 86
432 87
432 89
432 90
432 92
432 93
432 95
432 97
432 99
432 101
432 103
432 105
432 107
432 109
432 111
433 113
433 114
433 116
432 118
432 120
432 123
432 125
432 127
432 129
432 131
432 133
432 135
432 137
431 139
431 141
431 142
431 144
431 146
431 148
431 150
431 151
431 153
431 155
431 156
431 158
431 159
432 160
432 161
432 162
432 163
432 164
432 165
432 166
432 167
432 168
433 168
433 169
432 169
432 170
431 170
430 170
429 170
428 170
427 169
426 169
425 169
424 169
422 169
421 169
419 169
417 169
415 169
413 169
411 169
409 169
407 169
405 169
402 169
400 169
398 169
395 168
393 168
391 168
388 168
386 168
383 168
381 168
378 168
375 168
373 168
370 168
367 168
365 168
362 168
359 168
357 168
355 168
352 168
350 168
348 168
346 167
344 167
342 167
340 167
338 167
337 167
335 167
334 167
333 167
332 167
331 166
330 166
329 166
328 166
327 166
327 165
326 165
325 164
324 164
324 163
323 163
322 162
321 162
320 161
319 161
318 160
317 159
316 159
314 158
313 157
312 157
310 156
309 155
307 153
305 152
304 151
302 149
300 148
298 146
296 145
294 143
292 141
290 140
288 139
286 137
284 136
282 134
280 133
278 131
276 130
273 128
271 126
269 125
267 123
265 121
263 119
261 118
259 116
257 115
255 113
253 112
252 110
250 109
248 107
246 105
245 104
243 102
242 100
240 98
239 97
237 95
236 94
234 92
233 91
232 90
230 88
229 87
228 86
227 85
225 83
224 82
223 81
222 80
222 79
221 78
220 78
220 77
219 77
219 76
220 76
220 75
221 75
