371
184 107
193 108
194 109
195 109
197 109
198 109
200 109
202 109
204 109
207 109
209 110
212 109
215 109
217 109
220 109
220 109
223 109
227 109
230 109
233 109
237 109
240 109
244 109
247 109
251 108
255 108
258 108
262 108
266 108
270 108
273 108
277 108
281 108
285 108
289 108
293 108
297 107
301 107
305 107
309 107
314 107
318 107
322 107
326 107
330 107
334 107
338 107
342 107
346 107
351 107
355 107
359 107
363 107
367 107
371 107
375 107
380 107
384 107
388 107
392 107
396 107
401 107
405 107
410 107
414 106
418 106
423 106
427 106
431 106
436 106
440 106
445 106
449 106
454 106
458 105
463 105
467 105
472 105
476 105
481 105
485 105
489 105
493 105
497 105
501 105
505 105
508 105
511 105
514 105
517 106
519 106
521 106
522 106
523 106
524 106
525 106
526 106
525 106
525 107
525 108
524 109
524 110
524 111
524 112
524 113
524 114
523 115
523 117
523 118
523 119
522 121
522 123
522 124
521 126
521 128
520 130
520 132
520 134
519 136
519 138
518 140
518 142
518 144
517 147
517 149
516 151
516 153
515 155
515 157
514 160
514 162
514 164
513 166
513 169
512 171
512 173
511 175
511 177
510 179
510 181
509 184
509 186
509 188
508 190
508 193
508 195
507 197
507 199
507 201
506 203
506 206
506 208
505 210
505 212
505 215
504 217
504 219
504 222
504 224
504 226
503 228
503 230
503 233
503 235
503 238
502 240
502 242
502 245
502 247
501 249
501 251
501 253
500 255
500 257
500 258
499 260
499 261
499 262
498 264
498 265
498 266
497 267
497 268
496 268
495 268
494 268
493 269
492 269
491 269
490 270
489 270
487 270
486 270
484 271
482 271
481 271
479 272
477 272
475 272
473 273
471 273
469 273
467 273
465 274
463 274
461 274
459 274
457 274
455 274
453 274
451 274
449 274
446 275
444 275
442 275
440 275
437 275
435 275
433 275
431 275
428 275
426 275
424 275
421 275
419 275
416 275
414 275
411 275
409 275
406 275
404 275
402 275
399 275
397 275
394 275
392 275
389 275
387 275
384 275
382 275
380 275
377 275
375 275
373 275
370 275
368 275
365 275
363 275
360 275
358 274
356 274
354 274
351 274
349 274
347 274
345 274
343 274
341 274
339 274
338 274
336 274
334 274
333 274
332 274
330 274
329 274
328 274
327 274
326 274
326 273
325 272
325 271
324 270
324 269
323 268
323 267
323 266
322 265
322 264
321 262
321 261
320 260
319 259
319 257
318 256
317 255
316 253
315 252
314 251
313 249
312 247
311 246
310 244
309 242
308 240
307 239
305 237
304 235
303 233
302 231
300 230
299 228
298 226
296 224
295 222
294 220
292 219
291 217
289 215
288 213
286 211
285 209
283 207
282 205
280 203
278 201
277 199
275 197
273 195
272 193
270 191
269 189
267 187
265 185
263 183
261 181
260 179
258 177
256 175
254 173
252 171
251 170
249 168
247 166
246 164
244 162
242 160
241 158
239 156
237 154
235 152
234 150
232 149
230 147
228 145
227 144
225 142
223 140
222 139
220 137
218 135
217 134
215 132
214 130
212 129
211 127
209 126
208 124
207 123
205 121
204 120
203 119
201 118
200 117
200 116
199 115
198 114
197 114
197 113
196 113
196 113
