285
204 54
206 53
207 53
209 54
210 54
212 54
214 54
216 54
218 55
221 55
223 55
226 55
229 55
232 55
235 55
239 56
242 56
245 56
248 56
252 56
255 56
258 56
261 57
265 57
268 57
272 57
275 57
278 57
281 57
284 58
287 58
290 58
293 58
296 58
299 58
302 58
305 58
309 58
312 58
315 58
318 58
321 58
325 58
328 58
331 58
334 58
337 58
341 58
344 58
347 58
350 58
354 58
357 59
360 59
363 59
366 59
369 59
372 59
375 59
378 59
381 59
384 59
387 59
389 59
392 60
394 60
397 60
399 60
401 60
403 60
404 60
405 60
407 60
408 60
409 60
410 60
411 60
411 61
412 61
413 61
413 62
412 62
412 63
412 64
412 65
412 66
412 67
411 68
411 69
411 70
411 71
411 72
411 73
410 74
410 75
410 77
410 78
409 80
409 81
409 83
409 84
409 86
408 87
408 89
408 90
408 92
408 93
408 95
408 96
408 98
407 100
407 102
407 104
407 106
407 107
407 109
407 111
407 113
407 114
406 116
406 118
406 119
406 121
406 123
406 125
406 127
406 129
406 130
406 132
406 133
406 135
406 136
406 137
406 138
406 139
406 140
406 142
406 143
406 144
406 145
406 146
406 147
406 148
407 149
407 150
407 151
407 152
407 153
406 153
405 153
404 153
403 153
402 153
401 153
399 153
398 153
397 153
395 153
393 153
392 153
390 153
388 153
386 153
384 153
382 153
380 153
378 152
376 152
373 152
371 152
369 152
366 152
364 152
361 152
359 152
356 152
353 151
350 151
348 151
345 151
342 151
339 151
336 151
333 151
330 150
327 150
324 150
320 150
317 149
314 149
311 149
307 149
304 149
301 149
298 148
295 148
292 148
289 148
286 147
284 147
281 147
279 147
276 147
274 147
272 146
270 146
267 146
266 146
264 146
263 146
261 146
260 145
259 145
258 145
257 145
256 145
255 144
254 144
253 144
253 143
252 143
252 142
251 142
250 141
249 141
249 140
248 139
247 139
246 138
246 137
245 136
244 135
243 134
242 133
241 132
239 131
238 129
237 128
236 126
234 125
233 123
232 121
230 120
229 118
227 117
226 115
224 113
223 112
222 110
220 108
219 106
218 104
217 102
216 100
214 98
213 96
212 94
210 93
209 91
207 89
206 88
205 86
203 85
202 83
201 81
200 80
198 78
197 76
196 75
195 74
194 72
193 71
192 70
191 69
190 68
189 67
188 66
187 65
186 64
186 63
185 63
185 62
185 63
186 63
185 64
