238
404 158
408 158
410 158
412 158
414 158
416 158
418 158
421 158
424 158
427 158
431 158
434 158
438 158
442 158
446 158
451 158
455 158
460 157
464 157
469 157
474 157
478 157
483 157
487 157
492 157
496 156
500 156
504 156
508 156
512 156
516 156
520 155
523 155
527 155
530 155
533 155
537 154
540 154
542 154
545 154
548 153
550 153
553 153
555 153
557 153
559 153
560 153
562 153
563 153
564 153
565 153
566 153
567 153
568 153
569 153
570 153
570 154
571 154
572 154
572 155
572 156
573 156
573 157
574 158
574 159
575 161
575 162
575 163
576 165
576 166
576 168
576 170
576 172
576 174
576 177
576 179
576 181
576 184
576 186
576 188
576 191
577 193
577 196
577 198
577 200
577 203
578 205
578 207
578 210
578 212
579 214
579 216
579 218
579 220
579 222
579 225
579 226
579 228
579 230
579 232
580 233
580 235
580 236
580 237
581 238
581 239
581 240
581 241
582 242
582 243
581 244
580 244
579 244
578 244
577 244
576 244
575 244
573 244
571 244
570 244
568 244
565 245
563 245
561 245
559 245
557 245
554 246
552 246
550 246
547 247
545 247
542 247
540 247
537 248
535 248
533 248
531 249
529 249
527 249
525 249
524 249
522 249
521 249
520 249
519 249
518 249
517 249
516 249
515 249
514 249
513 249
513 248
512 248
511 247
510 246
509 245
508 245
508 244
507 243
506 242
505 241
504 240
503 239
501 238
500 237
499 236
497 235
496 234
494 233
493 232
491 230
489 229
487 228
486 227
484 226
482 224
481 223
479 222
477 221
476 219
474 218
473 217
472 216
470 215
469 214
467 213
466 212
465 211
463 210
462 208
461 207
460 206
458 205
457 204
456 203
455 202
453 201
452 200
451 199
450 198
449 197
448 196
447 194
445 193
444 192
443 191
442 190
441 189
440 189
439 188
438 187
436 186
435 185
434 184
433 183
432 183
431 182
430 181
429 180
428 180
427 179
426 178
425 178
425 177
424 176
423 176
422 175
421 174
420 173
419 172
418 171
418 170
418 169
418 168
419 168
420 167
421 167
422 166
