293
364 177
369 178
370 178
371 178
369 178
366 178
366 179
367 179
368 179
369 179
370 179
370 180
371 180
372 180
373 180
374 180
375 180
377 180
379 180
381 180
384 180
387 180
389 179
392 179
396 179
399 179
402 178
406 178
410 178
413 178
417 178
421 178
425 177
429 177
432 177
436 177
440 177
443 177
447 177
450 177
454 177
457 177
460 177
464 177
467 176
471 176
474 176
477 176
481 176
484 176
488 176
491 176
495 176
499 175
502 175
506 175
510 175
514 175
518 174
522 174
526 174
530 174
533 173
537 173
541 173
544 173
548 173
551 172
555 172
558 172
561 172
564 172
567 172
570 172
572 172
574 172
576 172
578 172
579 172
580 172
582 172
583 172
584 172
585 172
586 172
587 172
588 172
588 173
589 173
589 174
590 174
590 175
591 176
592 177
592 178
593 179
593 180
594 181
594 183
594 184
595 186
595 188
595 189
595 191
595 193
595 195
595 197
595 199
595 201
596 204
596 206
596 207
596 210
596 212
596 214
596 216
596 218
596 219
596 221
596 223
596 225
596 227
596 229
597 231
597 232
597 234
597 236
597 238
597 239
597 241
597 242
597 244
597 246
597 247
598 249
598 250
598 251
598 253
598 254
598 255
598 256
598 257
598 258
598 259
598 260
598 261
597 261
596 261
595 262
594 262
593 262
591 262
590 262
589 262
587 262
586 262
584 262
582 263
581 263
579 263
577 263
575 263
572 264
570 264
568 264
566 264
563 264
560 264
558 264
555 265
552 265
550 265
547 265
544 265
541 265
538 265
534 266
531 266
528 266
525 266
522 266
520 266
517 266
514 266
511 266
509 266
506 266
504 266
501 266
499 266
497 266
495 266
493 266
491 265
489 265
488 265
486 265
484 265
483 265
482 265
480 264
479 264
478 264
477 263
476 263
475 263
475 262
474 262
473 261
472 261
472 260
471 259
470 259
470 258
469 257
468 256
467 256
465 255
464 254
463 253
461 252
460 251
458 250
457 249
455 247
453 246
452 245
450 243
448 242
447 241
445 239
444 238
442 237
440 235
439 234
437 233
435 231
434 230
432 229
430 228
428 227
427 226
425 224
423 223
421 222
420 221
418 220
416 219
414 219
413 218
411 217
410 216
408 215
407 214
405 213
403 212
402 211
400 210
399 209
398 209
396 208
395 207
394 206
392 205
391 204
390 203
389 202
387 201
386 200
385 199
384 198
383 197
382 196
381 195
380 194
379 194
378 193
377 192
376 192
375 191
374 191
374 190
373 190
373 189
372 189
372 188
371 188
370 187
369 186
368 185
368 184
368 183
369 183
