259
405 185
409 185
410 185
412 185
413 185
415 185
418 185
420 184
423 184
426 184
429 184
432 184
435 184
439 184
442 183
446 183
450 183
454 183
457 183
461 183
465 183
468 183
472 183
476 183
480 183
483 183
487 183
491 182
495 182
498 182
502 182
505 182
509 182
512 182
516 182
519 181
522 181
526 181
530 181
533 181
537 180
541 180
544 180
548 179
552 179
555 179
559 179
562 178
566 178
569 178
573 178
576 178
580 178
583 178
586 177
589 177
592 177
594 177
597 177
599 177
601 177
603 177
605 177
607 177
608 177
609 177
610 177
611 177
612 177
613 177
613 178
614 178
614 179
615 179
615 180
616 181
617 182
617 183
618 184
618 185
619 186
620 188
620 190
620 191
621 193
621 195
622 197
622 199
622 201
622 203
623 206
623 208
623 210
623 212
623 214
624 217
624 219
624 222
624 224
624 227
624 229
624 232
624 234
624 236
624 238
624 240
624 242
624 244
624 246
624 248
624 250
624 252
624 254
624 255
624 257
624 259
624 260
624 262
624 263
625 264
624 265
625 266
625 267
625 268
625 269
625 270
625 271
625 272
625 273
625 274
624 274
623 274
622 274
621 274
620 274
619 274
618 274
617 274
615 274
614 274
612 275
610 275
607 275
605 275
602 275
600 275
597 275
594 275
591 275
588 274
585 274
582 274
579 274
576 274
573 274
570 274
568 274
565 274
562 274
560 274
558 274
555 274
553 274
551 274
549 274
547 274
545 274
542 274
540 274
538 274
536 274
534 274
532 274
530 274
528 274
527 274
525 274
523 274
521 273
519 273
518 273
517 273
515 273
514 273
513 273
512 272
511 272
510 271
509 271
508 270
507 270
506 269
505 268
504 267
502 266
501 265
500 264
498 263
497 262
495 261
493 260
491 259
489 257
487 256
485 255
483 253
480 252
478 251
476 249
474 248
472 246
470 245
469 243
467 242
465 240
464 239
462 237
460 236
458 234
457 233
455 231
453 230
451 228
449 227
448 225
446 224
444 222
442 221
440 219
439 218
437 216
435 215
433 213
431 212
429 211
427 210
425 208
423 207
422 206
420 205
419 204
417 203
416 202
414 201
413 200
412 199
411 198
410 197
409 196
408 196
407 195
406 194
405 193
404 193
404 192
404 191
405 191
405 190
406 189
