371
182 131
187 131
188 131
190 131
191 131
193 131
194 131
196 131
199 131
201 131
203 130
206 130
209 130
211 129
214 129
217 129
220 128
223 128
225 128
228 128
231 127
234 127
237 127
240 127
243 127
246 127
249 127
252 127
255 127
258 127
261 127
263 127
266 128
269 128
272 128
275 128
278 129
281 129
284 129
287 129
291 129
294 130
297 130
300 130
303 130
307 130
310 130
314 130
317 130
320 130
324 130
327 130
330 130
334 130
337 130
341 130
344 130
347 130
351 130
354 130
358 130
361 130
364 130
368 130
371 130
374 130
377 130
380 129
384 129
387 129
390 129
393 129
396 129
399 129
402 129
405 129
408 129
411 129
414 129
417 129
420 129
423 129
426 129
429 129
432 128
435 128
438 128
441 128
444 128
447 128
450 128
453 128
456 127
459 127
462 127
466 127
469 127
472 127
475 126
478 126
481 126
484 126
487 125
489 125
492 125
494 125
497 125
499 124
500 124
502 124
503 124
504 124
505 124
506 124
507 124
507 125
508 125
508 126
508 127
508 128
508 129
508 130
508 131
508 132
508 133
508 134
508 136
508 137
508 138
508 140
509 141
509 142
509 144
509 145
509 147
508 148
508 150
508 151
508 153
508 155
508 156
507 158
507 160
507 162
507 164
506 165
506 167
506 169
505 171
505 173
505 175
504 176
504 178
503 180
503 182
503 184
502 186
502 188
502 190
501 192
501 194
500 196
500 198
500 200
499 201
499 203
499 205
498 207
498 209
498 211
498 212
497 214
497 216
497 218
497 219
496 221
496 223
496 224
496 225
495 227
495 228
495 230
495 231
495 232
494 233
494 234
494 235
494 236
494 237
494 238
493 239
493 240
493 241
492 241
491 241
491 242
490 242
489 242
488 242
487 242
486 242
484 242
483 242
482 242
480 242
479 242
477 242
475 242
473 243
471 243
469 243
467 243
465 243
463 243
460 243
458 243
456 243
454 243
452 243
449 243
447 243
445 243
443 243
440 243
438 243
436 243
434 243
431 242
429 242
427 242
424 242
422 242
420 242
417 242
414 242
412 242
409 242
407 242
404 242
401 242
399 242
396 242
393 242
391 242
388 242
386 242
383 242
380 242
378 242
375 242
373 242
370 242
368 242
365 242
362 242
360 242
357 242
355 242
352 242
350 242
347 242
345 242
342 242
340 242
337 242
335 242
332 242
330 242
328 242
326 242
323 242
321 242
319 242
316 242
314 242
312 242
309 242
307 242
305 242
303 242
302 242
300 242
299 242
298 242
297 242
296 242
295 242
294 242
294 241
293 240
293 239
292 239
292 238
291 237
291 236
290 235
289 234
288 233
288 232
287 231
286 230
284 229
283 228
282 226
281 225
279 224
278 222
277 221
275 220
274 218
273 217
271 215
270 214
268 212
267 210
265 209
263 207
262 205
260 203
258 202
256 200
254 199
253 197
251 195
249 194
247 192
245 190
243 189
241 187
240 185
238 183
236 182
234 180
232 178
230 177
228 175
226 173
224 172
223 170
221 169
219 167
218 165
216 164
215 162
213 161
212 159
210 157
209 156
208 154
206 153
205 152
203 150
202 149
201 148
200 146
199 145
198 144
196 143
195 142
195 141
194 140
193 139
192 138
191 138
191 137
190 137
190 136
189 136
189 135
189 134
189 134
