231
132 104
137 105
138 105
140 105
141 105
142 105
144 105
146 105
148 105
150 105
152 105
155 105
157 105
160 104
163 104
167 104
170 104
173 104
177 103
181 103
185 103
189 102
193 102
197 102
201 101
205 101
210 101
214 101
218 100
223 100
227 100
231 100
236 99
240 99
245 99
249 99
254 98
258 98
263 98
268 98
272 97
277 97
281 97
286 97
290 96
295 96
299 95
303 95
307 95
311 94
314 94
318 94
321 93
325 93
328 93
331 92
333 92
336 91
338 91
340 91
342 90
344 90
345 90
347 89
348 89
349 89
350 89
351 89
351 88
352 89
352 90
352 91
352 92
352 93
352 94
352 95
353 96
353 98
353 100
353 101
353 103
354 105
354 107
354 109
354 112
355 114
355 117
355 120
356 123
356 126
356 130
356 133
357 137
357 141
357 144
357 148
357 151
358 155
358 159
358 163
358 166
358 170
358 174
358 178
358 182
358 185
359 189
358 192
358 195
358 198
358 201
358 204
359 206
359 209
359 211
359 213
359 214
359 215
359 216
359 217
359 218
359 219
358 219
357 218
357 219
356 219
355 219
354 219
353 219
351 219
349 219
347 219
345 219
343 220
340 220
338 220
335 221
332 221
328 221
325 222
321 222
317 222
314 223
310 223
305 223
301 224
297 224
293 224
289 225
285 225
281 226
277 226
274 226
270 227
267 227
263 227
260 227
257 228
254 228
251 228
248 228
246 228
243 228
241 229
239 229
238 229
236 230
235 230
234 230
233 230
233 231
233 230
232 230
232 229
232 228
231 227
230 226
230 225
229 224
228 223
227 222
226 220
225 219
224 217
222 215
221 213
219 211
218 209
216 207
214 204
212 202
210 199
208 197
206 194
204 191
202 188
200 185
198 182
196 179
193 176
191 173
189 169
186 166
184 163
182 160
179 157
177 154
175 151
173 148
170 144
168 141
166 138
164 135
161 133
159 130
157 127
155 125
153 123
152 121
150 119
149 117
147 115
146 113
145 112
144 111
143 110
142 109
141 108
141 107
142 107
143 108
