202
260 194
265 193
268 192
271 192
274 192
278 192
282 192
285 191
289 191
292 191
295 191
300 191
303 191
306 191
311 191
314 191
317 191
320 191
323 191
326 191
329 191
333 191
336 191
339 191
342 191
345 191
348 191
351 191
354 192
357 192
360 192
363 192
366 192
369 192
372 192
376 192
379 192
382 192
386 192
389 192
392 192
395 192
399 192
402 192
406 192
409 192
413 192
416 192
420 192
423 193
427 193
430 193
434 193
437 193
440 193
444 194
447 194
450 194
453 194
456 194
461 194
465 194
468 195
471 195
474 195
474 198
474 201
474 204
474 207
474 210
475 213
475 216
475 219
476 222
476 225
476 228
477 231
477 234
477 237
478 239
478 243
479 246
479 250
479 253
480 256
480 259
480 262
480 266
480 269
479 271
479 274
479 277
479 280
479 283
479 286
479 289
479 292
479 295
479 298
479 302
479 305
479 308
478 310
478 313
477 316
474 316
471 316
468 316
465 316
461 316
457 316
454 316
451 316
448 316
444 316
441 316
438 316
435 316
431 316
428 316
425 316
422 316
418 316
415 315
412 315
409 315
406 315
403 315
399 315
396 315
393 315
390 315
389 313
387 311
386 309
384 307
382 305
380 304
377 302
375 301
373 300
371 299
369 297
367 296
365 295
363 293
360 291
358 289
355 287
353 285
351 284
349 282
347 281
345 279
342 276
340 274
337 272
335 270
332 268
330 266
328 264
325 262
322 260
319 257
316 255
315 253
313 252
310 250
309 248
307 247
304 245
302 242
300 241
297 239
296 237
294 236
291 234
290 232
288 231
286 228
284 227
281 225
279 223
277 221
274 219
271 217
268 215
266 214
263 212
260 210
258 208
256 207
254 205
252 204
250 202
247 200
245 199
243 197
241 196
239 194
237 193
238 192
