234
254 175
262 174
266 174
269 175
272 175
276 175
280 175
285 175
290 176
293 176
296 176
299 176
302 176
305 176
308 176
311 176
315 177
318 177
322 177
326 177
329 177
333 177
337 177
341 177
345 178
348 178
352 178
356 178
359 178
363 178
366 178
370 178
373 179
377 179
380 179
384 179
387 179
391 179
394 179
398 179
401 179
405 179
409 179
412 179
416 179
420 179
424 179
427 179
431 179
435 179
438 179
442 179
446 179
449 179
453 179
457 179
460 179
464 179
467 179
471 179
474 180
477 180
481 180
484 180
487 180
492 180
497 180
500 180
503 180
506 180
506 183
506 186
506 189
506 192
506 195
506 198
506 201
506 204
506 207
506 210
505 213
505 216
505 219
505 222
504 224
504 227
504 230
504 233
503 236
502 240
502 243
501 245
501 248
500 250
500 253
500 256
499 259
499 262
499 265
498 268
498 272
498 275
497 278
497 281
497 284
497 287
497 290
497 293
497 297
497 300
497 303
497 307
496 309
496 312
496 315
496 319
495 322
495 325
495 328
495 332
495 335
495 338
495 341
493 340
490 339
487 339
483 339
481 338
478 338
475 338
473 337
470 337
467 337
464 336
461 336
459 335
455 335
452 335
449 334
446 334
444 333
441 333
439 332
435 332
431 332
428 331
424 331
421 330
418 330
415 330
412 329
409 329
406 329
403 329
399 329
396 329
393 328
390 328
387 328
383 328
380 328
377 327
374 327
373 325
372 323
371 321
370 319
369 317
368 315
366 313
364 311
363 309
362 307
359 305
357 303
356 301
354 299
352 297
351 295
349 293
348 291
346 289
345 287
343 284
341 281
339 278
337 276
336 274
334 271
331 268
329 265
327 262
325 261
324 259
323 257
321 256
320 254
319 252
317 251
316 249
314 246
312 244
310 242
309 240
306 237
305 235
303 232
301 229
300 227
297 224
295 221
293 218
291 216
290 214
288 211
286 209
285 207
283 204
282 201
280 198
278 195
276 193
275 191
272 189
270 187
269 185
267 183
265 181
263 179
261 177
259 176
258 174
256 173
259 173
