362
149 115
159 114
161 114
163 114
165 114
167 113
169 113
171 113
174 113
176 113
179 113
181 113
184 112
187 112
190 112
193 112
196 112
199 112
202 112
206 112
209 112
212 111
216 111
219 111
223 111
226 111
230 111
234 111
237 111
241 111
245 111
249 111
253 111
257 111
261 111
265 111
269 110
273 110
277 110
281 110
285 110
289 110
293 110
297 110
301 111
305 111
309 111
313 111
317 111
321 111
325 111
329 111
333 111
337 111
341 111
345 111
350 112
354 112
358 112
362 112
366 112
370 112
374 112
377 112
381 112
385 112
389 112
393 112
397 112
400 112
404 112
408 112
411 112
415 112
418 112
422 112
425 112
428 112
432 112
435 112
438 112
442 113
445 113
448 113
451 113
454 113
457 113
460 113
463 113
466 114
469 114
472 114
475 114
477 114
480 114
482 114
484 114
487 115
489 115
490 115
492 115
494 115
495 115
496 115
497 115
498 115
499 116
500 116
501 116
501 117
502 117
502 118
502 119
502 120
502 121
501 122
501 123
501 124
501 125
500 126
500 127
500 129
500 130
499 132
499 133
498 135
498 137
498 138
497 140
497 142
496 144
496 145
496 147
495 149
495 151
494 153
493 155
493 157
492 159
492 162
491 164
491 166
490 168
490 170
489 172
489 174
488 176
488 178
488 181
487 183
487 185
486 187
486 189
486 192
485 194
485 196
484 198
484 200
484 202
483 204
483 206
483 208
482 210
482 212
482 215
481 217
481 219
480 221
480 223
479 225
479 227
478 229
478 232
477 234
477 236
476 238
475 240
474 242
474 244
473 246
472 248
471 250
471 251
470 252
469 254
469 255
468 256
468 257
467 258
466 259
466 260
465 260
465 261
464 261
463 261
462 262
461 262
459 262
458 262
457 262
456 263
454 263
453 263
451 263
449 263
447 264
445 264
443 264
441 264
438 264
436 264
433 265
431 265
428 265
426 265
423 265
420 265
418 265
415 265
412 265
409 265
407 265
404 265
401 265
398 265
395 265
392 265
389 265
386 265
383 265
380 265
377 265
373 265
370 265
367 265
364 265
361 265
358 264
354 264
351 264
348 264
345 264
342 264
338 264
335 264
332 264
328 264
325 264
321 264
318 264
315 264
311 264
308 264
304 264
301 264
298 264
294 264
291 264
288 264
284 263
281 263
278 263
274 263
271 263
268 263
265 263
262 263
259 263
256 263
254 263
252 263
249 263
247 263
246 263
244 263
243 262
242 262
241 262
240 262
239 262
238 261
238 260
237 260
237 259
237 258
237 257
236 257
236 256
235 255
235 254
234 253
234 252
233 250
233 249
232 248
231 246
231 244
230 243
229 241
228 239
227 237
227 235
226 233
225 231
224 229
223 227
222 225
221 223
220 221
219 219
218 217
216 215
215 212
214 210
213 208
212 205
211 203
210 200
209 198
207 196
206 193
205 191
204 189
202 186
201 184
200 182
198 179
197 177
196 174
195 172
193 170
192 167
191 165
190 163
189 160
187 158
186 155
185 153
184 151
182 149
181 146
180 144
178 142
177 140
176 138
174 136
173 134
172 132
171 130
170 129
169 127
168 125
167 124
166 123
166 122
165 120
164 119
163 118
163 117
162 117
162 116
162 116
