294
221 66
226 66
228 66
230 66
232 66
234 66
236 66
238 66
240 66
242 66
245 67
247 67
249 67
252 67
254 67
256 67
259 67
262 67
265 67
267 67
270 67
273 67
276 67
279 67
282 67
285 67
288 67
291 66
294 66
297 66
300 66
303 66
306 66
309 66
312 66
315 66
318 66
321 66
324 66
327 66
330 66
333 66
336 66
339 66
342 66
345 66
348 66
351 66
353 66
356 66
359 65
362 65
364 65
367 65
370 65
373 65
376 65
378 65
381 65
384 65
386 65
389 65
391 64
394 64
397 64
399 64
402 64
404 64
406 64
409 64
411 64
413 64
415 64
416 64
418 64
420 64
421 64
422 64
423 64
424 64
425 64
426 64
427 64
427 65
427 66
427 67
427 68
427 69
427 70
427 71
427 72
426 73
426 74
426 75
426 76
426 78
426 79
426 80
426 82
425 83
425 85
425 86
425 87
425 89
425 90
425 91
424 93
424 94
424 96
424 97
424 99
423 101
423 103
423 105
423 106
423 108
422 110
422 111
422 113
422 114
422 116
422 118
422 119
422 121
422 123
422 125
422 127
422 129
422 131
422 132
422 134
422 135
422 137
422 138
422 139
422 141
422 142
422 143
423 145
423 146
423 147
423 148
423 149
423 150
423 151
423 152
423 153
423 154
423 155
424 155
424 156
423 156
422 156
421 156
420 156
419 156
417 156
416 156
415 156
413 157
412 157
410 157
408 157
406 157
404 157
402 157
400 157
397 157
395 157
393 157
391 157
388 157
385 157
383 157
380 157
378 157
375 157
372 157
369 157
366 157
363 157
360 157
357 157
354 157
351 157
348 157
345 157
342 157
339 157
336 157
333 157
330 157
327 157
325 157
322 157
319 157
316 157
314 157
312 157
309 157
307 157
305 157
303 157
301 157
300 157
298 157
297 157
295 157
294 157
293 157
292 157
291 157
290 157
290 156
289 156
289 155
288 155
288 154
287 154
287 153
286 152
285 151
284 150
283 149
282 148
281 147
280 146
279 145
278 144
277 143
276 141
275 140
273 139
272 138
271 137
270 136
269 135
268 134
266 133
265 131
264 130
263 129
262 127
261 126
260 124
259 123
257 121
256 119
255 118
253 117
252 116
250 114
249 113
248 112
247 110
245 109
244 108
243 106
242 105
241 103
239 102
238 100
237 99
236 98
235 97
233 95
232 94
231 93
230 92
229 91
227 91
226 90
225 89
224 88
224 87
223 86
222 85
221 84
221 83
220 83
220 82
220 81
219 80
219 79
219 78
218 78
218 77
217 77
217 76
217 77
218 77
219 77
220 77
221 77
