221
107 120
111 118
113 117
114 117
116 117
118 116
121 116
124 115
127 115
130 115
134 114
138 114
142 113
147 113
151 112
156 112
161 112
166 112
172 111
177 111
183 111
189 111
194 111
200 111
206 111
212 111
219 111
225 111
231 111
237 111
243 110
250 110
256 110
262 110
268 110
274 110
280 110
286 109
292 109
297 109
302 108
307 108
312 107
317 107
321 107
325 106
328 106
332 106
335 105
338 105
340 104
342 104
344 104
345 104
346 103
347 103
348 103
349 103
349 104
348 104
348 105
348 106
348 107
348 108
348 109
348 110
348 111
348 112
348 114
348 116
348 118
348 120
348 122
348 125
348 128
348 130
348 133
348 137
348 140
348 144
348 147
348 151
349 155
349 159
349 163
350 167
350 171
350 175
351 179
351 183
351 187
351 191
352 194
352 198
352 201
352 204
352 207
352 210
352 213
352 215
352 217
352 219
352 221
352 223
352 224
352 225
352 226
352 227
352 228
352 229
352 230
352 229
351 230
350 230
349 230
348 230
347 230
346 230
345 230
343 230
341 231
339 231
336 231
334 232
331 232
328 232
324 232
321 232
317 232
313 233
309 233
305 233
301 233
297 233
292 233
288 233
284 233
280 233
276 233
272 233
268 233
264 234
261 234
258 234
255 234
252 234
249 235
247 235
245 235
243 235
242 236
241 236
240 236
239 236
238 236
238 235
237 235
237 234
236 234
236 233
235 232
234 232
234 231
233 230
232 229
230 227
229 226
228 225
226 223
225 222
223 220
221 218
219 216
217 214
214 212
212 210
209 208
207 205
204 203
201 201
198 198
195 196
192 193
189 190
186 188
182 185
179 182
176 180
172 177
169 174
166 171
162 168
159 165
156 163
153 160
150 157
147 155
144 152
142 149
139 147
137 144
134 142
132 139
130 137
128 135
126 132
124 130
122 128
121 126
119 125
118 123
117 121
115 120
115 119
114 118
113 117
112 116
111 115
112 115
112 116
113 116
