270
174 63
177 64
179 64
181 64
183 64
185 64
187 64
190 64
192 64
195 64
198 64
201 64
204 64
207 64
210 64
213 64
217 63
220 63
224 63
227 63
230 63
234 63
237 63
241 63
244 63
247 62
250 62
253 62
256 62
259 63
262 63
265 63
268 63
270 63
273 63
276 63
279 63
282 63
285 62
288 62
291 62
294 62
297 62
299 62
302 62
305 62
308 61
312 61
315 61
318 61
321 61
325 60
328 60
331 60
334 60
338 59
341 59
344 59
346 59
349 59
352 59
354 59
357 59
359 58
362 58
364 58
366 58
368 58
369 58
371 58
372 58
373 58
374 58
375 58
376 58
376 59
376 60
376 61
376 62
376 63
376 64
377 65
377 66
377 67
377 68
377 69
377 70
378 71
378 72
378 74
378 75
378 77
378 79
378 80
377 82
377 84
377 85
377 87
377 88
377 90
377 91
377 93
377 95
377 96
377 98
377 100
377 102
377 104
377 106
377 108
377 110
377 112
377 114
377 116
377 118
377 120
377 123
377 125
377 127
377 129
378 132
378 134
378 136
379 138
379 140
379 142
380 144
380 146
380 148
380 149
381 151
381 153
381 154
381 156
381 157
382 157
382 158
382 159
382 160
382 161
382 162
381 162
380 162
379 162
378 162
377 162
376 162
375 162
374 162
372 162
370 162
368 162
366 162
365 162
362 162
360 162
359 162
357 162
355 162
353 162
351 162
348 162
346 162
344 162
341 162
339 162
336 162
334 162
331 162
328 162
325 162
322 162
320 162
317 162
314 162
311 162
308 162
305 162
303 162
300 162
297 162
294 162
292 162
289 162
286 162
284 162
282 161
279 161
277 161
275 161
273 161
271 161
270 161
269 161
268 160
267 160
266 160
265 160
264 159
263 159
262 159
261 158
260 158
259 158
258 157
257 156
255 156
254 155
252 154
251 153
249 152
248 151
246 150
244 148
243 147
241 146
240 144
238 143
236 142
234 140
232 139
230 138
228 136
226 135
224 133
222 131
220 129
218 128
215 126
213 124
211 122
208 120
206 119
203 117
201 115
199 114
197 112
195 111
193 109
191 108
189 106
187 104
185 103
184 101
182 99
180 98
179 96
177 95
176 94
175 93
174 91
172 90
171 89
170 88
169 87
168 87
167 86
166 85
165 84
164 83
164 82
163 81
162 80
161 79
160 78
159 77
160 77
160 78
161 78
162 78
