329
448 156
452 155
453 155
455 155
456 155
458 155
460 155
463 155
465 154
468 154
470 154
473 154
476 154
478 154
481 154
484 154
487 154
490 154
492 154
495 154
498 154
500 154
503 154
505 154
507 154
510 153
512 153
514 153
516 153
518 153
520 152
522 152
524 152
526 152
528 152
529 152
531 152
533 152
535 152
537 151
539 151
541 151
543 151
545 151
547 151
549 151
551 151
553 150
556 150
558 150
560 150
562 150
565 150
567 150
569 150
572 150
574 150
576 150
579 149
581 149
583 149
586 149
588 149
591 149
593 149
595 148
598 148
600 148
602 148
604 148
606 148
607 148
609 148
610 147
611 147
612 147
613 147
614 147
615 147
616 147
617 147
617 148
618 148
618 149
619 150
619 151
619 152
620 153
620 154
620 155
620 156
621 157
621 158
621 159
622 160
622 161
622 163
623 164
623 166
623 167
623 169
623 170
624 172
624 173
624 175
624 176
625 178
625 179
625 181
625 182
626 183
626 185
626 186
626 188
626 189
626 190
626 192
626 193
627 194
627 196
627 197
627 198
627 199
627 201
627 202
628 203
628 205
628 206
628 208
628 209
628 211
628 213
628 215
628 217
629 219
629 221
629 223
630 225
630 226
630 227
630 229
631 230
631 231
631 232
632 234
632 235
632 236
633 237
633 239
634 240
634 241
635 242
635 243
636 244
636 245
636 246
636 247
636 248
635 248
634 249
633 249
632 249
631 249
630 249
629 249
628 249
627 249
626 249
625 249
623 249
622 249
620 249
619 249
617 249
616 249
614 249
613 249
611 249
610 249
608 250
607 250
605 250
604 250
602 250
600 250
598 250
597 251
595 251
593 251
592 251
590 251
589 251
587 251
586 252
584 252
583 252
581 252
580 252
578 253
577 253
575 253
574 253
572 254
570 254
569 254
567 254
566 254
564 255
562 255
561 255
559 255
558 255
556 255
555 255
554 255
552 256
551 256
550 256
549 256
548 256
547 256
546 256
545 256
544 256
543 256
542 255
541 255
540 255
539 254
538 253
537 252
537 251
536 250
536 249
535 248
534 247
533 246
532 245
531 244
530 242
529 241
528 240
527 239
526 238
525 236
524 235
522 234
521 232
520 231
519 230
517 229
516 227
515 226
513 225
512 224
511 222
509 221
508 220
507 219
506 218
504 216
503 215
502 214
501 213
500 212
499 211
498 210
497 209
496 208
495 207
494 206
494 205
493 204
492 203
491 202
490 201
489 201
488 200
487 199
486 198
484 197
483 196
482 195
481 194
480 193
479 192
478 191
477 190
476 189
475 188
474 187
473 186
472 185
471 184
470 183
469 182
468 182
467 181
466 180
465 179
464 178
463 178
463 177
462 176
461 176
461 175
460 174
459 173
459 172
458 172
458 171
458 170
457 169
457 168
456 167
455 166
455 165
454 165
454 164
453 164
452 163
452 162
451 162
451 161
451 160
452 160
452 159
453 159
454 159
