211
119 129
124 130
125 130
126 130
128 130
129 130
131 130
133 130
136 130
139 130
142 130
145 130
148 130
152 130
155 131
159 131
163 131
168 130
172 130
177 130
182 130
186 130
191 130
196 129
201 129
206 129
212 129
217 128
221 128
226 128
231 128
236 127
241 127
246 127
250 126
255 126
259 126
263 126
267 125
271 125
275 125
279 125
282 124
285 124
288 124
291 123
294 123
296 123
299 122
301 122
302 122
304 121
305 121
306 121
307 121
307 120
308 120
308 121
308 122
308 123
308 124
308 125
308 126
308 127
309 129
309 130
309 132
310 133
310 135
311 137
311 140
311 142
312 145
312 147
313 150
313 153
314 156
314 160
315 163
315 167
315 170
316 174
316 178
317 181
317 185
317 189
317 193
318 197
318 200
318 204
319 208
319 211
319 214
319 218
320 221
320 223
320 226
321 229
321 231
321 233
322 234
322 236
322 237
322 238
323 239
323 240
323 241
322 241
321 241
320 241
319 242
317 242
316 242
315 243
313 243
311 244
309 244
306 244
304 245
301 245
297 246
294 246
291 246
287 247
284 247
280 247
277 247
273 248
270 248
267 248
264 248
261 248
258 248
256 249
254 249
252 249
250 249
248 249
247 249
245 249
244 249
243 250
242 250
241 250
241 249
240 248
239 247
238 246
238 245
237 244
236 243
235 242
234 240
233 239
232 237
231 235
230 234
228 232
227 229
225 227
224 225
222 223
220 220
218 218
216 215
214 213
212 210
210 208
207 205
205 202
203 200
200 197
198 194
195 192
192 189
190 186
187 183
184 181
182 178
179 175
176 172
173 170
171 167
165 162
162 160
159 158
157 155
154 153
151 151
149 149
146 147
144 144
141 142
139 140
136 138
134 137
132 135
130 133
129 132
127 130
126 129
124 128
123 127
122 126
121 125
121 124
120 124
120 123
119 123
119 122
119 123
