195
301 215
307 215
310 215
314 215
318 215
321 215
325 215
330 215
332 214
336 214
339 214
343 214
346 214
351 214
355 213
358 213
362 213
367 213
371 213
375 213
378 213
382 213
386 213
389 213
393 213
397 213
402 213
406 213
410 213
413 213
417 213
421 213
425 212
428 213
432 212
434 213
438 213
443 213
447 213
452 212
456 212
459 212
464 212
468 212
471 212
476 212
481 211
484 211
489 211
492 211
497 211
499 210
504 210
508 210
512 210
515 210
518 210
521 210
520 213
520 216
521 218
521 221
521 224
522 226
522 230
523 233
523 236
524 238
524 241
525 243
525 246
525 249
526 251
526 254
526 257
527 259
527 262
527 265
528 267
528 270
528 273
529 276
529 279
529 282
529 286
530 289
530 292
530 295
530 298
530 301
531 303
531 306
531 310
530 312
530 315
530 318
530 321
530 324
530 327
531 329
529 330
526 330
523 330
520 330
517 330
514 330
511 330
508 330
505 330
502 330
498 330
495 330
491 330
488 330
485 330
482 330
479 330
476 330
473 330
470 330
466 330
463 330
459 330
456 330
452 330
449 330
446 330
445 328
443 326
442 324
440 323
438 321
436 320
434 318
432 317
430 316
428 314
425 313
423 311
421 309
419 307
417 305
415 304
412 302
410 300
407 298
405 296
403 295
400 294
397 292
395 290
393 289
390 287
388 284
386 283
383 281
380 279
378 278
375 276
372 274
369 272
366 270
363 268
361 266
359 265
357 264
354 262
351 260
348 258
345 256
342 253
339 251
337 249
335 248
332 246
329 244
326 242
324 240
322 239
319 237
317 236
314 234
312 232
310 231
308 229
306 228
304 226
301 225
299 223
296 222
294 221
292 220
290 219
288 218
289 217
