191
261 189
267 187
270 187
273 188
276 188
280 188
283 188
287 188
291 188
294 188
298 188
301 188
306 188
309 188
311 187
314 187
317 187
320 187
323 187
326 187
329 187
332 187
337 187
340 187
343 187
346 187
349 187
352 187
355 187
358 187
363 187
366 187
369 186
372 186
375 186
380 186
383 186
386 186
391 186
394 186
397 186
402 186
405 186
408 186
411 186
416 186
419 186
422 186
427 186
430 186
433 186
438 186
441 186
444 186
449 186
452 186
456 186
460 186
463 186
466 186
466 189
465 192
466 195
466 198
466 201
466 205
466 208
466 211
466 214
465 216
465 219
465 222
465 225
464 227
464 230
464 233
463 235
463 238
462 241
462 244
461 247
461 250
461 254
460 256
460 259
459 262
459 265
459 269
458 271
458 274
458 277
458 281
458 284
457 286
457 289
457 292
456 295
456 298
456 301
455 303
453 302
450 302
447 302
444 301
441 301
438 301
434 301
430 301
427 301
425 300
422 300
419 300
417 299
414 299
411 299
408 299
405 299
402 298
398 298
395 298
391 298
388 298
384 298
381 298
378 298
375 298
372 298
368 298
365 298
363 297
361 296
360 294
359 292
357 291
356 289
354 288
352 287
350 285
348 283
346 282
345 280
343 278
341 276
339 274
337 272
335 270
333 268
331 266
329 264
327 263
326 261
324 259
322 258
320 255
318 253
315 250
313 248
310 246
308 243
305 241
303 239
301 237
299 235
297 234
294 231
292 229
290 227
288 225
286 224
285 222
282 220
280 218
278 216
276 214
273 212
271 210
269 209
268 207
266 205
263 203
262 201
260 199
258 197
256 195
254 194
252 192
250 191
249 189
247 188
245 187
246 186
