209
139 109
144 110
146 110
147 110
149 110
151 110
153 110
155 110
158 110
161 110
164 110
167 110
171 110
174 110
179 109
183 109
187 109
192 109
197 109
202 109
207 109
212 109
217 110
223 110
228 110
234 110
240 110
245 110
251 109
256 109
262 109
268 109
273 108
279 108
284 108
289 107
294 107
299 106
304 105
308 105
312 104
316 104
320 103
323 103
326 102
329 101
331 101
334 100
336 100
337 99
339 99
340 99
341 99
341 98
342 98
343 98
343 99
343 100
344 100
344 101
344 102
344 103
344 104
344 105
344 106
344 108
344 109
344 111
344 113
344 115
344 117
344 119
344 122
344 125
345 127
345 130
345 134
345 137
345 140
345 143
346 147
346 150
346 154
347 158
347 161
347 165
348 169
348 172
349 176
349 180
349 183
350 187
350 190
351 193
351 196
351 199
352 202
352 204
352 206
353 208
353 210
353 211
353 212
353 213
354 214
354 215
354 216
353 215
352 215
351 215
350 215
349 215
347 216
346 216
345 216
343 216
341 217
339 217
337 217
335 217
332 217
329 218
327 218
324 218
320 218
317 218
314 218
311 218
307 219
304 219
300 219
297 219
294 219
291 219
288 219
285 219
282 219
279 219
277 219
275 219
272 220
270 220
269 220
267 220
266 220
265 220
264 220
263 220
262 220
262 221
261 221
261 220
260 220
260 219
259 218
258 217
257 216
256 215
255 214
254 212
253 211
252 209
250 207
248 205
247 203
245 201
243 199
240 197
238 194
236 192
233 190
231 187
228 185
226 182
223 180
220 177
217 175
214 172
211 169
208 167
205 164
202 162
199 160
196 157
193 155
190 152
187 150
184 147
181 145
178 143
175 140
173 138
170 136
168 134
165 132
163 130
161 128
159 127
157 125
155 123
154 122
152 120
151 119
150 118
149 117
148 116
147 115
146 114
145 113
