223
254 176
264 176
268 176
272 176
277 176
282 176
287 176
290 176
293 176
296 176
299 177
302 177
305 177
308 177
311 177
314 177
318 177
321 177
324 177
327 177
330 177
334 178
337 178
340 178
343 178
346 178
349 178
352 178
355 178
358 179
363 179
366 179
369 179
372 179
377 179
380 179
383 179
386 179
391 179
394 179
397 179
400 179
405 179
408 179
411 179
416 179
419 179
422 179
425 179
428 179
431 179
434 179
437 179
442 179
445 179
448 179
451 179
454 179
457 179
460 179
463 179
466 179
469 179
474 179
477 179
481 179
485 179
489 179
492 179
494 180
495 182
495 185
495 188
495 191
495 194
495 197
495 200
495 203
496 205
496 209
496 212
496 215
495 217
495 220
495 223
494 226
494 229
494 232
493 235
492 238
492 241
491 244
491 248
491 251
490 254
490 257
490 260
490 263
489 265
489 268
489 271
488 273
488 276
488 279
487 282
487 285
487 288
486 291
486 294
485 297
485 301
484 303
484 306
483 309
483 312
482 315
479 315
476 315
474 314
471 314
468 314
464 314
460 314
458 313
455 313
452 313
449 313
446 313
444 312
441 312
438 312
435 312
432 312
429 311
426 311
423 311
420 311
417 311
414 310
411 310
408 310
404 310
401 310
397 309
394 309
390 309
387 309
384 309
382 308
378 308
375 308
372 308
371 306
370 304
369 302
368 300
366 298
364 296
362 294
360 293
359 291
357 289
355 288
353 286
351 284
350 281
348 279
346 277
344 275
343 273
341 271
339 269
337 267
335 265
333 263
331 260
328 258
326 256
325 254
323 253
321 251
319 250
318 248
316 246
314 245
312 243
309 240
307 238
305 237
303 234
301 233
299 231
298 229
296 228
294 225
291 223
289 221
288 219
286 217
284 215
282 213
280 210
278 208
276 206
275 204
273 202
271 200
270 198
268 196
266 194
264 191
262 189
260 187
258 185
256 183
254 181
252 179
251 177
249 175
247 174
246 172
244 171
246 171
