311
135 63
137 63
138 63
139 63
140 63
142 63
143 63
144 63
145 63
147 63
148 64
149 64
150 64
151 64
152 64
153 64
155 64
156 64
158 64
160 64
162 64
164 64
166 64
168 64
170 64
172 64
174 64
176 64
178 64
181 64
183 64
186 64
188 64
191 64
194 64
196 64
199 64
202 64
204 64
207 64
210 64
213 64
216 64
219 64
222 64
225 64
228 64
231 64
234 64
237 64
241 64
244 63
247 63
251 63
254 63
257 63
260 63
264 62
267 62
270 62
274 62
277 62
280 62
284 61
287 61
291 61
294 61
297 61
301 61
304 60
308 60
311 60
315 60
318 60
321 60
325 59
328 59
331 59
335 59
338 59
341 59
344 59
347 58
350 58
353 58
355 58
358 58
360 58
362 58
363 58
365 58
366 58
368 58
369 58
370 58
371 58
371 59
371 60
372 60
372 61
372 62
372 63
372 64
373 65
373 66
373 67
373 68
373 69
374 70
374 71
374 72
374 73
374 75
374 76
374 77
375 79
375 80
375 82
375 83
375 85
375 86
375 88
375 89
376 91
376 92
376 94
376 96
377 97
377 99
377 101
377 103
377 105
377 107
377 109
378 111
378 113
378 115
379 116
379 118
380 120
380 122
381 124
381 126
381 127
381 129
382 131
382 132
383 134
383 135
383 136
384 137
384 138
384 139
385 140
385 141
385 142
385 143
386 143
385 143
384 143
383 143
383 144
382 144
381 144
380 144
379 144
378 145
377 145
376 145
375 145
374 145
373 145
372 146
371 146
370 146
368 146
367 146
365 147
363 147
362 147
360 147
358 148
356 148
354 148
352 148
350 148
348 149
346 149
343 149
341 150
339 150
336 150
334 151
331 151
329 151
326 151
323 152
321 152
318 152
315 153
312 153
309 153
306 154
303 154
300 154
297 154
294 155
291 155
288 155
285 155
282 156
279 156
277 156
274 156
272 157
269 157
267 157
265 157
263 157
261 157
260 158
259 158
258 158
257 158
256 158
255 158
255 157
254 157
254 156
253 156
252 155
251 154
250 154
249 153
249 152
248 152
247 151
246 150
245 149
244 148
243 147
242 146
240 145
239 143
238 142
236 141
235 140
233 139
231 138
230 137
228 136
226 135
224 134
222 133
221 131
219 130
217 129
216 127
214 126
212 125
210 123
208 122
206 121
204 119
202 118
200 117
198 116
196 115
194 114
192 113
190 111
188 110
186 109
184 108
182 106
180 105
178 103
176 102
174 101
172 99
170 98
168 97
166 96
164 94
162 93
160 92
158 91
157 90
155 89
153 88
152 87
150 87
149 86
148 85
146 83
145 82
144 81
142 80
141 80
140 79
139 78
138 77
137 76
136 75
135 74
134 73
133 73
133 72
133 73
133 72
133 73
