248
423 145
428 148
430 148
433 148
436 148
439 148
443 148
447 148
451 148
456 147
461 147
466 147
471 147
477 146
482 146
488 146
494 146
500 146
506 145
512 145
518 145
524 145
530 144
536 144
542 144
548 143
553 143
559 143
564 143
569 142
574 142
578 142
583 141
587 141
591 141
595 140
599 140
602 140
605 140
608 140
611 140
613 140
615 140
617 140
619 140
620 140
621 140
622 140
623 140
624 140
625 140
626 140
626 141
627 141
628 142
629 143
630 144
630 145
631 146
631 147
631 148
632 149
632 150
632 152
632 153
632 155
632 157
632 158
632 160
632 162
632 164
632 166
632 168
632 170
632 172
632 174
632 176
632 177
632 179
632 181
632 182
632 184
632 185
632 187
632 188
632 190
632 192
631 193
631 195
631 196
631 198
631 199
631 201
631 202
631 204
631 205
631 207
631 208
631 209
631 211
632 212
632 213
632 215
632 216
632 217
632 219
632 220
632 221
632 222
632 223
632 224
632 225
632 226
632 227
632 228
632 229
632 230
632 231
632 232
632 231
632 231
631 231
631 231
629 231
629 231
628 231
627 231
625 231
624 231
622 231
620 231
618 231
616 231
614 230
612 230
609 230
607 230
607 230
607 230
607 230
604 230
604 230
601 230
598 230
595 231
592 231
589 231
586 231
583 231
579 231
576 231
573 231
570 231
567 231
564 231
561 232
559 232
556 232
553 232
551 232
548 232
546 232
543 232
541 232
539 232
537 232
535 232
533 232
532 232
530 232
529 232
528 232
527 232
526 232
525 231
524 231
523 231
523 230
522 230
521 229
520 228
519 227
518 227
517 226
516 225
514 224
513 224
511 223
509 222
508 221
506 220
504 219
502 218
500 216
498 215
496 214
493 212
491 211
489 209
486 208
484 206
482 205
480 203
478 202
476 201
474 199
472 198
470 196
468 194
467 193
465 191
463 189
462 188
460 186
458 185
457 183
456 182
454 180
453 179
451 177
450 176
449 174
448 173
446 171
445 170
444 169
443 167
441 166
440 165
439 164
438 163
437 162
436 161
435 160
435 159
434 159
433 158
433 157
432 157
431 157
431 156
430 155
429 155
429 154
428 154
429 154
430 154
431 153
