258
369 149
375 150
377 150
379 150
381 150
384 150
387 150
390 150
393 150
396 150
399 150
403 150
407 150
411 150
415 150
419 149
424 149
428 149
433 149
438 149
442 149
447 149
452 148
457 148
461 148
466 148
471 148
475 148
480 147
484 147
489 147
493 147
498 147
502 146
507 146
511 146
515 145
519 145
523 145
527 144
531 144
535 144
538 143
542 143
545 143
548 143
551 143
553 142
556 142
558 142
560 142
562 142
563 142
564 142
565 142
567 142
568 142
569 143
570 143
571 144
571 145
572 145
572 146
572 147
573 148
573 149
573 150
573 151
574 153
574 154
574 156
575 157
575 159
575 161
576 164
576 166
576 169
576 171
577 174
577 177
577 180
578 182
578 185
579 188
580 191
581 193
581 196
582 199
582 202
583 204
583 207
583 209
583 212
584 214
584 216
584 218
584 221
584 223
584 225
584 226
585 228
585 230
585 231
585 233
585 234
585 236
585 237
585 239
585 240
585 241
585 242
585 243
585 244
585 245
585 246
584 247
584 246
583 246
582 246
581 246
580 246
579 246
578 246
577 246
575 246
574 246
572 246
570 246
568 246
566 246
564 246
562 246
560 246
558 246
555 246
553 246
551 246
548 247
546 247
543 247
540 247
538 247
535 248
533 248
530 248
527 248
525 249
522 249
520 249
518 249
516 250
513 250
511 250
509 250
507 250
505 250
504 250
502 251
500 251
499 251
498 251
496 251
495 251
494 251
493 251
492 251
491 251
490 251
489 250
488 250
487 250
487 249
486 249
485 249
485 248
484 247
483 247
482 246
482 245
481 244
480 243
479 242
478 241
477 240
476 239
475 237
473 236
472 234
471 233
469 232
468 230
466 228
465 227
463 225
462 223
460 222
458 220
457 218
455 217
453 215
452 213
450 211
448 210
446 208
445 207
443 205
441 203
440 202
438 200
436 199
435 197
433 196
431 194
429 193
427 191
425 190
424 189
422 188
420 186
418 185
416 184
414 183
413 182
411 181
409 180
407 179
405 178
403 177
401 176
400 175
398 174
396 173
394 172
393 171
391 170
389 169
388 168
386 167
385 166
383 165
381 164
380 164
378 163
377 162
375 161
374 160
373 159
372 158
371 158
370 157
369 156
368 156
367 155
366 155
366 154
367 154
367 153
368 153
