383
184 131
188 132
189 132
190 132
191 132
192 133
194 133
195 133
197 133
199 133
201 133
203 133
205 133
207 133
209 133
212 132
214 132
216 132
219 132
221 132
224 132
226 132
229 132
232 132
234 132
237 132
240 132
243 132
245 132
248 132
251 132
254 132
257 132
260 132
263 132
266 132
269 132
272 132
275 132
278 132
281 132
284 132
287 132
290 132
293 132
297 132
300 133
303 133
307 133
310 133
314 133
317 133
321 132
325 132
329 132
332 132
336 132
340 132
344 132
348 132
352 132
356 132
360 132
364 132
369 132
373 131
377 131
381 131
385 131
390 131
394 131
398 131
402 130
407 130
411 130
415 130
419 130
423 130
427 129
431 129
435 129
439 129
443 129
447 129
451 128
451 128
455 128
458 128
462 128
466 128
470 128
470 128
474 127
477 127
481 127
484 127
488 127
492 126
495 126
499 126
502 126
506 125
509 125
512 125
515 125
518 125
520 125
523 125
525 125
526 125
528 125
529 125
530 125
531 125
531 126
531 127
531 128
531 129
531 130
531 131
531 132
531 133
531 134
531 135
531 137
531 138
531 139
531 141
531 142
531 144
531 145
531 146
531 148
531 150
531 151
530 153
530 155
530 156
530 158
530 160
530 162
530 164
529 165
529 167
529 169
529 171
529 173
529 175
528 177
528 179
528 181
528 183
528 185
527 187
527 189
527 191
527 193
526 195
526 197
526 200
526 202
526 204
526 206
525 208
525 211
525 213
525 215
525 218
525 220
524 223
524 225
524 227
524 230
524 232
524 235
524 237
524 239
524 242
524 244
524 246
524 248
524 251
524 253
524 254
524 256
524 258
523 260
523 261
523 263
523 264
523 265
523 267
523 268
523 269
523 270
523 271
523 272
522 272
521 273
520 273
519 273
518 273
517 273
516 273
514 274
513 274
512 274
511 274
509 274
508 274
506 274
505 274
503 274
501 274
500 275
498 275
496 275
494 275
492 275
490 275
488 276
486 276
484 276
483 276
480 276
478 276
476 276
474 276
472 276
470 276
468 277
465 277
463 277
461 277
458 277
456 277
454 277
451 277
449 277
446 277
444 277
442 277
439 277
437 277
434 278
432 278
429 278
427 278
424 278
422 278
419 278
417 278
414 278
411 278
409 278
406 278
404 279
401 279
398 279
395 279
392 279
389 279
386 279
383 279
380 280
377 280
374 280
371 280
368 280
365 280
362 280
359 280
356 280
352 280
349 281
346 281
343 281
340 281
337 281
335 281
332 281
329 281
327 281
325 281
323 281
321 281
319 281
317 281
316 281
314 281
313 281
312 281
311 281
310 281
310 280
309 280
308 279
308 278
307 278
307 277
307 276
306 276
306 275
305 274
304 273
304 272
303 271
302 269
301 268
300 266
300 265
298 263
297 262
296 260
295 259
294 257
292 255
291 254
289 252
287 250
286 248
284 246
282 245
280 243
279 241
277 239
275 237
273 235
272 233
270 231
268 229
266 227
264 225
262 223
261 221
259 219
257 217
255 215
253 213
252 211
250 209
248 207
247 205
245 203
243 201
242 199
240 197
238 195
237 192
235 190
233 188
232 186
230 184
228 182
226 180
225 178
223 176
222 174
220 172
218 170
217 168
216 166
214 164
213 162
211 160
210 158
208 157
207 155
205 153
204 151
202 150
201 148
200 147
199 146
198 145
197 143
196 142
195 142
195 141
194 140
194 139
193 138
193 138
