208
289 163
294 163
297 162
301 162
304 162
306 161
310 161
314 161
318 161
323 161
327 161
330 161
335 161
339 160
342 160
347 160
352 160
356 160
359 160
364 160
368 160
371 160
376 160
380 159
383 159
387 159
392 159
396 159
400 159
404 159
408 159
411 159
415 159
419 159
422 159
426 159
430 159
433 159
437 159
442 159
447 159
451 159
454 159
459 159
464 159
469 159
474 159
479 159
484 158
488 158
491 158
495 158
500 158
504 158
508 158
512 158
515 158
518 158
521 158
524 158
525 160
525 163
525 166
525 170
525 173
525 176
525 179
525 183
525 187
525 190
525 193
525 196
525 199
525 203
526 206
526 210
526 213
526 216
527 218
527 222
527 225
528 227
528 230
528 234
528 237
528 240
528 243
528 246
528 250
527 254
527 258
527 261
527 265
526 268
526 272
526 275
525 278
525 281
525 284
524 287
524 290
523 292
522 294
519 294
516 294
513 294
509 294
506 294
502 294
500 293
497 293
494 293
491 293
488 293
485 293
482 293
479 293
476 293
472 293
469 293
466 293
463 293
460 293
457 293
454 293
450 293
447 293
444 294
441 294
438 294
434 294
431 294
427 294
424 294
421 294
418 294
415 294
412 294
410 292
408 290
407 288
405 287
404 285
402 283
401 281
399 280
397 278
396 276
394 274
392 272
390 270
388 268
387 266
385 265
383 263
381 261
379 259
377 257
375 255
373 254
371 252
369 250
367 248
365 247
363 245
362 243
360 242
358 240
356 238
355 236
353 234
351 232
349 230
347 228
345 226
344 224
342 222
340 220
338 218
336 217
334 214
332 212
330 210
328 208
326 207
325 205
323 203
321 202
320 200
318 198
315 196
313 193
311 191
309 189
306 187
305 185
303 183
301 181
299 179
298 177
296 175
294 173
292 171
291 169
289 167
288 165
286 164
286 163
