201
305 200
312 198
315 198
318 198
321 197
324 197
327 197
331 197
334 197
338 197
341 197
345 197
349 197
353 197
357 197
362 197
366 197
370 197
373 197
377 197
380 197
385 197
390 197
395 197
400 197
405 197
410 197
413 197
417 197
420 197
424 197
427 197
432 196
437 196
441 196
444 196
448 196
453 196
457 196
462 195
466 195
470 195
473 195
477 195
480 195
485 195
490 195
493 194
498 194
503 194
506 194
511 194
515 194
520 194
523 194
526 193
529 193
531 194
531 197
531 200
532 202
532 205
532 208
533 210
533 213
533 216
533 219
533 222
533 225
533 228
534 230
534 233
534 236
534 239
534 242
534 245
534 248
534 251
534 254
534 257
534 260
534 263
534 266
534 269
534 272
534 275
534 278
534 282
534 286
534 289
534 292
534 296
534 299
535 302
535 305
535 308
535 311
532 311
529 311
526 311
523 311
520 311
517 311
513 311
510 311
508 310
505 310
502 310
499 310
496 309
493 309
490 309
486 309
483 309
480 309
477 309
474 309
471 309
467 309
465 308
462 308
458 308
455 308
452 308
449 308
446 308
443 308
440 308
437 308
434 308
432 307
430 306
428 305
426 303
424 302
422 300
420 298
418 297
416 295
414 294
412 293
411 291
409 290
407 289
405 287
403 286
401 284
399 283
397 281
396 279
394 278
393 276
391 275
389 274
387 272
385 271
383 270
381 268
379 267
377 265
375 263
372 262
370 260
368 258
366 257
364 255
362 254
360 252
358 250
355 249
353 247
350 245
348 243
346 242
344 240
341 238
339 237
338 235
335 233
333 231
331 229
329 228
327 226
324 224
322 222
319 220
317 218
315 216
313 215
310 213
308 211
306 210
304 208
302 206
300 205
298 203
296 202
294 201
293 199
291 198
290 197
