397
164 120
169 120
170 120
171 120
172 120
174 120
175 120
177 120
179 119
181 119
183 119
186 119
188 118
191 118
193 118
196 118
199 117
202 117
204 117
207 117
210 117
213 116
216 116
219 116
222 116
225 116
228 116
232 116
235 116
238 116
241 116
245 115
248 115
251 115
255 115
258 115
262 115
265 115
269 115
273 115
277 114
281 114
284 114
288 114
292 114
297 114
301 114
305 114
309 113
313 113
317 113
321 113
325 113
329 113
333 113
337 113
341 113
345 113
349 113
353 113
357 113
361 113
365 113
369 113
373 113
377 113
380 113
384 113
388 113
392 113
395 113
399 113
403 113
407 113
410 113
414 113
417 112
421 112
424 112
428 112
431 112
435 112
438 112
441 112
445 112
448 112
451 112
454 113
457 113
460 113
463 113
466 113
469 113
473 113
476 113
479 113
482 113
485 113
488 113
490 113
493 113
496 113
499 113
501 113
503 113
505 113
507 113
508 113
509 114
510 114
511 114
512 114
513 114
513 115
513 116
513 117
513 118
513 119
513 120
513 121
513 122
512 124
512 125
512 126
512 128
512 129
512 131
511 133
511 135
511 137
511 139
510 141
510 143
510 145
509 147
509 148
509 150
509 152
508 154
508 156
507 159
507 161
507 163
506 165
506 167
505 169
505 171
505 173
504 175
504 177
503 179
503 181
503 183
502 185
502 187
502 189
501 191
501 193
500 195
500 197
500 199
499 202
499 204
498 206
498 208
497 210
497 212
496 214
496 216
495 218
495 221
494 223
494 225
493 227
493 229
492 231
492 233
491 235
491 237
491 239
490 241
490 243
490 245
490 247
489 249
489 251
489 253
488 254
488 256
488 257
487 259
487 260
487 262
486 263
486 264
486 265
486 266
485 267
485 268
484 269
483 270
483 271
482 271
481 271
480 271
479 271
478 271
477 271
476 272
475 272
473 272
472 272
470 272
468 272
466 272
465 272
463 272
461 272
459 272
457 272
455 272
453 272
451 272
449 272
448 272
446 272
444 272
442 272
440 272
438 272
436 272
434 271
432 271
431 271
429 271
427 271
425 271
423 271
421 271
419 270
416 270
414 270
412 270
410 270
408 270
405 270
403 270
401 270
399 270
396 270
394 271
391 270
389 271
386 271
384 271
382 271
379 271
377 271
375 271
372 271
370 271
367 271
365 271
363 271
360 271
358 271
356 271
353 271
351 271
349 271
347 271
345 271
343 271
340 270
338 270
336 270
334 270
332 270
329 270
327 270
325 270
323 271
321 271
318 271
316 271
314 271
312 271
309 271
307 271
305 271
302 271
300 271
298 271
296 271
294 272
293 272
291 272
290 272
288 272
287 272
286 272
285 272
284 271
284 271
284 271
283 271
282 270
282 269
281 268
281 267
281 266
280 266
280 265
279 264
279 263
278 262
277 261
277 260
276 259
275 257
275 256
274 255
273 253
272 252
271 251
270 249
269 248
268 246
267 245
266 243
265 241
263 240
262 238
261 236
259 235
258 233
257 231
255 229
254 228
253 226
251 224
250 223
249 221
247 219
246 218
244 216
243 214
242 212
240 210
239 209
237 207
236 205
234 203
233 201
231 199
229 197
228 196
226 193
225 191
223 189
221 187
219 185
218 183
216 181
214 179
212 177
210 175
209 172
207 170
205 168
203 166
201 164
199 162
197 160
195 158
194 155
192 153
190 151
188 149
186 147
185 145
183 144
181 142
180 140
178 139
176 137
175 136
174 134
172 133
171 132
170 131
170 130
169 129
168 129
168 128
168 127
168 127
