172
282 160
288 160
291 160
295 160
298 160
302 160
306 160
309 160
314 160
319 160
324 160
327 160
332 160
335 160
340 160
343 160
346 159
351 159
354 159
357 159
360 159
365 159
368 159
371 159
374 159
379 159
382 159
385 159
388 158
391 158
394 158
397 158
400 158
403 158
406 158
409 158
412 158
415 157
418 157
421 157
424 157
427 157
430 157
433 157
436 157
439 158
442 157
445 157
448 157
451 157
454 157
457 157
460 157
465 157
469 156
472 156
475 156
477 157
477 160
478 162
478 165
478 169
479 172
479 175
479 178
480 181
480 185
480 188
480 191
480 194
481 196
481 199
481 202
481 205
481 209
481 212
481 216
481 219
481 222
482 225
482 228
482 231
482 234
482 237
483 239
483 242
483 245
483 248
480 248
477 248
475 249
472 249
469 249
466 249
462 248
459 248
456 248
453 248
450 248
446 248
443 248
439 248
435 248
432 248
428 248
425 248
420 248
417 248
412 248
409 248
404 248
399 248
397 247
393 247
390 247
387 247
384 247
382 246
380 244
378 243
376 242
374 241
371 239
369 238
367 237
365 235
363 234
361 232
359 230
357 229
355 228
353 226
351 225
349 223
347 222
345 221
343 219
341 218
339 216
337 215
335 214
333 212
330 210
328 209
325 207
323 205
320 203
318 201
315 199
313 197
310 195
308 193
305 191
303 189
300 187
298 185
296 184
293 182
291 180
289 179
286 177
283 175
280 173
278 171
275 170
272 169
270 168
268 167
266 166
264 165
262 164
261 163
