389
180 107
185 109
187 109
188 109
189 109
191 109
192 110
194 110
196 110
198 110
200 110
202 110
205 110
207 110
210 110
213 110
216 110
219 110
222 110
225 110
228 109
231 109
234 109
238 109
241 109
244 109
248 109
251 109
254 109
258 109
261 109
265 109
268 109
272 109
275 109
279 109
282 109
286 109
290 109
293 109
297 109
301 109
305 109
309 109
313 109
316 109
320 109
324 109
328 109
332 109
336 109
340 109
344 109
348 109
352 109
356 109
360 109
363 109
367 109
371 109
375 109
378 109
382 109
386 109
389 109
393 109
397 109
400 109
404 109
408 109
411 109
415 109
419 109
422 109
426 109
430 109
433 110
437 110
441 110
444 110
448 110
451 110
455 110
459 110
462 110
466 110
470 111
473 111
477 111
481 111
485 111
489 111
493 111
496 111
500 110
504 110
507 110
511 110
514 110
517 110
520 110
522 110
525 110
527 110
529 111
531 111
533 111
534 111
535 111
536 111
537 111
538 111
539 112
539 113
539 114
539 115
539 116
539 117
538 117
538 118
538 119
538 120
537 121
537 122
537 123
537 125
536 126
536 127
536 129
536 130
535 132
535 134
535 136
534 137
534 139
534 141
534 143
533 144
533 146
533 148
532 150
532 152
532 154
531 156
531 157
530 159
530 161
529 163
529 165
528 167
528 169
527 171
527 172
526 174
525 176
525 178
524 180
524 182
523 184
523 186
522 188
522 190
521 192
521 193
520 195
520 197
519 199
519 201
518 203
518 205
517 207
517 209
516 211
516 213
515 215
515 217
514 219
514 221
514 222
513 224
513 226
512 228
512 230
512 231
511 233
511 235
510 236
510 238
509 239
509 240
509 241
509 242
508 243
508 244
508 245
507 246
506 246
505 246
504 246
503 246
502 246
501 246
500 246
499 246
497 246
496 246
494 246
493 246
491 246
489 246
487 246
486 246
484 246
482 246
480 246
478 246
476 246
473 246
471 246
469 246
467 246
464 245
462 245
459 245
457 245
454 245
452 245
449 245
446 244
444 244
441 244
438 244
436 244
433 243
430 243
428 243
425 243
422 242
420 242
417 242
414 242
412 241
409 241
406 241
404 241
401 240
399 240
397 240
394 240
392 239
389 239
387 239
384 239
382 239
380 238
377 238
375 238
373 238
370 238
368 238
365 238
363 238
360 237
358 237
355 237
353 237
351 237
348 237
346 237
343 237
340 237
338 237
335 237
332 237
330 237
327 237
324 237
321 237
319 237
316 237
314 237
311 237
309 237
307 237
305 237
303 237
301 236
300 236
299 236
298 236
297 236
296 236
295 236
295 235
294 235
294 234
294 233
293 233
293 232
292 232
292 231
291 230
290 229
290 228
289 228
288 227
288 226
287 224
286 223
285 222
284 221
283 220
282 219
281 218
280 216
279 215
278 214
277 212
276 211
276 209
274 208
273 206
272 205
271 204
270 202
269 201
268 200
267 198
266 197
264 195
263 194
262 192
261 191
259 189
258 188
256 186
255 184
254 183
252 181
251 180
249 178
248 176
247 175
245 173
244 172
243 170
241 169
240 167
238 166
237 164
235 162
234 161
232 159
231 157
229 156
227 154
226 152
224 151
223 149
221 147
219 146
218 144
216 143
215 141
213 139
211 138
210 136
208 134
206 133
205 131
203 130
201 128
199 126
198 125
196 124
195 122
193 121
192 120
190 119
189 118
188 117
187 116
186 115
185 115
184 114
183 113
182 113
182 112
182 112
