205
138 123
144 123
145 123
147 123
148 123
150 123
153 123
155 123
158 123
161 124
164 124
167 124
171 124
174 124
178 124
183 123
187 123
191 123
196 123
200 123
205 123
210 122
215 122
219 122
224 122
229 121
234 121
239 121
243 120
248 120
252 120
257 120
261 119
265 119
269 119
273 118
277 118
281 118
284 117
287 117
291 117
293 116
296 116
299 116
301 115
303 115
305 115
306 115
308 115
309 114
310 114
311 114
312 114
312 115
312 116
312 117
312 118
313 119
313 121
313 122
313 124
313 125
313 127
314 129
314 132
314 134
314 137
314 139
315 142
315 145
315 148
316 151
316 154
317 158
317 161
318 164
319 167
319 171
320 174
321 177
321 181
322 184
323 187
323 190
324 193
324 196
324 199
325 202
325 204
325 207
325 209
325 212
325 214
326 215
326 217
326 218
326 219
326 220
326 221
326 222
325 222
324 222
323 222
322 222
322 223
321 223
320 223
318 223
317 224
315 224
313 224
311 225
308 225
306 226
303 227
300 227
297 228
294 229
291 229
287 230
284 231
281 231
277 232
274 232
270 233
267 233
264 234
261 234
257 235
254 235
251 235
248 236
245 236
242 237
240 237
237 237
235 238
232 238
230 239
228 239
226 240
224 240
223 241
221 241
220 241
219 242
218 242
217 242
217 243
216 242
216 241
215 241
215 240
214 239
213 237
213 236
212 234
211 233
210 231
209 230
208 228
207 226
205 223
204 221
202 219
201 216
199 213
197 210
195 207
194 204
192 201
190 198
187 194
185 191
183 188
181 184
179 181
177 178
175 174
173 171
171 167
169 164
167 160
165 157
162 153
160 150
158 147
156 145
155 142
153 140
151 137
149 135
148 134
147 132
145 130
144 129
143 128
142 127
142 126
141 126
141 125
140 125
141 125
141 126
141 127
