267
220 66
224 66
226 66
227 66
229 66
231 66
233 66
235 66
237 66
239 66
242 66
244 66
247 66
250 66
253 66
256 66
259 66
263 66
266 66
270 66
273 66
277 66
281 66
285 66
288 66
292 66
296 66
300 66
304 66
308 66
312 66
316 66
320 66
324 67
327 67
331 67
335 67
339 67
342 67
346 67
349 67
352 67
356 67
359 67
362 67
365 67
368 67
371 67
373 67
376 66
379 66
381 66
383 66
386 66
388 66
391 66
393 66
395 66
398 66
400 66
402 65
404 65
405 65
407 65
409 65
410 65
411 65
412 65
413 65
414 65
415 65
416 65
417 65
417 66
418 66
417 66
418 67
418 68
417 68
418 69
418 70
417 70
417 71
417 72
417 73
417 74
417 75
417 76
417 78
417 79
416 81
416 82
416 84
416 86
415 87
415 89
415 90
414 92
414 93
414 95
414 97
413 98
413 100
413 102
413 104
412 106
412 108
412 110
412 112
411 114
411 116
411 117
411 119
410 121
410 123
410 125
410 127
409 129
409 131
409 133
409 135
409 136
408 138
408 139
408 141
408 142
408 144
408 145
408 147
408 148
408 150
408 151
408 153
408 154
408 155
408 156
408 157
409 158
408 158
408 159
407 159
406 159
405 159
404 159
402 159
401 159
400 159
398 158
397 158
395 158
393 158
392 158
390 158
387 158
385 158
383 157
381 157
379 157
376 157
374 157
372 157
369 157
367 156
364 156
362 156
359 156
357 156
354 156
352 156
349 155
347 155
344 155
342 155
339 155
336 155
334 155
332 155
329 155
327 155
325 154
322 154
320 154
318 154
316 154
314 154
313 154
311 153
310 153
309 153
308 153
307 153
306 153
306 152
305 152
304 151
303 151
303 150
302 149
301 149
301 148
300 148
299 147
298 146
297 145
296 144
295 143
294 143
293 142
292 141
291 140
290 139
289 138
288 136
287 135
285 134
284 133
283 132
281 130
280 129
278 127
276 125
275 124
273 122
271 120
270 119
268 117
267 116
265 115
264 114
262 112
260 111
259 110
257 108
255 107
254 105
252 104
250 102
249 101
247 99
246 98
244 96
242 95
241 94
239 93
237 91
236 90
234 89
232 88
231 87
229 86
228 85
226 84
225 83
224 82
223 81
222 80
221 79
220 78
220 77
219 77
219 76
218 75
217 74
218 74
219 74
220 74
221 74
