264
159 110
164 110
166 110
168 109
170 109
173 108
176 108
179 108
182 107
185 107
189 106
192 106
196 106
200 105
203 105
207 105
211 104
215 104
220 104
224 103
228 103
232 103
237 102
241 102
245 102
249 101
253 101
257 101
261 100
265 100
269 100
273 99
277 99
280 99
284 99
287 98
290 98
294 98
297 97
300 97
303 97
306 97
309 96
312 96
315 96
317 96
320 96
323 95
325 95
327 95
330 95
332 95
333 95
335 95
337 94
338 94
340 94
341 94
342 94
343 94
344 94
345 94
346 94
347 94
348 95
349 96
349 97
350 97
350 98
351 99
351 100
352 101
352 103
353 104
353 106
354 108
355 109
355 111
356 114
356 116
357 118
357 120
358 122
358 124
359 127
359 129
359 131
360 134
360 136
360 138
361 141
361 143
362 145
362 147
362 149
363 151
363 152
363 154
363 156
363 158
364 160
364 162
364 163
364 165
365 167
365 169
365 170
365 172
365 173
366 174
366 175
366 177
366 178
367 178
367 179
367 180
367 181
367 182
368 182
368 183
368 184
368 185
367 185
366 185
365 185
364 185
363 185
362 185
361 185
360 185
358 185
356 185
354 185
352 185
350 185
348 185
346 186
343 186
341 186
339 186
336 187
334 187
331 187
328 187
326 187
323 188
320 188
318 188
315 188
313 189
311 189
308 189
306 190
304 190
302 190
300 190
298 191
296 191
295 191
293 191
292 191
290 191
289 191
288 192
287 192
286 192
285 192
284 192
283 192
282 191
281 191
281 190
280 190
279 189
278 188
277 187
276 186
275 185
273 184
272 183
271 182
269 181
268 180
266 179
265 177
263 176
261 175
260 173
258 172
256 171
255 169
253 168
251 167
249 165
248 164
246 163
244 162
242 161
240 159
238 158
236 157
235 156
233 155
231 154
229 153
227 152
226 151
224 150
222 150
221 149
219 148
217 147
216 146
214 145
213 145
211 144
210 143
208 142
207 141
206 140
204 139
203 138
201 138
200 137
198 136
197 135
195 135
194 134
193 133
191 132
190 132
189 131
187 130
186 130
185 129
184 129
183 128
182 127
181 127
180 126
179 125
178 124
177 123
176 122
175 122
175 121
174 121
174 120
173 120
172 120
172 119
171 119
170 119
170 118
169 118
168 118
168 117
167 117
167 116
166 116
165 115
165 114
166 114
167 113
