197
208 108
213 109
214 109
216 109
217 109
219 109
221 109
224 109
226 108
229 108
233 108
236 107
240 107
244 106
248 106
252 105
256 105
261 104
266 104
271 103
276 103
281 102
286 102
291 101
296 101
301 101
306 100
312 100
317 100
322 99
327 99
332 99
337 98
342 98
347 97
351 97
355 97
360 96
364 96
367 96
371 95
374 95
377 95
380 95
383 94
385 94
387 94
388 94
390 94
391 94
392 94
392 93
392 94
393 95
393 96
393 97
393 98
393 99
393 100
393 101
393 103
393 105
394 107
394 109
394 111
394 113
394 116
394 119
394 122
394 125
394 128
394 131
394 134
394 138
394 141
395 144
395 148
395 151
395 155
395 158
395 162
395 165
396 169
396 172
396 175
396 178
396 181
396 184
396 187
396 189
396 191
397 193
397 195
397 197
397 199
397 200
397 201
397 202
397 203
397 204
397 205
396 206
395 206
394 206
393 207
391 207
390 207
389 208
387 208
385 209
382 209
379 210
377 211
373 211
370 212
367 212
363 212
359 213
355 213
351 213
348 213
344 213
340 214
336 214
332 214
328 214
325 214
321 214
317 214
314 214
311 214
308 214
305 214
303 214
300 214
298 214
296 214
294 214
293 214
292 214
291 214
290 214
289 214
288 214
287 213
286 212
285 212
284 211
284 210
282 210
281 209
280 207
278 206
277 205
275 203
273 201
271 199
269 197
267 195
265 193
263 190
260 188
258 185
256 182
253 180
248 174
245 171
243 168
240 165
237 162
234 159
231 156
229 154
226 151
223 148
220 146
217 143
214 140
211 138
209 136
206 133
204 131
201 129
199 127
197 125
195 123
193 121
191 119
189 118
188 117
186 115
185 114
184 114
184 113
183 112
182 111
182 112
