209
300 211
304 211
307 211
310 211
312 212
316 212
319 212
322 212
326 212
330 212
333 212
338 212
342 212
346 212
350 212
354 212
359 212
363 212
367 212
371 212
374 212
379 212
383 212
386 212
391 212
394 212
399 212
402 212
404 213
407 213
410 213
415 213
418 213
423 213
426 213
429 213
434 213
437 213
439 214
442 214
445 214
450 214
455 214
460 214
465 214
470 214
475 214
480 214
485 214
488 214
493 214
496 214
499 214
502 214
505 214
508 214
511 214
514 214
517 214
520 214
525 214
529 214
532 214
535 214
536 216
536 219
536 222
536 225
536 228
536 231
536 234
537 237
537 240
537 243
537 246
537 249
537 252
536 254
536 257
536 260
536 263
536 266
536 269
536 272
536 275
536 278
536 282
536 285
536 288
536 291
536 295
536 298
536 301
536 304
536 307
536 310
536 313
536 316
536 319
536 322
536 325
533 325
530 325
527 325
524 325
521 325
518 325
515 325
512 324
509 324
506 324
503 324
500 324
497 324
495 323
492 323
489 323
486 323
484 322
481 322
478 322
475 322
472 322
469 321
466 321
462 321
459 321
456 321
453 321
449 321
446 320
442 320
439 320
436 320
434 319
432 318
430 317
429 315
427 314
425 313
423 311
421 310
419 308
417 306
415 305
414 303
412 302
410 301
409 299
407 298
405 296
403 295
401 294
399 293
397 291
395 290
393 288
391 287
389 285
387 283
385 282
383 281
380 279
378 277
376 276
374 275
372 274
370 272
367 270
365 269
363 267
361 266
359 265
357 264
355 262
353 261
351 259
349 258
346 256
344 254
342 253
340 251
337 249
335 248
332 246
330 244
327 243
325 241
323 240
321 238
319 237
317 236
315 234
313 232
310 230
308 228
306 227
304 225
302 223
299 222
297 220
295 219
293 218
291 216
289 215
287 214
285 213
283 212
284 212
