335
180 128
186 128
187 128
188 128
189 128
190 128
192 128
194 128
196 128
198 128
200 128
202 128
205 128
207 128
210 128
213 128
216 128
218 128
221 128
224 128
227 128
230 128
232 128
235 128
238 128
241 129
244 129
247 129
250 129
254 129
257 129
260 129
263 129
265 129
268 129
271 129
274 129
277 129
280 129
283 129
285 129
288 129
291 129
294 129
297 129
300 129
302 129
305 129
308 129
310 129
313 129
316 129
318 129
321 129
323 129
326 129
329 129
331 129
334 129
336 128
339 128
342 128
344 128
347 128
350 128
353 128
356 128
358 128
361 128
364 128
368 127
371 127
374 127
377 127
380 127
383 127
386 127
389 127
392 127
395 127
399 127
402 127
405 127
408 127
411 128
414 128
417 128
420 128
423 128
426 128
429 128
432 128
435 128
437 128
440 128
442 128
444 128
446 128
448 129
450 129
451 129
452 129
453 129
454 129
455 129
456 129
456 130
456 131
456 132
456 133
456 134
456 135
456 136
457 137
457 138
457 139
457 141
457 142
457 143
457 145
457 146
456 148
456 149
456 151
456 153
456 154
456 156
456 158
456 159
456 161
455 163
455 165
455 167
455 168
455 170
455 172
454 174
454 176
454 178
454 180
454 181
454 183
453 185
453 187
453 189
453 191
453 193
453 195
453 197
453 198
453 200
452 202
452 204
452 206
452 208
452 210
452 211
452 213
452 215
452 217
452 218
451 220
451 222
451 223
451 224
451 226
451 227
451 228
450 229
450 230
450 231
450 232
450 233
450 234
449 235
449 236
449 237
449 238
448 238
447 238
446 238
445 238
444 238
443 238
442 238
441 239
440 239
439 239
437 239
436 239
434 239
433 239
431 240
430 240
428 240
426 240
424 240
422 241
420 241
418 241
416 241
414 241
412 241
410 241
408 242
406 242
404 242
402 242
399 242
397 242
395 242
392 242
390 242
387 242
385 242
382 242
380 242
378 242
375 243
373 243
370 243
368 243
365 243
363 243
360 243
357 243
355 243
352 243
349 243
347 243
344 243
341 242
339 243
336 243
333 242
330 242
327 242
324 242
322 242
319 242
316 242
313 242
310 242
307 242
305 242
302 242
299 242
296 242
294 242
291 242
288 242
286 242
283 242
281 242
279 242
276 242
275 242
273 242
271 242
270 242
269 242
268 242
267 242
266 242
266 241
265 240
264 239
263 238
263 237
262 236
261 235
260 234
260 233
259 232
258 231
257 230
256 229
255 227
254 226
253 224
252 223
251 222
249 220
248 218
247 217
246 215
245 213
244 211
243 210
242 208
241 206
239 204
238 202
237 200
236 198
235 196
233 194
232 192
231 190
229 188
228 186
227 184
226 182
224 179
223 177
222 175
220 173
219 171
218 169
217 167
215 165
214 163
212 161
211 159
209 157
208 155
206 153
204 151
203 149
201 147
200 145
198 144
197 142
196 140
195 139
194 137
193 136
192 135
192 133
191 132
190 131
189 130
189 129
189 128
189 128
