216
140 85
148 87
149 87
151 87
153 87
155 87
157 86
160 86
163 86
166 85
169 85
173 84
177 84
181 83
185 83
189 82
194 82
199 81
204 80
209 80
214 79
220 79
225 78
231 77
237 77
242 76
248 76
254 75
260 74
266 74
272 73
278 73
284 72
290 71
295 71
301 70
306 69
312 69
317 68
322 67
326 66
331 66
335 65
339 64
343 64
346 63
349 62
352 62
354 61
356 61
358 60
360 60
361 59
363 59
364 58
365 58
366 58
366 59
366 60
366 61
366 62
366 64
366 65
366 66
366 68
367 70
367 72
367 74
367 76
367 78
368 81
368 83
368 86
368 89
369 92
369 95
370 98
370 101
370 105
371 108
372 111
372 115
373 118
373 121
374 125
375 128
375 132
376 135
376 138
377 141
377 145
378 148
378 151
378 154
378 157
379 159
379 162
379 165
379 167
380 169
380 171
380 173
381 175
381 177
381 178
382 179
382 180
382 181
382 182
383 182
383 183
382 183
381 183
380 184
379 184
378 184
377 184
376 184
374 184
372 185
370 185
368 185
366 185
363 185
360 185
357 186
354 186
350 186
347 186
343 186
339 186
335 186
331 186
327 187
324 187
320 187
316 187
312 188
309 188
305 188
302 189
299 189
296 189
293 189
291 189
288 189
286 189
285 190
283 190
282 190
280 190
279 190
278 190
277 190
276 190
275 190
275 189
274 189
273 188
273 187
272 187
271 186
270 185
269 184
268 183
267 182
265 181
264 179
262 177
260 176
258 174
256 171
254 169
251 167
249 165
246 162
243 160
240 157
237 155
234 152
231 150
227 147
224 144
221 142
217 139
214 136
210 134
207 131
203 129
200 126
197 123
194 121
190 119
187 116
185 114
182 112
179 110
177 108
174 106
172 104
170 102
168 101
166 99
165 97
163 96
162 94
160 93
159 92
158 91
157 90
156 89
155 89
155 88
154 88
153 87
154 87
