295
459 173
463 174
464 174
466 174
468 174
470 174
472 174
474 174
477 174
480 174
483 174
486 174
489 174
492 174
496 174
499 175
503 175
506 175
510 175
513 175
517 175
520 175
523 175
527 175
530 175
533 175
536 175
539 175
542 175
545 175
548 175
551 175
554 174
557 174
560 174
563 174
566 174
569 174
572 174
575 174
578 174
581 174
584 173
587 173
590 173
593 173
596 173
599 173
601 173
604 173
606 173
609 173
611 173
613 173
616 173
618 174
620 174
622 174
624 174
626 174
627 174
629 174
630 174
631 174
632 174
633 174
634 175
635 175
636 176
636 177
636 178
636 179
637 180
637 181
637 182
637 184
637 185
637 187
638 188
638 190
638 192
638 194
638 196
638 198
638 201
638 203
638 205
638 207
639 210
639 212
639 214
639 216
639 218
639 220
639 222
639 225
638 227
638 228
638 230
638 232
638 234
638 236
638 238
638 240
638 242
638 243
638 245
638 246
638 248
638 249
638 251
637 252
637 254
637 255
637 256
637 258
637 259
637 260
637 261
637 262
637 263
637 264
636 265
636 266
636 267
635 268
634 268
633 268
632 268
631 268
630 268
629 268
628 268
626 268
624 269
623 269
621 269
619 269
617 269
615 269
613 269
611 270
609 270
606 270
605 270
602 270
600 270
598 270
596 270
594 270
592 270
590 270
588 270
586 270
584 270
582 270
579 270
577 270
575 270
573 270
571 270
569 271
567 271
565 271
563 271
561 271
559 271
557 271
556 271
554 271
552 271
550 271
549 271
547 271
545 271
544 271
542 271
541 271
540 271
539 271
538 270
537 270
536 270
535 270
535 269
534 269
533 268
532 267
532 266
531 266
531 265
530 264
529 264
528 263
528 262
527 261
526 260
524 259
523 259
522 258
521 257
519 256
518 255
516 254
515 253
513 252
512 251
511 251
509 250
508 249
507 248
506 247
505 246
504 245
503 244
502 243
501 242
500 241
499 240
499 239
498 238
497 237
497 236
496 235
495 234
495 233
494 232
493 231
493 230
492 229
491 228
491 227
490 226
489 225
488 225
488 224
487 223
486 222
485 221
484 220
484 219
483 218
482 217
481 217
481 216
480 215
479 214
479 213
478 212
477 212
477 211
476 210
475 210
474 209
474 208
473 208
472 207
472 206
471 206
470 205
469 204
469 203
468 202
467 201
467 200
466 199
465 198
465 197
464 197
464 196
463 195
463 194
462 194
462 193
461 192
460 191
460 190
459 189
459 188
458 188
458 187
457 186
457 185
456 185
456 184
455 184
455 183
454 182
454 181
453 180
453 179
453 178
454 177
455 177
455 176
