211
308 210
312 208
315 208
318 208
320 207
323 207
326 207
329 207
332 207
335 207
337 206
340 206
343 206
347 206
350 205
353 205
356 205
359 205
362 205
365 205
368 205
370 204
374 204
378 204
382 204
386 204
390 204
393 204
397 203
401 203
405 203
409 203
413 203
417 203
420 202
424 202
428 202
430 201
434 201
439 201
443 200
447 200
450 200
454 199
458 199
461 199
465 199
469 198
473 198
477 198
481 198
484 198
488 198
490 197
493 197
496 197
499 197
502 196
505 196
509 196
512 196
515 196
519 196
522 195
525 195
528 195
531 195
534 195
537 195
539 194
540 196
540 199
540 202
540 205
540 208
541 211
541 214
541 217
540 219
540 222
540 225
540 228
540 231
540 234
540 237
540 240
540 243
540 246
539 248
539 251
539 254
539 257
539 260
539 263
539 266
539 269
539 272
539 275
539 278
539 281
539 284
538 287
538 291
538 294
538 298
538 301
538 304
538 308
537 310
537 313
537 316
537 319
536 321
533 321
530 321
527 321
524 321
521 321
517 321
514 321
511 321
508 321
505 321
502 321
499 321
496 321
494 320
491 320
487 320
484 320
480 320
477 320
474 320
470 320
466 320
462 320
459 320
456 320
453 320
450 320
447 320
443 319
440 319
437 319
434 319
433 317
431 316
429 314
427 312
425 310
423 309
421 307
419 305
417 303
415 301
413 300
411 298
409 296
407 295
405 294
403 292
401 291
399 289
397 287
395 285
393 284
391 282
390 280
388 278
386 276
383 274
381 273
379 271
376 269
374 267
372 266
370 265
368 263
366 261
364 259
361 257
360 255
358 253
356 252
354 251
351 249
349 247
347 246
345 244
343 243
340 241
338 239
336 238
334 236
332 234
330 232
327 230
325 228
323 226
321 225
319 224
317 222
315 221
313 220
311 219
309 217
307 216
305 214
303 212
301 211
302 210
