292
376 175
381 176
382 176
384 176
386 176
388 176
390 176
392 176
395 176
397 176
400 176
403 175
406 175
410 175
413 175
416 175
420 175
423 175
426 175
430 174
433 174
437 174
440 174
443 174
446 174
450 174
453 174
456 174
459 174
462 174
465 174
468 174
471 174
474 174
477 174
480 174
483 174
487 174
490 173
493 173
497 173
500 173
503 173
506 173
509 173
512 173
515 173
519 173
522 172
525 172
528 172
531 172
534 172
537 172
540 172
543 171
546 171
549 171
552 171
555 171
558 171
560 171
563 171
566 171
569 170
571 170
574 170
577 170
579 169
582 169
584 169
586 169
588 169
590 168
592 168
594 168
595 168
596 168
597 168
598 168
599 168
600 168
601 168
602 168
602 169
603 169
603 170
604 170
604 171
604 172
604 173
604 174
604 175
604 176
604 178
604 179
604 180
604 182
605 183
605 185
605 187
605 189
606 191
605 193
605 195
605 197
605 199
605 202
605 204
605 206
605 208
605 211
605 213
605 215
605 217
605 220
605 222
605 224
605 226
605 228
605 231
605 233
605 235
605 237
604 239
604 241
604 243
604 245
604 247
604 249
604 250
604 251
604 253
604 254
605 255
605 256
605 257
605 258
605 259
604 260
604 261
604 262
604 263
604 264
603 264
603 265
602 265
601 265
600 265
599 264
598 264
596 264
595 264
594 264
592 264
590 264
589 264
587 264
585 264
583 264
581 264
579 264
576 264
574 264
572 265
569 265
567 265
564 265
562 265
559 265
557 265
555 265
553 265
550 265
548 265
546 265
543 265
541 265
538 265
536 265
533 265
531 265
528 265
526 265
523 265
521 265
518 265
515 265
512 264
510 264
507 264
504 264
502 264
500 264
497 264
495 264
493 264
491 264
489 263
487 263
485 263
484 263
482 263
481 263
480 263
479 262
478 262
477 262
476 261
475 260
474 259
473 259
472 258
471 257
470 257
469 256
468 255
467 254
466 253
464 252
463 251
462 250
460 249
459 248
457 247
455 246
454 244
452 243
450 242
448 241
447 240
445 239
443 238
442 237
440 236
439 235
437 234
436 233
434 232
433 231
431 229
430 228
429 227
427 226
426 225
425 224
424 223
422 221
421 220
420 219
419 217
417 216
416 215
415 214
413 213
412 212
410 210
408 209
407 208
405 207
404 206
402 205
401 204
399 203
398 202
397 201
395 200
394 199
393 198
392 197
391 196
390 195
389 194
389 193
388 192
387 192
387 191
386 190
385 189
385 188
384 188
384 187
383 187
383 186
382 186
381 185
380 185
380 184
381 184
381 183
382 183
383 182
