277
294 203
300 202
303 201
306 201
309 201
312 200
315 200
319 200
321 199
324 199
327 199
330 199
333 199
337 199
340 199
344 199
347 199
350 199
353 199
356 199
359 199
363 199
367 199
371 199
375 199
378 200
381 200
385 200
388 200
392 200
394 201
398 201
401 201
405 202
409 202
412 202
414 203
417 203
420 203
422 202
422 199
422 196
423 194
423 191
423 187
423 184
423 181
423 178
422 176
422 173
421 170
421 167
420 164
420 161
420 158
419 156
419 153
419 149
419 146
419 143
418 141
418 138
418 135
418 131
417 128
417 125
417 121
416 118
416 114
416 111
416 108
416 104
416 101
416 98
416 95
416 92
417 94
418 96
419 98
420 100
421 102
422 104
423 106
425 108
427 110
428 112
430 114
432 116
434 118
436 120
438 122
440 125
442 127
444 129
446 131
448 133
450 135
452 137
453 139
455 141
457 143
459 145
461 147
463 149
465 151
466 154
468 156
470 158
473 160
475 162
477 165
479 167
481 169
483 171
484 173
487 175
489 177
490 179
492 181
494 183
496 185
498 187
499 189
501 191
503 192
505 194
507 196
509 198
511 200
513 201
515 203
517 205
520 207
522 209
524 211
526 213
528 214
530 215
532 217
534 219
536 220
538 222
540 224
542 226
544 227
545 229
546 231
544 232
543 234
541 236
539 238
537 239
535 240
533 242
531 243
529 245
527 246
524 247
522 249
520 251
517 253
515 254
512 256
510 258
508 259
506 261
503 263
501 264
499 265
497 267
494 269
492 271
490 272
488 273
486 274
484 276
482 277
480 279
477 280
475 282
472 284
470 286
467 288
465 290
462 292
460 294
457 295
454 297
452 299
449 301
447 303
444 305
442 307
439 309
438 311
435 313
433 315
431 316
429 318
428 320
426 321
424 323
422 325
420 327
418 329
416 331
414 333
413 331
413 328
413 325
414 322
414 319
414 316
415 314
415 311
415 308
416 305
416 302
416 299
416 296
417 293
417 290
417 287
417 284
418 281
418 278
418 274
418 271
419 269
419 266
419 263
419 260
420 258
420 255
420 252
421 250
420 248
417 249
414 249
412 250
408 250
405 250
402 251
399 251
396 251
393 251
390 251
387 251
384 251
381 251
377 251
373 251
370 250
366 250
363 250
359 250
355 250
352 250
348 250
345 249
341 249
337 249
333 250
329 250
325 250
320 250
316 250
312 250
309 250
307 249
303 249
300 249
297 249
294 249
291 249
289 248
288 248
