265
251 182
255 181
258 181
261 181
265 180
269 180
272 180
275 180
278 180
281 180
284 180
287 180
291 180
294 180
297 180
301 180
304 180
308 180
311 180
314 180
317 180
319 181
322 181
326 181
329 181
333 181
335 182
338 182
342 182
346 183
350 183
353 183
356 184
359 184
361 183
361 180
361 177
362 175
362 172
362 169
363 167
363 163
362 160
362 157
362 154
362 151
361 149
361 146
361 143
361 139
361 136
361 133
361 130
361 127
361 124
361 120
361 117
361 114
360 111
360 108
360 104
360 101
360 98
360 94
360 91
361 88
360 86
360 83
360 80
361 82
362 84
364 86
365 88
367 90
369 92
370 94
372 96
373 98
376 100
377 102
379 105
381 107
383 109
385 111
386 113
389 116
391 119
394 122
395 124
398 127
399 129
402 132
403 134
405 135
406 137
408 138
410 140
411 142
413 143
414 145
416 147
419 150
421 152
423 154
425 156
428 159
430 161
432 162
435 164
437 166
439 167
441 169
443 171
445 173
447 174
449 176
452 178
454 180
456 181
458 183
461 185
463 186
465 188
467 190
469 191
471 192
472 194
474 195
476 196
478 198
480 199
482 200
483 202
485 203
483 205
482 207
480 209
478 210
477 212
475 214
473 216
471 218
468 220
466 222
464 223
463 225
460 227
457 230
454 232
453 234
451 235
449 236
448 238
446 239
444 241
442 242
440 243
438 245
436 246
434 247
432 249
430 250
428 251
425 253
423 254
421 256
419 257
417 259
415 260
413 262
411 263
409 265
407 266
406 268
404 269
402 270
399 273
396 275
395 277
392 279
391 281
390 283
387 286
385 289
383 290
382 292
380 293
379 295
377 296
376 298
374 299
372 301
369 304
367 306
364 309
362 312
360 313
358 316
356 317
354 319
352 320
350 321
350 318
350 315
350 312
350 308
351 305
351 302
351 299
352 295
352 291
353 288
353 284
354 282
354 279
354 276
354 273
355 270
355 267
355 263
356 261
356 258
356 255
356 252
357 250
357 246
358 243
358 240
359 237
359 234
359 231
359 228
358 226
356 227
354 228
351 228
348 228
344 228
341 229
338 229
335 229
332 229
328 229
324 229
320 229
318 228
315 228
311 228
308 228
304 228
300 228
296 228
292 228
288 228
284 228
280 228
276 228
272 228
268 228
264 228
261 228
258 228
255 228
252 228
254 228
