286
296 207
301 206
304 206
306 205
310 205
313 204
316 204
318 203
321 203
325 202
329 202
333 202
337 202
341 202
343 201
346 201
350 201
354 201
357 201
361 201
365 201
368 201
372 201
376 201
379 201
383 201
387 200
390 200
394 200
398 200
402 200
406 201
408 200
412 200
416 200
420 200
422 201
425 201
429 201
432 201
434 200
434 197
434 194
434 191
435 188
435 184
436 181
436 178
436 175
436 171
436 168
436 165
436 162
435 159
435 156
435 153
435 150
435 146
435 143
434 140
434 136
434 133
434 130
434 127
433 123
433 119
434 116
434 113
434 109
434 106
434 103
433 100
433 97
433 94
433 90
433 87
435 89
436 91
437 93
438 95
439 97
441 99
442 101
444 103
445 105
448 107
449 109
451 111
453 113
456 115
457 117
459 119
462 122
465 125
466 127
468 128
469 130
471 131
472 133
475 136
478 139
481 142
482 144
484 145
486 147
487 149
489 150
490 152
492 154
495 157
496 159
499 162
501 165
503 166
504 168
506 171
508 172
509 174
510 176
513 179
515 182
517 183
519 186
521 188
523 190
525 192
527 194
528 196
530 198
532 199
533 201
535 203
537 206
539 208
541 210
543 212
545 214
547 216
549 217
549 220
547 222
546 224
544 226
542 228
540 230
538 232
536 234
534 237
531 239
529 241
526 243
524 245
522 246
521 248
518 250
516 251
513 254
511 255
510 257
508 258
506 259
504 261
501 264
499 265
496 268
494 269
491 272
489 273
488 275
486 276
484 277
482 279
479 282
477 283
476 285
474 286
473 288
471 289
468 292
466 293
465 295
463 296
461 297
460 299
458 300
456 302
454 303
452 305
449 308
447 309
445 311
443 313
441 314
438 317
436 318
434 320
432 321
430 323
428 324
426 325
424 327
422 328
421 330
419 331
417 332
414 335
412 337
410 338
408 340
406 341
404 340
403 338
403 335
403 332
403 329
403 326
404 324
404 321
405 319
406 317
406 314
407 312
407 309
408 306
409 304
410 301
411 298
412 295
413 292
414 289
415 287
415 284
416 282
417 280
418 278
419 275
420 273
421 270
422 268
423 265
424 262
425 260
426 257
427 254
427 251
428 249
427 247
424 248
421 249
418 249
415 249
412 250
409 250
405 250
401 250
397 250
395 251
391 251
387 251
382 251
378 251
373 251
369 251
366 251
362 251
359 251
354 251
349 251
344 251
339 251
334 251
329 251
326 251
321 251
318 251
313 251
310 251
306 251
303 251
298 251
294 251
290 251
287 251
284 251
282 252
284 253
