262
115 113
121 112
122 112
124 112
126 112
127 112
130 112
132 112
134 111
137 111
140 111
143 111
146 111
149 111
153 111
157 111
160 111
164 111
167 110
171 110
175 110
178 110
182 111
185 111
188 111
191 111
194 111
196 111
199 111
201 111
202 111
204 111
205 111
206 111
207 112
208 112
208 111
208 110
207 110
207 109
207 108
207 107
207 106
207 105
207 104
207 103
208 101
208 100
208 98
208 96
208 94
208 92
208 90
208 87
208 85
208 83
208 80
208 77
209 75
209 72
209 70
209 67
209 64
210 62
210 60
210 57
210 55
210 53
211 52
211 50
211 49
211 47
211 46
211 45
211 44
212 44
212 45
213 46
213 47
214 48
215 48
215 49
216 50
217 52
218 53
219 54
221 56
222 57
223 59
227 63
228 65
230 67
232 69
234 72
237 74
239 77
241 79
244 82
246 85
249 87
251 90
253 93
256 96
258 98
261 101
263 104
265 107
268 109
270 112
272 114
275 116
277 119
279 121
281 123
283 125
285 127
286 128
288 130
289 131
291 133
292 134
294 135
295 136
296 137
297 137
298 138
298 139
299 139
300 140
299 141
298 141
297 141
296 142
295 143
293 144
292 145
290 146
288 147
286 149
284 151
282 152
279 155
277 157
274 159
271 162
268 164
266 167
263 170
260 173
257 176
254 180
251 183
248 186
245 189
243 193
240 196
238 199
235 202
233 205
231 209
228 212
226 215
224 218
222 221
220 224
218 226
216 229
214 231
212 233
211 235
210 237
209 238
208 239
207 240
206 241
205 241
205 240
205 239
205 238
205 237
205 236
206 235
206 233
206 232
206 230
206 228
206 226
206 224
206 221
206 219
206 216
206 214
206 211
206 208
205 205
205 202
205 199
205 196
205 193
205 190
205 188
205 185
205 182
205 179
205 176
205 174
205 171
205 169
204 167
204 165
204 163
204 162
204 161
204 159
203 158
203 157
203 156
202 156
202 155
201 155
201 154
200 154
199 154
198 154
197 154
195 154
194 153
192 153
190 154
187 154
184 154
181 154
178 154
175 155
171 155
168 155
164 156
160 156
156 156
152 157
147 157
143 158
139 158
135 158
131 159
127 159
123 159
120 159
116 160
113 160
111 160
108 160
106 160
104 160
102 160
100 159
99 159
98 159
97 159
96 159
97 159
98 159
