310
139 110
142 109
143 109
145 109
146 109
148 109
150 109
152 109
155 110
157 110
160 110
163 110
166 110
169 110
172 110
175 110
178 110
182 110
185 111
187 111
190 111
192 111
195 111
197 111
198 111
200 111
201 111
202 111
203 111
204 110
205 110
205 109
205 108
205 107
205 106
205 105
205 104
205 103
205 102
205 101
204 99
204 98
204 97
204 95
204 94
204 93
203 91
203 90
203 89
202 87
202 86
201 84
201 82
201 80
200 79
199 77
199 75
198 73
198 71
197 70
197 68
196 67
196 65
195 63
195 61
194 59
193 58
193 56
192 54
191 52
190 51
190 49
189 48
188 47
188 46
187 45
186 44
186 43
185 42
185 41
184 40
184 39
184 38
183 38
183 37
183 36
184 37
185 37
185 38
186 38
187 39
188 39
189 40
190 41
191 42
192 42
193 43
194 44
196 45
197 45
199 46
201 47
203 48
205 49
207 51
210 52
212 53
214 55
216 56
219 58
221 60
224 61
227 63
229 65
232 66
235 68
238 70
241 71
244 73
247 75
249 77
252 79
255 80
258 82
261 84
264 86
267 88
269 89
272 91
275 92
278 94
281 96
283 97
286 99
288 100
290 102
293 103
295 105
297 106
300 108
302 109
304 110
306 111
308 112
309 113
311 113
312 114
313 115
314 115
316 116
317 116
317 117
318 117
319 118
320 118
321 119
320 119
320 120
319 120
319 121
318 121
318 122
317 122
316 123
316 124
315 125
314 126
313 127
312 128
311 129
310 130
308 131
307 132
306 133
305 134
303 135
301 137
300 138
298 139
296 140
294 141
293 143
291 145
289 146
287 148
285 149
283 151
281 153
279 154
277 156
275 157
272 159
270 160
268 162
266 163
263 165
261 166
259 168
257 169
254 171
252 173
249 175
247 177
245 178
243 180
240 181
238 183
236 184
234 186
232 187
230 189
228 190
226 191
224 193
223 194
221 195
220 197
218 198
217 199
216 200
215 201
214 201
213 202
212 202
212 203
211 203
210 203
210 202
210 201
209 201
209 200
209 199
209 198
209 197
208 196
208 195
208 194
208 192
208 191
208 190
208 188
207 187
207 186
207 185
207 183
207 182
206 181
206 179
206 178
205 176
205 175
205 173
205 171
204 169
204 168
204 166
204 164
204 163
204 161
204 160
203 159
203 158
203 156
203 155
203 154
203 153
203 152
203 151
203 150
202 150
202 149
202 148
202 147
202 146
202 145
201 145
200 146
199 146
198 146
197 146
196 146
194 147
193 147
191 147
189 147
187 148
185 148
182 148
180 149
178 149
176 150
173 150
171 151
168 151
166 151
164 152
161 152
159 152
157 152
156 153
154 153
153 153
152 153
151 153
150 153
149 153
149 152
150 152
150 153
149 153
