250
301 204
305 203
308 203
311 202
314 202
317 202
319 201
324 201
328 201
332 200
336 200
340 200
344 200
348 200
352 200
356 200
360 200
364 200
367 200
371 200
374 200
376 199
379 199
383 199
387 199
390 199
393 199
397 199
402 200
406 200
410 200
414 200
417 200
420 200
419 198
419 195
419 192
419 189
419 186
419 182
419 178
419 175
419 172
419 168
419 165
419 162
419 158
419 155
418 153
418 149
418 145
417 142
417 138
416 135
416 132
415 130
415 126
414 123
414 119
413 116
412 114
412 111
411 109
412 111
413 113
414 116
415 118
417 120
418 123
419 125
422 127
423 129
425 132
427 133
428 135
431 137
432 139
434 140
435 142
437 143
440 146
443 148
444 150
446 151
449 154
452 156
455 159
458 161
461 163
462 165
464 166
467 168
470 170
472 172
475 174
477 175
480 178
483 180
485 181
487 182
490 185
492 186
494 187
496 188
498 190
500 191
502 192
504 193
506 194
508 195
510 197
513 198
515 199
517 200
520 201
522 202
524 203
526 204
528 205
530 206
532 207
534 208
537 209
540 210
543 211
541 212
539 214
537 216
535 217
533 219
531 220
529 222
527 224
525 225
523 227
520 229
517 231
514 233
511 235
509 237
506 239
503 241
500 242
498 243
495 245
492 247
490 248
487 250
485 251
483 252
481 253
479 254
477 255
474 257
472 258
470 259
467 261
465 262
462 264
460 265
457 267
455 268
453 269
450 271
448 272
445 274
443 275
440 277
438 278
436 279
433 281
431 282
429 283
427 284
425 286
423 287
421 288
419 289
416 291
414 292
412 293
409 295
407 296
404 297
402 298
400 299
397 300
394 301
393 299
393 296
393 293
393 290
394 288
395 285
395 282
396 280
397 278
398 275
399 272
399 269
400 267
401 264
401 261
402 259
402 256
403 254
403 251
404 249
404 246
405 244
405 241
406 238
406 235
407 233
407 230
405 231
403 232
400 232
397 232
395 233
392 233
389 233
387 234
384 234
381 234
378 234
374 234
371 234
368 234
364 234
360 234
357 234
354 234
351 234
349 233
346 233
343 234
340 234
336 234
333 234
329 234
325 234
322 234
318 234
314 234
311 235
307 235
304 235
301 235
303 235
