457
236 185
241 184
242 184
244 184
245 184
247 184
249 183
251 183
253 183
255 183
257 183
259 183
262 183
264 183
267 182
270 182
273 182
276 182
279 182
283 182
286 182
289 181
293 181
296 181
300 181
303 181
306 181
310 180
313 180
316 180
320 180
323 180
326 180
329 179
332 179
335 179
338 179
340 179
343 179
345 179
348 179
350 179
353 179
355 179
357 179
360 179
362 179
364 179
366 179
368 179
369 179
371 179
373 179
374 179
376 179
377 179
378 178
379 178
380 178
381 178
382 178
383 178
384 177
384 176
385 176
385 175
385 174
385 173
385 172
385 171
384 169
384 168
384 167
384 165
384 164
384 162
384 160
384 159
384 157
383 156
383 154
383 152
383 151
383 149
383 147
382 146
382 144
382 142
382 140
381 138
381 137
381 135
380 133
380 131
380 130
379 128
379 126
379 124
378 123
378 121
378 119
378 117
377 116
377 114
377 112
377 110
376 109
376 107
376 105
376 103
375 102
375 100
375 99
375 97
375 96
374 95
374 93
374 92
374 91
373 89
373 88
373 87
373 86
373 85
373 84
373 83
374 83
375 83
376 83
377 84
378 84
379 85
380 85
381 86
382 86
383 87
384 88
385 88
386 89
387 90
389 91
390 92
391 92
392 93
393 94
394 95
395 96
396 97
397 98
399 99
400 100
401 101
402 103
403 104
404 105
405 106
406 108
407 109
409 110
410 112
411 113
412 115
414 116
415 117
416 119
418 120
419 121
420 123
422 124
423 126
425 127
427 128
428 130
430 131
431 133
433 134
435 136
436 137
438 139
439 141
441 142
443 144
444 145
446 147
448 148
449 149
451 150
452 152
454 153
455 154
456 155
457 156
459 158
460 159
462 160
463 162
464 163
466 164
467 166
468 167
469 168
471 170
472 171
473 172
474 173
476 174
477 175
478 176
479 178
480 179
481 180
482 181
483 182
484 182
485 183
486 184
487 185
488 186
489 187
490 187
490 188
491 189
492 189
492 190
493 190
493 191
492 192
492 193
491 194
490 196
489 197
488 198
487 199
486 201
485 202
484 204
483 206
482 208
482 210
481 213
480 215
479 218
478 220
477 223
477 226
476 228
475 230
475 233
474 235
474 237
473 238
473 240
472 242
471 243
471 245
470 246
470 248
469 249
468 251
468 252
467 253
466 255
466 256
465 257
465 258
464 259
463 260
463 261
462 262
461 263
460 264
460 266
459 267
458 268
457 269
457 270
456 272
455 273
454 274
454 275
453 277
452 278
452 279
451 280
450 282
450 283
449 284
448 286
448 287
447 288
446 290
446 291
445 292
444 293
443 295
442 296
442 297
441 298
440 300
439 301
438 302
438 304
437 305
436 306
435 307
435 308
434 309
433 310
433 312
432 312
432 313
431 314
430 315
430 316
429 317
429 318
428 318
428 319
427 320
426 321
425 322
424 322
424 323
423 323
422 323
421 323
421 322
420 322
419 321
419 320
418 319
417 318
417 317
416 316
416 314
415 313
415 311
414 309
414 307
413 305
413 303
412 301
411 298
411 296
410 294
409 292
409 290
408 287
408 285
408 283
407 281
407 279
407 276
406 274
406 272
406 270
405 268
405 266
405 263
405 261
405 259
405 257
404 255
404 253
404 252
404 250
404 248
404 246
403 245
403 243
403 241
403 240
403 238
403 237
403 235
402 233
402 232
402 231
402 229
402 228
402 227
402 226
402 225
402 224
401 224
401 223
401 222
401 221
400 220
399 220
398 221
397 221
396 221
395 221
393 222
392 222
390 222
388 223
386 223
384 223
382 223
380 223
377 224
374 224
372 224
369 224
366 224
363 224
360 224
356 224
353 225
350 225
347 225
344 225
340 225
337 225
334 225
331 226
328 226
325 226
322 226
319 226
316 226
313 226
311 226
308 226
306 226
303 226
301 226
299 226
296 226
294 226
292 226
290 226
288 226
285 227
283 227
281 227
279 227
277 227
275 228
274 228
272 228
271 228
270 228
269 228
268 228
267 228
266 228
265 228
265 229
264 229
263 229
264 229
265 228
266 228
269 227
