517
182 166
187 166
188 166
189 166
190 165
191 165
193 165
194 165
195 165
197 165
199 165
200 165
202 165
204 165
206 164
208 164
210 164
212 164
215 164
217 164
219 164
221 164
223 164
225 163
227 163
229 163
231 163
234 163
236 163
238 163
240 163
242 163
245 163
247 163
249 163
252 163
254 163
257 163
259 163
262 164
264 164
267 164
269 164
272 164
274 164
277 164
280 164
283 164
286 164
289 164
292 164
295 164
298 164
301 165
304 165
307 165
310 165
313 165
315 165
318 165
320 165
322 165
324 165
325 165
327 165
328 165
330 165
331 165
332 165
333 165
333 164
334 164
334 163
334 162
334 161
334 160
334 159
334 158
334 157
334 156
334 155
334 154
334 153
334 152
334 150
334 149
334 148
334 147
334 145
334 144
334 142
334 141
334 140
334 138
334 137
334 135
334 134
334 132
334 130
334 129
334 127
334 126
334 124
334 123
334 121
334 120
333 118
333 116
333 115
333 113
333 111
333 110
333 108
333 106
333 104
333 103
333 101
333 99
333 97
333 96
333 94
333 92
333 90
332 89
332 87
332 85
332 83
332 81
332 79
332 77
332 75
332 73
331 71
331 69
331 67
331 65
331 64
331 62
331 60
330 58
330 56
330 54
330 52
330 51
330 49
329 48
329 47
329 46
329 45
329 44
328 43
328 42
328 41
329 42
329 43
330 43
330 44
331 44
332 45
332 46
333 47
334 48
335 49
337 50
338 51
339 53
340 54
342 55
343 57
345 58
346 59
348 61
349 62
351 64
352 65
354 67
355 69
357 70
359 72
361 74
362 75
364 77
366 79
368 81
370 83
372 84
374 86
375 88
377 89
379 91
381 93
383 94
385 96
386 98
388 99
390 101
392 103
394 105
396 107
398 108
400 110
401 112
403 114
405 116
407 117
408 119
410 121
412 122
414 124
415 126
417 128
419 130
421 131
423 133
424 135
426 137
428 139
430 141
431 142
433 144
435 146
437 148
438 149
440 151
442 153
444 154
446 156
448 158
450 160
452 161
453 163
455 165
457 166
459 168
461 169
463 171
464 173
466 174
468 176
470 177
472 179
474 180
476 182
478 183
480 185
481 186
483 188
485 189
486 190
488 192
490 193
491 194
493 195
494 196
496 197
497 198
498 199
499 200
500 201
501 201
502 202
503 203
504 204
504 205
503 205
502 205
502 206
501 206
500 206
500 207
499 207
497 208
496 208
495 209
494 210
493 210
491 211
490 212
489 213
487 213
486 214
484 215
483 216
481 217
480 218
478 219
477 220
475 221
473 222
471 223
469 224
467 225
465 226
464 227
462 229
460 230
458 231
456 233
454 234
452 235
450 237
448 238
446 240
444 241
442 243
440 244
438 246
436 247
434 249
432 250
430 252
428 253
426 255
424 256
422 258
420 259
418 261
416 262
414 264
412 266
411 267
409 269
407 270
405 272
403 274
401 275
399 277
397 278
395 280
393 281
391 283
388 284
386 286
384 287
382 289
380 290
377 292
375 294
373 295
371 297
369 298
367 300
364 301
362 303
360 304
358 306
356 307
354 309
352 310
351 312
349 313
347 315
345 316
343 318
342 319
340 320
338 322
337 323
335 324
334 326
333 327
332 328
330 329
329 330
328 330
328 331
327 332
326 333
325 333
325 334
324 334
323 335
322 334
322 333
322 332
322 331
322 330
322 329
322 328
322 327
322 326
322 324
322 323
322 322
322 320
322 319
322 317
322 317
322 316
323 314
323 313
323 311
323 311
323 309
323 307
324 306
324 304
324 302
325 300
325 299
325 297
326 295
326 293
327 291
327 289
327 287
327 285
328 283
328 281
328 279
328 277
328 275
329 273
329 271
329 269
329 267
329 265
329 264
329 262
329 260
329 258
329 256
329 255
329 253
329 251
329 250
329 248
328 246
328 245
328 243
328 242
329 240
329 239
329 237
329 236
329 234
329 233
329 232
329 230
329 229
329 228
329 227
329 226
329 225
329 224
329 223
328 223
328 222
327 221
326 221
326 222
325 222
324 222
323 222
322 222
321 223
320 223
319 223
318 223
317 223
316 224
315 224
313 224
312 224
310 224
309 224
307 225
305 225
303 225
302 225
300 225
298 226
296 226
294 226
291 226
289 226
287 226
284 226
282 226
279 226
276 226
274 226
271 226
269 226
266 227
263 227
261 227
258 227
255 227
252 227
249 227
246 227
244 227
241 227
238 227
235 227
232 227
229 227
226 227
223 228
220 228
217 228
214 228
212 228
209 228
206 228
204 228
202 228
200 228
198 228
196 228
195 228
194 229
193 229
192 229
193 229
193 229
