287
223 148
228 148
230 148
231 148
233 148
235 147
237 147
239 147
242 147
245 146
247 146
251 146
254 146
258 145
261 145
265 145
269 144
273 144
277 144
282 144
286 144
290 144
295 143
299 143
303 144
308 144
312 144
316 144
320 144
324 144
328 144
331 144
335 144
338 144
341 145
344 145
347 145
349 145
351 145
353 145
355 145
357 145
358 145
359 145
360 145
360 144
361 144
362 144
362 143
362 142
362 141
362 140
362 139
361 138
361 137
361 136
361 134
361 132
361 130
360 128
360 126
360 123
360 121
360 118
359 115
359 112
359 109
359 106
359 103
359 99
359 96
359 93
359 90
359 87
359 84
359 82
359 79
360 77
360 75
360 73
360 71
360 70
361 68
361 67
361 66
361 65
362 65
362 64
362 63
363 64
363 65
364 65
364 66
364 67
365 68
365 69
366 70
366 71
367 72
368 73
369 75
370 76
371 78
372 80
374 82
375 83
377 85
379 88
381 90
383 92
386 95
388 98
390 100
393 103
395 106
398 109
400 111
403 114
405 117
408 120
410 123
413 126
415 129
418 132
420 135
423 137
425 140
427 143
430 145
432 147
434 150
437 152
439 154
441 156
443 158
444 160
446 161
448 163
449 164
451 166
452 167
454 168
455 169
456 169
457 170
458 171
459 172
459 173
459 174
458 174
457 175
456 176
455 176
454 177
453 178
452 179
451 181
449 182
448 183
446 185
444 187
442 188
441 190
438 192
436 195
434 197
431 200
429 202
426 205
423 208
420 211
417 214
414 217
411 220
408 223
405 226
402 229
399 232
396 235
393 238
391 241
388 243
385 246
383 248
381 251
378 253
376 255
374 257
372 259
370 261
369 262
367 263
366 265
365 266
364 267
363 268
362 268
361 269
360 269
359 269
359 268
359 267
359 266
359 265
359 264
359 262
359 261
359 259
359 257
359 255
359 253
358 250
358 248
358 245
358 242
358 239
358 236
358 233
358 229
358 226
358 222
358 218
358 215
358 211
358 208
359 204
359 201
359 198
359 195
359 192
360 189
360 187
360 185
360 183
360 182
360 180
359 179
359 178
359 177
359 176
358 176
357 176
356 176
355 175
354 175
352 175
351 175
349 175
347 175
345 175
343 175
340 175
337 175
334 175
331 175
327 175
324 175
320 175
316 176
312 176
308 176
304 176
300 176
295 177
291 177
287 177
283 177
279 177
275 177
271 178
268 178
264 178
261 178
258 178
255 178
252 178
250 178
247 178
246 178
244 178
243 178
241 178
240 178
239 178
239 177
239 178
239 179
