274
135 117
140 117
141 116
142 116
143 116
145 116
147 116
149 116
151 116
153 116
156 116
158 116
161 115
164 115
167 115
170 115
173 115
176 114
180 114
183 114
186 113
190 113
193 113
196 113
199 113
202 112
205 112
208 112
211 112
213 112
216 112
218 112
220 112
222 112
223 111
225 111
226 111
227 111
228 111
229 111
230 111
230 110
229 110
229 109
229 108
230 107
230 106
230 105
230 104
230 103
230 101
230 100
230 98
230 96
230 94
230 92
230 90
231 88
231 85
231 83
231 81
231 79
231 77
231 74
231 72
231 70
231 68
231 66
231 64
231 62
232 60
232 58
232 57
232 55
232 54
232 53
232 52
232 51
232 50
232 49
232 48
232 47
231 47
232 47
232 48
233 49
234 49
234 50
235 51
236 52
237 53
238 54
239 55
240 57
241 58
243 60
244 62
246 64
247 66
249 68
251 70
253 73
254 75
256 78
258 80
260 83
262 85
264 88
266 90
268 93
270 95
272 98
274 101
275 103
277 106
279 108
281 110
283 113
284 115
286 117
287 120
289 122
290 124
292 126
293 128
294 130
296 132
297 134
298 136
300 137
301 139
302 141
303 142
304 143
305 144
306 146
307 146
307 147
308 148
309 149
309 150
310 150
310 151
310 152
309 152
309 153
308 153
307 154
306 155
304 157
303 158
302 159
300 161
298 163
296 165
294 167
291 169
289 172
287 174
284 177
282 180
279 183
277 186
274 189
271 192
269 195
266 199
263 202
261 205
258 208
256 211
253 213
251 216
248 219
246 221
244 224
241 226
239 228
237 229
235 231
234 233
232 234
231 235
230 236
229 236
228 237
227 237
226 238
225 238
225 237
225 236
225 235
225 234
225 233
226 232
226 231
226 229
226 227
226 225
226 224
226 221
226 219
226 217
226 214
226 211
226 209
226 206
226 203
226 200
226 197
226 194
226 191
226 188
226 185
226 183
226 180
226 177
226 175
226 172
226 170
226 168
226 166
226 164
226 163
226 161
226 160
225 159
225 158
225 157
225 156
224 155
224 154
223 154
222 154
221 154
221 155
220 155
219 155
218 155
216 155
215 155
213 155
211 155
209 156
206 156
204 156
201 156
198 157
195 157
192 157
189 157
186 157
182 158
179 158
176 158
173 158
169 158
166 158
164 159
161 159
158 159
156 159
153 159
151 159
149 159
147 159
146 159
143 159
142 159
141 159
140 159
139 159
138 159
137 159
