253
292 205
297 203
299 202
302 202
304 201
307 201
311 201
314 201
318 201
321 200
325 200
328 200
333 200
338 200
342 200
345 200
350 200
355 200
360 200
364 200
367 200
372 200
375 200
378 200
383 200
386 200
389 200
394 200
398 200
402 200
405 200
408 200
407 198
407 195
407 192
407 189
407 186
407 182
407 179
407 176
407 173
407 170
407 166
406 163
406 159
405 156
404 152
403 148
403 143
402 141
402 137
401 135
400 131
400 128
399 124
399 120
398 117
397 113
397 110
396 108
395 105
395 102
394 100
393 98
392 95
393 97
394 99
395 101
396 103
397 106
399 108
400 110
402 112
403 114
404 116
407 119
410 122
411 124
413 126
416 129
419 132
420 134
422 135
424 137
427 140
430 143
432 144
433 146
435 148
438 151
440 152
441 154
444 157
447 159
448 161
450 162
453 165
456 168
458 169
459 171
461 172
463 174
465 175
466 177
468 179
470 180
472 182
475 185
477 187
479 188
481 190
483 191
486 193
488 194
490 196
493 197
495 199
497 200
500 202
502 204
505 205
508 207
510 208
513 210
515 211
518 212
520 214
523 215
526 217
529 218
531 219
530 221
528 223
526 225
524 226
522 228
520 229
517 231
515 233
513 234
511 235
509 236
506 238
504 239
502 240
499 241
497 243
495 244
492 245
490 246
488 248
485 249
483 250
480 251
478 253
475 254
473 256
470 257
468 259
465 260
463 262
460 263
458 265
455 266
452 267
450 269
447 270
445 271
442 272
440 274
437 275
434 276
432 278
429 279
427 281
424 282
422 284
419 286
417 287
415 289
413 290
410 292
408 293
406 295
404 296
401 298
399 299
397 300
395 302
393 303
391 304
389 305
387 306
384 308
382 309
380 310
378 311
376 310
375 308
375 305
375 302
375 299
376 297
376 294
377 292
378 289
378 286
379 284
380 281
381 279
382 276
383 272
384 268
385 264
386 260
386 257
387 255
387 252
388 250
389 246
390 243
391 240
392 237
392 234
389 234
387 235
384 235
381 235
379 236
376 236
372 236
369 236
366 236
363 236
359 236
355 236
351 236
347 236
343 236
338 236
334 236
330 236
325 236
321 236
319 237
315 237
312 237
308 237
305 237
302 237
299 237
296 237
296 236
