316
242 188
257 189
260 188
263 188
266 188
269 188
273 187
276 187
280 187
283 187
287 187
290 186
294 186
298 186
302 186
305 186
309 186
313 186
317 186
320 186
324 185
327 185
330 185
334 185
337 185
340 185
343 185
346 185
348 186
351 186
354 186
356 186
359 186
361 185
363 185
365 185
367 185
369 185
370 185
372 185
373 185
374 185
375 185
376 184
377 184
378 183
378 182
378 181
378 180
378 179
378 178
378 176
378 175
377 173
377 172
377 170
377 168
377 166
377 165
376 163
376 161
376 159
375 157
375 155
374 153
374 151
373 149
373 147
373 145
372 143
372 141
371 139
371 137
371 135
371 133
370 131
370 130
370 129
370 127
370 126
370 125
370 124
369 124
369 123
369 122
369 121
369 120
370 120
371 120
372 121
373 121
374 121
375 122
376 122
377 123
378 124
379 124
381 125
383 126
384 127
386 128
387 129
389 130
391 131
393 133
395 134
397 135
399 136
401 137
403 139
405 140
407 141
409 143
411 144
414 146
416 147
418 149
421 150
423 151
425 153
428 154
430 155
432 157
435 158
437 160
440 162
442 163
444 165
447 166
449 168
451 169
453 171
455 173
458 174
460 176
462 177
464 179
467 180
469 182
471 183
473 184
475 186
477 187
479 188
481 189
483 190
485 191
487 193
488 194
490 195
491 196
493 197
494 198
495 198
496 199
497 200
498 200
499 201
500 202
501 202
502 202
503 203
504 203
504 204
503 204
502 205
501 205
500 205
499 205
498 206
496 206
495 207
493 208
491 208
489 209
487 210
485 211
483 212
480 214
478 215
476 216
473 218
471 220
469 221
467 223
464 225
462 226
460 228
457 230
455 231
453 233
450 234
448 236
446 238
443 240
441 241
439 243
437 245
434 247
432 249
430 250
428 252
426 253
425 255
423 256
421 258
420 259
418 261
416 263
415 264
413 266
412 267
410 269
409 270
407 272
406 273
404 275
403 276
402 277
401 278
400 279
400 280
399 281
398 281
398 282
397 282
397 283
396 283
395 283
394 283
393 282
392 281
391 280
390 279
390 278
389 276
389 275
388 273
388 272
387 270
387 268
387 266
386 264
386 262
386 260
386 258
385 256
385 253
385 251
385 249
385 247
385 245
385 243
385 241
385 239
384 237
384 235
384 234
384 232
384 231
384 230
384 228
384 227
385 226
384 225
385 224
384 223
384 222
383 222
382 222
381 222
380 222
378 223
377 223
374 224
371 224
369 224
367 225
364 225
361 225
358 225
354 226
350 226
346 226
342 226
338 227
334 227
329 227
325 227
322 227
319 228
314 228
309 228
304 228
299 228
294 228
290 228
285 228
278 228
276 228
273 228
271 227
268 227
266 227
264 227
263 227
261 227
260 227
259 227
258 227
257 227
258 227
259 227
260 227
261 227
263 226
