254
102 132
107 131
108 131
110 131
111 130
113 130
115 130
117 130
119 130
124 129
127 129
129 129
133 129
136 129
139 129
143 128
146 128
150 128
154 128
157 128
161 128
165 128
168 128
172 128
175 127
178 127
181 127
184 127
187 127
189 127
192 127
194 127
196 127
197 127
198 127
199 127
200 127
201 127
202 127
203 126
203 125
203 124
203 123
203 122
203 121
203 120
203 118
203 117
203 115
203 114
204 112
204 110
204 108
204 105
204 103
205 100
205 98
205 95
205 92
206 89
206 87
206 84
206 81
206 79
206 77
206 74
207 72
207 70
207 68
207 66
207 64
207 63
207 61
207 60
207 59
207 58
207 57
207 58
208 58
208 59
209 59
209 60
210 60
210 61
211 62
212 63
213 65
214 66
215 68
216 69
217 71
219 73
220 75
222 77
224 80
226 82
228 84
230 87
232 90
234 92
237 95
239 98
241 101
244 104
246 107
248 110
250 113
253 116
255 119
257 122
259 124
261 127
263 130
265 132
267 134
269 136
271 138
273 140
274 142
276 143
277 145
279 146
280 148
281 149
282 150
282 151
283 152
284 153
284 154
285 154
285 155
286 156
285 157
284 157
283 158
282 158
281 159
280 159
279 160
277 161
275 162
273 164
270 165
268 167
265 169
263 171
260 173
257 175
254 178
251 180
248 182
245 185
242 187
239 190
236 193
233 195
230 198
227 200
224 203
221 205
218 208
216 210
213 212
211 215
208 217
206 219
204 221
202 222
201 224
199 225
198 227
197 228
196 229
195 229
194 230
193 230
193 229
193 228
193 227
193 226
193 225
193 224
193 223
193 221
193 220
193 218
192 216
192 214
192 212
192 209
192 207
192 204
192 201
192 198
192 195
192 192
192 190
192 187
193 184
193 182
193 179
193 177
193 174
193 172
193 170
193 169
193 167
193 166
193 165
193 164
193 163
192 162
192 161
191 161
190 160
189 161
188 161
187 161
186 161
185 161
184 161
182 161
180 161
179 162
177 162
175 162
172 163
170 163
167 163
165 163
162 163
159 164
157 164
154 164
151 164
148 164
146 164
143 164
140 164
138 164
135 164
133 164
130 164
128 164
126 164
124 164
123 164
121 164
120 164
119 164
118 164
117 164
116 164
115 164
