443
180 178
187 177
188 177
189 177
191 177
192 177
194 177
195 177
197 177
199 177
201 177
203 177
205 177
207 176
209 176
211 176
213 176
216 176
218 176
220 176
222 176
224 176
227 176
229 176
232 176
234 176
237 175
239 175
241 175
244 175
246 176
248 176
251 176
253 176
256 176
259 176
261 176
264 176
267 176
269 176
272 176
275 176
278 176
281 176
283 176
286 176
289 176
291 176
293 176
295 176
297 176
299 176
300 176
302 176
303 176
304 176
305 176
305 175
306 175
307 175
307 174
307 173
307 172
307 171
307 170
307 169
307 168
307 167
307 166
307 165
307 164
307 162
307 161
307 159
306 158
306 156
306 154
306 152
306 151
306 149
306 147
305 145
305 144
305 142
305 140
305 138
305 136
304 134
304 132
304 130
304 127
303 125
303 123
302 121
302 119
302 117
301 115
301 112
301 110
300 108
300 106
300 103
300 101
299 99
299 96
299 94
299 92
298 90
298 87
298 85
297 83
297 80
297 78
296 76
296 73
296 71
295 69
295 67
295 65
295 63
294 61
294 60
294 58
294 56
294 55
294 53
294 52
294 51
294 50
294 49
294 48
295 49
295 50
296 50
297 51
297 52
298 53
299 54
300 55
301 56
302 57
303 58
304 60
306 61
307 62
309 64
310 65
312 67
313 68
315 70
316 71
318 73
320 75
321 76
323 78
325 80
326 82
328 84
330 86
332 88
334 89
335 91
337 93
339 95
341 97
343 99
345 100
347 102
349 104
351 106
353 108
355 110
357 112
359 114
361 116
361 116
363 118
366 120
368 122
370 124
372 126
374 128
376 130
378 132
380 134
382 136
385 138
387 140
389 142
391 144
394 146
396 148
398 150
400 152
403 154
405 156
407 158
409 160
411 162
413 164
415 166
418 168
420 170
422 172
424 174
426 176
429 178
431 180
433 182
435 184
437 186
439 188
441 189
443 191
445 193
446 194
448 196
450 197
451 198
453 199
454 200
455 201
456 202
457 202
458 203
459 204
460 205
461 205
461 206
461 207
460 208
459 208
458 209
457 209
456 210
454 211
453 212
452 213
451 214
449 215
448 216
446 217
445 218
443 219
441 220
440 221
438 223
436 224
434 225
433 227
431 228
429 229
427 231
426 232
424 233
422 235
420 236
418 238
416 240
414 241
412 243
410 244
408 246
406 248
405 249
403 251
401 253
399 254
397 256
395 258
393 260
390 262
388 264
386 266
384 268
381 270
379 272
377 274
375 276
373 277
370 279
368 281
365 283
363 285
360 287
358 289
355 291
353 293
350 295
347 297
345 299
342 301
339 303
337 305
334 307
332 308
330 310
327 312
325 313
323 315
321 316
319 318
317 319
315 321
313 322
311 323
310 324
308 325
307 326
305 327
304 328
303 329
302 329
301 330
300 330
299 330
298 331
297 330
297 329
296 329
296 328
296 327
296 326
296 325
296 324
296 323
296 322
295 321
295 320
295 319
295 317
295 316
295 314
295 313
295 311
296 310
296 308
296 307
296 305
296 303
297 301
297 299
297 298
298 296
298 294
298 291
299 289
299 287
299 285
300 283
300 281
300 279
300 277
300 275
301 273
301 271
301 269
301 266
301 264
302 262
302 260
302 258
302 256
303 255
303 253
303 251
303 249
303 248
304 246
304 244
304 243
304 241
304 240
304 239
304 237
304 236
304 235
304 234
303 234
303 233
303 232
302 231
302 230
301 230
300 230
299 230
298 230
297 230
296 230
295 230
294 230
293 230
291 230
290 230
288 230
286 231
285 231
283 231
281 231
278 231
276 231
274 231
272 231
269 231
267 231
264 231
262 231
259 231
256 231
254 231
251 231
248 231
245 231
243 231
240 231
237 231
234 231
232 231
229 231
226 231
224 231
221 231
219 231
217 231
214 231
212 231
210 231
208 232
206 232
205 232
203 232
202 232
200 232
199 232
198 232
197 233
196 233
195 233
195 234
194 235
195 235
195 236
195 236
