559
181 154
187 153
188 153
189 153
191 153
192 152
194 152
195 152
197 152
199 152
201 152
203 151
205 151
207 151
209 151
211 151
213 151
215 151
217 151
219 151
222 151
224 151
226 151
228 151
231 151
233 151
235 151
238 151
240 151
242 150
245 150
247 150
249 150
251 150
254 150
256 150
259 150
261 150
263 150
266 150
268 150
271 150
273 150
276 149
278 149
281 149
283 149
286 149
288 149
291 149
294 149
296 149
299 149
301 149
304 149
307 149
310 149
312 149
315 150
318 150
320 150
323 150
325 150
328 150
330 150
332 150
334 150
336 150
338 150
340 150
341 151
342 151
343 151
344 151
345 151
346 150
346 149
346 148
346 147
346 146
346 145
346 144
346 143
346 142
346 141
346 140
346 139
346 138
347 137
347 136
347 135
347 134
347 132
347 131
347 130
347 129
347 127
347 126
347 125
347 123
347 122
347 121
347 119
347 118
347 117
347 115
347 114
347 112
348 110
348 109
348 107
348 105
348 103
349 102
349 100
349 98
349 96
349 94
350 93
350 91
350 89
350 87
351 85
351 83
351 81
352 79
352 77
352 75
352 73
352 71
353 69
353 67
353 65
353 63
353 61
353 59
353 57
353 55
353 53
353 51
353 49
353 47
353 45
353 43
353 41
353 40
353 38
353 37
353 35
353 34
353 33
353 32
353 31
353 30
353 29
353 28
352 28
352 27
353 28
353 29
354 30
355 31
355 32
356 32
356 33
357 34
358 35
359 36
360 37
361 38
362 39
363 40
364 41
365 42
366 43
367 44
368 45
369 46
370 47
371 48
372 49
373 50
375 52
376 53
377 54
378 56
379 57
380 58
381 60
382 61
383 62
385 64
386 65
387 66
388 68
389 69
390 70
391 72
392 73
394 75
395 76
396 78
397 79
398 81
399 82
401 84
402 85
403 86
404 88
405 89
406 91
408 92
409 94
410 95
411 97
412 98
414 100
415 101
416 103
418 104
419 106
420 107
422 109
423 111
425 112
426 114
428 115
429 117
430 118
432 120
433 121
435 123
436 124
438 126
439 128
441 129
442 131
444 133
446 135
447 136
449 138
451 140
452 141
454 143
456 145
458 146
459 148
461 150
463 151
465 153
467 155
469 157
470 158
472 160
474 162
476 164
478 165
480 167
482 169
484 171
486 172
487 174
489 175
491 177
493 178
495 180
496 181
498 183
500 184
501 185
503 186
504 187
506 188
507 189
508 190
509 191
510 191
510 192
511 192
511 193
512 193
512 194
513 194
512 194
511 194
511 195
510 195
509 195
508 195
508 196
507 196
506 196
505 197
504 198
503 198
502 199
501 200
500 201
499 201
498 202
497 203
496 203
495 204
494 205
493 205
492 206
491 207
490 208
488 209
487 210
486 211
485 212
483 213
482 214
480 215
479 216
478 217
476 218
475 219
473 220
472 221
470 222
468 223
467 224
465 225
463 226
462 227
460 228
459 229
457 230
455 231
454 233
452 234
450 235
449 236
447 237
445 239
443 240
442 241
440 243
438 244
436 245
435 247
433 248
431 249
430 251
428 252
426 253
424 255
422 256
421 257
419 259
417 260
415 262
413 264
412 265
410 267
408 269
406 270
404 272
402 274
400 275
398 277
396 279
394 281
392 282
390 284
387 286
385 288
383 290
381 292
378 293
376 295
374 297
372 299
370 301
367 303
365 304
363 306
361 308
359 310
357 311
355 313
353 314
351 316
350 318
348 319
346 320
345 322
344 323
342 324
341 325
340 326
339 326
338 327
337 328
336 328
336 329
335 329
335 328
334 327
334 326
334 325
334 324
333 323
333 322
333 321
333 320
333 318
333 317
333 316
333 315
333 313
333 312
333 311
333 309
333 308
333 307
333 305
333 304
333 302
333 300
333 299
333 297
333 295
333 294
333 292
333 290
333 288
333 287
333 285
334 283
334 281
334 280
334 278
334 276
334 275
334 273
334 272
334 270
335 268
335 267
335 265
335 263
335 261
336 260
336 258
336 257
336 255
336 254
337 252
337 251
337 249
337 247
337 246
337 244
337 243
337 241
337 239
337 238
338 236
338 235
338 233
338 231
338 230
338 229
338 227
338 226
338 225
338 224
338 223
338 222
338 221
338 220
338 219
338 218
338 217
337 217
337 216
336 216
336 217
335 217
334 217
333 217
332 217
331 217
330 217
329 217
328 217
326 217
325 217
323 217
322 217
320 217
319 217
317 217
315 217
313 217
311 216
309 216
307 216
305 216
303 216
301 216
299 215
297 215
294 215
292 215
290 214
288 214
286 214
283 214
281 214
279 214
277 213
274 213
272 213
270 213
268 213
265 213
263 213
261 213
259 212
256 212
254 212
252 212
249 212
247 212
245 212
243 213
241 213
238 213
236 213
234 213
232 213
229 213
227 214
225 214
223 214
221 214
218 214
216 214
214 215
212 215
210 215
208 215
206 215
204 215
203 215
201 215
200 215
198 215
197 215
196 215
195 215
194 215
193 215
192 215
192 215
