461
178 174
183 174
184 174
185 174
186 174
187 174
188 174
189 174
190 174
192 174
193 174
195 174
196 174
198 174
200 174
201 174
203 173
205 173
207 173
209 173
211 173
213 173
215 173
216 173
218 173
220 172
222 172
224 172
226 172
228 172
230 172
232 172
234 172
237 172
239 172
241 172
243 172
245 172
247 172
249 172
252 172
254 172
257 172
259 172
262 172
264 171
267 171
270 171
273 171
275 171
278 171
281 171
284 171
287 171
289 171
292 171
294 171
297 171
299 171
301 171
302 171
304 171
305 171
307 171
308 171
309 171
310 171
310 170
310 169
310 168
311 167
311 166
311 165
311 164
311 163
311 162
311 160
311 159
311 158
311 156
311 155
311 153
311 152
311 151
311 149
311 147
311 146
311 144
311 143
311 141
311 140
310 138
310 136
310 135
310 133
310 131
309 129
309 127
309 125
309 124
308 122
308 120
308 118
307 116
307 114
307 113
307 111
307 109
306 107
306 105
306 103
306 102
306 100
306 98
306 96
306 94
306 92
305 90
305 88
305 86
305 84
305 82
305 80
305 78
305 76
305 74
305 72
305 70
305 68
305 66
305 64
305 63
305 61
305 59
305 58
305 57
305 55
305 54
305 53
305 52
305 51
305 50
306 50
306 51
307 52
308 53
309 54
309 55
310 56
311 57
312 59
313 60
314 61
316 62
317 64
318 65
319 66
321 68
322 69
324 71
325 73
327 74
328 76
330 78
332 79
333 81
335 83
337 85
339 87
341 88
343 90
345 92
346 94
348 95
350 97
352 99
354 101
356 102
358 104
360 106
362 108
364 110
366 112
368 114
370 115
372 117
374 119
376 121
378 122
380 124
382 126
384 128
386 130
388 131
390 133
392 135
394 137
396 139
398 141
400 142
402 144
404 146
406 148
409 149
411 151
413 153
415 155
417 157
420 158
422 160
424 162
426 164
429 165
431 167
433 169
435 171
438 172
440 174
442 175
445 177
447 178
449 179
451 181
453 182
455 183
457 185
458 186
460 187
461 188
463 188
464 189
465 190
466 191
467 191
467 192
468 193
468 194
467 195
466 196
465 196
464 197
464 198
463 198
462 199
461 200
460 201
459 202
458 203
457 204
456 205
455 206
454 207
452 208
451 210
450 211
448 213
447 214
445 216
444 217
442 219
441 221
439 222
437 224
435 226
434 227
432 229
430 231
428 233
426 235
424 237
422 239
419 241
417 243
415 245
413 247
410 249
408 251
406 253
403 254
401 256
399 258
396 260
394 262
391 264
389 266
386 268
384 270
381 272
379 274
376 276
374 278
371 280
369 281
366 283
364 285
362 287
359 289
357 291
355 292
353 294
351 296
349 297
347 299
345 301
343 302
341 304
339 305
337 307
335 308
333 310
331 311
330 313
328 314
326 315
325 316
323 318
322 319
320 320
319 321
318 322
317 323
316 324
315 325
314 325
313 326
312 326
311 327
310 327
309 327
308 327
307 327
306 326
306 325
305 325
305 324
305 323
305 322
304 321
304 320
304 319
304 317
304 316
304 315
304 313
304 312
304 311
304 309
304 308
304 306
304 304
305 303
305 301
305 299
305 297
305 296
305 294
305 292
306 290
306 288
306 286
306 284
307 282
307 280
307 278
307 276
308 274
308 272
308 270
308 268
308 265
308 263
309 261
309 259
309 257
309 255
310 254
310 252
310 250
310 248
311 246
311 245
311 243
311 241
311 239
311 238
311 236
311 235
311 234
311 232
311 231
311 230
310 229
310 228
309 227
308 226
307 225
306 225
306 224
305 224
304 224
304 225
303 225
302 225
301 225
300 225
299 226
298 226
297 226
296 226
295 226
293 226
292 226
290 226
288 226
287 226
285 226
283 227
281 227
278 227
276 227
274 227
272 227
269 227
267 227
264 227
262 227
259 227
256 227
253 227
251 227
248 227
245 227
242 227
239 227
236 227
234 227
231 227
228 227
225 227
222 227
219 227
216 227
213 227
210 227
207 227
205 227
202 227
199 227
197 228
194 228
192 228
190 228
189 228
187 228
186 228
185 228
184 229
183 229
182 229
181 229
181 229
