240
277 188
282 187
285 186
289 186
292 186
297 185
301 185
304 185
309 185
312 185
317 185
322 185
326 185
329 185
333 185
338 185
342 185
346 185
349 185
353 185
356 186
360 186
365 186
369 186
372 186
376 186
379 186
383 186
386 186
389 186
392 186
394 185
395 183
395 180
395 177
395 174
395 170
395 166
395 162
395 159
395 156
395 153
395 150
395 147
394 143
394 140
394 137
394 134
394 131
394 127
394 124
393 122
393 119
393 116
393 113
393 110
392 108
392 105
392 102
391 100
392 102
393 104
394 106
395 108
396 110
398 113
400 115
402 117
405 120
407 123
410 126
412 128
414 130
415 132
417 133
418 135
420 136
421 138
423 139
425 141
427 142
428 144
430 146
432 147
434 149
436 151
437 153
439 154
441 156
443 157
445 159
446 161
448 162
450 164
452 166
454 167
456 169
458 171
460 172
462 174
465 176
467 177
469 179
471 180
473 182
475 183
478 185
480 186
482 188
485 189
487 190
490 192
492 193
494 194
496 195
498 197
500 198
502 199
504 200
507 201
509 202
511 204
513 205
511 206
509 207
507 209
505 210
503 211
501 212
499 214
497 215
495 217
493 218
491 220
489 222
487 223
485 225
483 226
481 228
479 229
476 231
475 233
473 234
471 235
468 238
465 240
463 241
460 244
458 245
456 246
454 247
452 249
450 250
448 251
446 253
444 254
442 256
440 257
438 259
436 261
433 262
431 264
429 265
427 266
425 268
423 269
421 271
419 272
417 273
416 275
414 276
412 277
410 279
407 281
405 282
404 284
402 285
399 287
397 289
395 290
393 292
391 293
389 294
387 295
386 293
386 290
386 287
386 284
386 281
387 279
387 276
388 274
388 271
389 269
389 266
390 262
390 258
391 255
391 252
392 250
392 247
392 243
393 241
393 238
394 234
394 231
394 228
392 227
390 228
387 228
383 228
379 228
376 228
373 228
370 228
367 228
365 227
362 227
359 227
355 227
351 227
347 226
343 226
338 226
336 225
332 225
329 225
324 225
319 225
317 224
314 224
310 224
305 224
301 224
297 224
294 224
291 224
288 224
286 225
287 225
