413
294 189
296 188
297 188
299 188
301 188
303 188
305 188
308 188
310 188
313 188
315 188
318 188
321 188
323 188
326 188
329 188
332 188
334 188
337 188
340 188
342 188
345 188
348 188
350 188
353 188
356 188
358 188
361 188
363 188
366 188
368 188
371 188
373 188
376 188
378 188
381 188
383 188
386 188
388 188
391 188
393 188
396 188
398 188
401 188
403 188
405 188
408 188
410 188
412 188
414 188
416 188
418 188
419 188
421 188
422 188
424 188
425 188
426 188
428 188
429 188
430 188
431 188
432 188
432 187
432 186
432 185
432 184
432 183
432 182
431 181
431 180
431 179
430 178
430 176
430 175
429 173
429 171
429 169
428 167
428 165
428 163
427 161
427 158
427 156
427 154
426 152
426 149
426 147
426 145
426 142
425 140
425 138
425 136
425 133
425 131
425 129
425 127
425 125
425 123
425 121
425 118
425 116
425 114
425 112
425 110
425 108
425 106
425 104
425 103
425 101
425 100
425 98
425 97
425 96
425 94
426 93
426 92
426 91
426 90
426 89
427 89
428 89
429 90
430 90
430 91
431 91
432 92
433 92
435 93
436 94
437 95
438 96
439 97
441 98
442 99
443 100
444 101
445 102
447 104
448 105
449 106
450 108
452 109
453 111
454 112
456 114
457 116
458 117
460 119
461 120
462 122
463 123
465 125
466 126
467 128
468 130
470 131
471 133
472 134
473 136
474 138
476 139
477 141
478 143
480 144
481 146
482 148
483 150
485 151
486 153
487 155
489 157
490 159
492 160
493 162
495 164
496 166
498 168
499 170
500 172
502 174
503 176
504 178
506 180
507 182
508 183
509 185
511 187
512 189
513 191
514 193
516 194
517 196
518 198
519 199
520 201
521 202
522 203
523 205
524 206
525 207
526 208
526 209
527 210
528 210
528 211
529 211
529 212
530 212
530 213
530 214
530 215
529 216
529 217
528 219
528 220
527 222
526 224
526 226
525 228
524 230
523 233
522 235
521 238
521 241
519 244
518 247
517 250
516 253
515 257
514 260
513 263
512 266
511 269
510 272
509 275
508 278
507 280
506 283
505 286
504 288
503 291
502 293
501 295
500 298
499 300
498 302
496 304
495 306
494 309
492 311
491 313
490 314
489 316
487 318
486 320
485 322
484 324
483 325
482 327
482 329
481 330
480 332
479 333
479 334
478 335
477 336
477 337
476 338
476 339
475 340
474 341
474 342
473 343
472 344
472 345
471 345
471 346
470 347
469 347
468 347
467 347
467 346
466 346
465 345
465 344
464 343
463 342
462 341
462 340
461 339
460 337
459 336
458 334
457 332
457 331
456 329
456 327
455 325
455 323
454 321
454 319
454 317
453 315
453 313
453 311
452 309
452 307
452 304
452 302
452 300
451 298
451 296
451 294
451 291
450 289
450 287
450 285
450 282
450 280
450 278
450 276
449 273
449 271
449 269
449 267
449 265
449 263
449 261
448 259
448 257
448 255
448 253
448 251
448 250
448 248
448 246
448 244
448 243
448 241
448 240
448 239
448 238
448 237
448 236
448 235
448 234
447 234
446 234
445 234
444 234
443 234
442 234
441 234
440 234
439 234
437 234
435 234
433 234
431 234
429 234
426 234
423 234
420 234
417 234
414 234
411 234
407 234
404 234
400 234
397 233
393 233
390 233
386 233
383 233
380 233
377 233
373 233
370 233
367 233
364 233
361 233
358 233
355 233
352 233
349 233
346 233
344 233
341 233
339 233
336 233
334 233
331 233
329 233
327 233
325 233
322 233
321 233
319 233
317 233
315 233
314 233
313 233
312 233
311 233
310 233
311 232
312 232
313 232
314 231
315 231
317 231
319 230
