491
182 156
189 156
190 155
191 155
193 155
195 155
196 154
198 154
200 154
202 154
204 153
206 153
209 153
211 153
213 153
215 153
218 153
220 153
223 153
225 153
228 152
231 152
234 152
237 152
240 152
242 152
245 152
248 152
251 152
253 152
256 152
259 152
261 152
264 152
266 152
269 152
272 152
274 152
277 152
280 152
282 152
285 152
288 152
290 152
293 152
296 152
298 152
301 152
303 152
306 152
309 151
311 151
314 151
316 151
319 151
321 151
323 151
326 151
328 151
330 151
332 151
334 151
335 151
337 151
338 151
339 151
340 151
341 151
342 151
343 151
344 151
344 150
344 149
344 148
344 147
344 146
344 145
344 144
344 143
345 142
345 141
345 140
345 139
345 138
345 136
345 135
346 134
346 132
346 131
346 129
346 128
346 127
346 125
346 124
346 122
346 121
345 119
345 117
345 116
345 114
345 113
345 111
345 109
345 108
345 106
345 104
345 102
344 100
344 99
344 97
344 95
344 93
344 92
344 90
344 88
344 86
344 84
344 82
344 80
344 78
344 76
344 74
344 72
345 70
345 68
345 66
345 64
345 62
345 60
345 58
345 57
345 55
345 53
345 51
345 49
345 47
345 46
345 44
344 42
344 41
344 39
344 38
344 37
344 36
344 34
344 33
344 32
344 31
344 30
344 29
345 30
345 31
346 31
346 32
347 33
347 34
348 34
349 35
350 36
351 37
352 39
353 40
354 41
356 42
357 43
358 45
360 46
361 48
363 49
365 51
366 52
368 54
369 56
371 57
373 59
375 61
376 62
378 64
380 66
382 67
384 69
386 71
388 73
390 74
392 76
394 78
396 80
398 82
400 84
401 85
403 87
405 89
407 90
409 92
411 94
413 96
414 97
416 99
418 101
420 102
421 104
423 106
425 108
427 109
428 111
430 113
432 114
434 116
435 117
437 119
439 120
441 122
443 123
445 125
447 127
449 128
451 130
453 131
455 133
456 135
458 136
460 138
462 139
464 141
466 143
468 144
470 146
472 148
473 149
475 151
477 152
479 154
481 156
483 157
484 159
486 161
488 162
490 164
491 165
493 167
495 168
496 169
498 170
500 171
501 172
502 173
504 174
505 174
506 175
507 176
508 177
509 177
509 178
510 178
511 178
511 179
512 180
513 181
512 181
511 182
510 182
509 183
508 183
507 184
506 184
505 185
504 185
503 186
501 187
500 188
499 188
497 189
496 190
494 191
493 192
491 193
490 194
488 195
487 196
485 197
483 198
482 199
480 200
478 202
476 203
474 204
472 205
470 206
468 207
466 209
463 210
461 211
459 213
456 214
454 215
452 217
449 218
447 220
444 221
442 222
439 224
437 225
435 227
432 228
430 230
427 231
425 232
422 234
420 235
418 236
415 238
413 239
410 241
408 242
405 244
403 245
400 247
398 248
396 250
393 251
391 253
389 254
387 255
385 257
383 258
381 259
379 261
377 262
375 264
373 265
371 267
369 269
367 270
365 272
363 273
361 274
359 276
358 277
356 279
354 280
352 281
351 282
349 283
348 285
347 286
345 287
344 288
343 289
342 289
341 290
340 291
339 292
338 292
337 293
336 293
335 294
334 294
333 294
332 293
332 292
332 291
332 290
332 289
332 288
332 287
332 285
332 284
332 283
332 282
333 280
333 279
333 278
333 276
333 275
333 273
334 271
334 270
334 268
334 266
334 264
335 262
335 261
335 259
335 257
336 255
336 253
336 251
336 250
336 248
337 246
337 244
337 243
337 241
337 239
337 237
337 235
337 234
337 232
337 230
337 228
337 227
337 225
337 223
337 222
337 220
337 219
337 217
337 216
337 214
337 212
337 211
337 209
337 208
337 207
337 206
337 205
337 204
337 203
337 202
336 202
336 201
335 200
334 200
334 201
333 201
332 201
331 201
330 202
329 202
328 202
327 202
326 202
324 203
323 203
321 203
320 203
318 203
316 203
314 203
312 203
309 203
307 203
305 203
302 203
300 203
297 203
295 203
292 203
289 203
287 203
284 203
281 203
278 203
275 203
273 203
270 203
267 203
264 204
261 204
258 204
255 204
252 204
249 204
247 204
244 204
241 204
238 204
235 204
232 204
229 204
227 204
224 204
221 204
218 204
216 204
213 204
211 204
208 204
206 204
204 204
202 204
200 204
198 204
197 204
196 204
195 204
194 204
193 204
192 204
191 204
191 204
