243
95 134
101 132
102 132
104 132
105 132
107 132
109 132
112 132
114 131
117 131
120 131
123 131
126 130
129 130
132 130
136 130
139 130
143 130
146 129
150 129
154 129
157 129
160 128
164 128
167 128
170 128
172 128
175 128
177 128
179 128
180 128
182 128
183 128
184 128
185 128
186 128
187 128
187 127
186 126
186 125
186 124
186 122
186 121
187 120
187 118
187 116
187 114
187 112
187 110
187 108
187 105
188 102
188 99
188 96
188 93
189 90
189 87
189 84
190 81
190 78
191 76
191 73
191 70
192 68
192 66
193 64
193 62
194 60
194 59
194 57
195 56
195 55
195 54
196 55
196 56
197 57
197 58
198 59
198 60
199 61
200 62
201 64
201 65
202 67
203 68
204 70
205 72
206 75
208 77
209 79
210 82
211 85
213 88
214 91
216 94
218 98
219 101
221 105
223 109
225 113
227 117
228 120
230 124
232 128
234 132
235 135
237 139
239 142
240 145
242 148
243 151
245 154
246 156
247 159
248 161
249 162
249 164
250 166
250 167
251 168
251 169
251 170
250 170
249 170
248 170
247 171
246 171
245 172
243 172
242 173
240 174
238 175
237 176
235 178
233 179
230 181
228 182
225 184
223 186
220 188
217 190
215 192
212 194
209 196
206 199
204 201
201 203
198 206
196 208
193 211
190 213
188 216
185 218
183 220
181 223
179 225
177 227
175 229
173 230
172 232
170 233
169 234
168 235
167 236
166 236
165 237
164 237
163 237
163 236
162 235
162 234
162 233
162 232
162 231
162 230
163 229
163 227
163 225
163 223
163 221
164 219
164 217
164 214
164 211
165 209
165 206
165 203
165 200
165 197
166 194
166 191
166 188
166 185
167 183
167 180
167 177
167 175
168 173
168 170
168 168
168 167
168 165
169 164
169 163
169 161
169 160
169 159
169 158
168 157
167 157
166 157
165 157
164 157
163 156
162 156
160 156
158 156
156 156
154 156
152 156
150 155
147 155
144 156
141 156
139 156
136 156
133 156
130 156
127 156
124 157
121 157
119 157
117 157
114 157
112 158
110 158
109 158
107 158
106 158
105 158
104 158
103 158
102 158
