439
191 145
194 145
195 145
196 145
197 145
199 145
201 144
203 144
205 144
207 144
209 144
211 144
214 144
217 144
219 144
222 144
225 144
229 144
232 144
236 144
239 144
243 144
247 144
251 144
255 144
259 144
264 144
268 144
273 144
277 144
282 144
286 144
291 144
295 143
300 143
304 143
308 143
312 143
316 143
319 143
322 143
325 143
328 143
330 143
332 143
334 143
336 143
337 143
338 143
339 143
340 143
341 143
341 142
342 142
342 141
342 140
342 139
342 138
343 137
343 136
343 135
343 134
343 133
344 132
344 130
344 129
344 127
344 126
344 124
345 123
345 121
345 119
345 118
345 116
345 114
345 112
345 110
345 109
344 107
344 105
344 103
344 100
344 98
344 96
344 94
344 92
343 90
343 88
343 86
343 84
343 81
343 79
342 77
342 75
342 72
342 70
342 67
342 65
342 63
341 60
341 58
341 55
341 53
341 51
341 48
341 46
340 44
340 42
340 40
340 38
340 36
340 34
340 32
340 30
340 28
340 27
340 26
341 24
340 23
340 22
340 21
341 21
341 21
341 22
342 22
342 23
343 24
343 25
343 25
344 26
345 27
346 28
346 29
347 30
348 31
349 32
350 34
352 35
353 36
354 38
355 39
357 41
358 42
359 44
361 46
363 48
364 50
366 51
368 53
370 55
371 57
373 59
375 61
377 63
378 65
380 67
382 69
384 71
386 73
388 75
390 77
392 79
394 81
397 83
399 85
401 87
403 89
405 91
407 92
409 94
412 96
414 98
416 99
418 101
421 103
423 105
425 107
427 108
430 110
432 112
434 114
437 115
439 117
442 118
444 120
447 122
449 123
452 125
455 126
457 128
460 130
462 131
465 133
468 135
471 136
473 138
476 139
479 141
482 142
484 143
487 145
489 146
491 146
493 147
495 148
497 149
498 149
500 150
501 150
502 151
503 151
502 151
501 151
500 151
500 152
499 152
498 153
497 154
496 154
495 155
494 155
493 156
492 157
491 158
490 159
488 159
487 160
485 161
484 162
482 163
480 164
478 165
476 167
475 168
473 168
471 170
469 171
467 172
465 173
463 174
460 175
458 176
456 177
454 178
452 179
450 180
448 182
445 183
443 184
441 185
438 186
436 188
434 189
431 190
429 192
427 193
425 194
422 196
420 197
417 198
415 200
413 201
411 202
408 204
406 205
404 207
402 208
400 210
398 211
395 213
393 214
391 216
389 217
387 219
385 220
383 222
380 224
378 225
376 227
374 229
372 231
370 232
368 234
366 236
364 238
361 239
359 241
357 243
355 245
353 247
351 249
349 250
346 252
344 254
342 256
340 257
338 259
336 261
334 262
332 264
330 265
328 266
326 268
325 269
323 270
322 271
321 272
320 273
319 274
318 274
317 275
316 275
316 276
315 276
315 275
315 274
315 273
315 272
315 271
316 270
316 269
316 268
316 267
317 266
317 264
317 263
317 262
318 261
318 259
318 258
319 256
319 255
319 254
320 252
320 251
320 249
321 248
321 246
321 245
322 243
322 241
322 239
323 237
323 236
323 234
324 232
324 230
324 229
325 227
325 225
325 224
326 222
326 220
326 218
326 217
326 215
326 213
326 211
326 209
326 207
326 206
326 204
326 202
326 200
326 199
326 197
326 195
326 193
326 192
326 190
326 188
326 187
327 185
327 184
327 183
327 181
327 180
327 179
327 178
327 177
326 177
325 177
324 177
323 177
322 178
321 178
320 178
318 178
317 178
315 178
313 178
311 178
309 179
307 179
304 179
302 179
299 179
296 179
294 179
291 179
288 179
285 179
282 179
279 180
275 180
272 180
269 180
266 180
263 180
260 180
257 180
253 180
250 181
247 181
244 181
242 181
238 181
235 181
232 181
229 180
226 181
223 181
220 181
217 181
214 181
211 181
208 181
205 181
203 181
200 182
198 182
196 182
194 182
193 182
192 182
191 182
190 182
190 181
190 181
