363
155 123
158 123
160 123
162 122
164 122
167 122
169 122
172 122
175 121
177 121
180 121
183 121
186 121
190 121
193 121
196 121
199 120
202 120
206 120
209 120
212 120
215 120
218 119
221 119
224 119
226 119
229 119
232 119
234 119
237 119
239 119
241 119
243 119
245 119
247 119
249 119
251 119
252 119
253 119
255 119
256 119
257 119
257 118
257 117
257 116
257 115
257 113
257 112
257 111
257 110
257 109
257 108
257 106
257 105
257 103
257 102
257 100
257 98
256 97
256 95
256 93
255 92
255 90
255 88
254 86
254 84
253 82
253 80
253 78
252 77
252 75
251 73
251 71
250 69
250 67
249 65
249 63
249 61
248 59
248 57
247 55
247 54
247 52
246 50
246 48
246 47
245 45
245 43
245 42
244 40
244 38
243 37
243 35
243 34
242 32
242 31
242 30
242 29
242 28
242 27
242 26
242 27
243 27
244 28
245 29
246 29
246 30
247 31
248 32
250 33
251 34
252 35
254 36
255 37
257 38
259 40
260 41
262 42
264 43
265 45
267 46
269 48
271 49
273 51
275 53
277 55
280 57
282 59
284 61
286 63
289 65
291 67
293 69
296 71
298 73
300 75
303 77
305 80
308 82
310 84
313 86
316 88
318 90
321 92
324 94
326 96
329 99
332 101
334 103
337 105
339 107
342 109
344 111
347 113
349 114
352 116
354 118
356 119
358 121
360 123
362 125
365 126
367 128
369 130
371 131
372 133
374 134
375 135
377 136
378 137
379 138
380 138
381 139
382 140
383 140
384 141
384 142
385 142
386 143
386 144
386 143
386 144
385 144
384 145
383 146
382 147
381 148
380 148
380 149
379 150
378 151
377 152
376 153
374 154
373 155
372 155
371 156
370 157
369 158
367 159
366 160
365 160
363 161
362 162
360 163
359 165
357 166
356 167
354 169
353 170
351 172
349 173
348 175
346 176
344 178
341 179
339 181
337 182
335 184
333 185
331 187
329 188
327 190
325 192
322 194
320 196
318 197
315 199
313 201
311 203
309 205
307 206
304 208
302 210
300 212
298 214
296 215
294 217
292 219
290 221
289 222
287 224
286 225
284 226
283 227
282 228
281 229
280 230
279 231
278 231
277 232
277 233
276 233
276 234
275 234
275 235
274 235
275 235
274 235
274 234
274 233
274 232
274 231
273 231
273 230
273 229
273 228
273 227
273 226
272 225
272 224
272 222
272 221
272 219
272 218
272 216
272 215
271 213
271 211
271 210
271 208
271 207
271 205
270 204
270 202
270 201
270 199
270 198
270 196
270 194
269 192
269 190
269 188
269 187
269 185
269 184
268 182
268 181
268 179
268 178
267 177
267 175
267 173
266 172
266 170
266 169
265 168
265 166
265 165
265 164
265 163
265 162
265 161
265 160
265 159
264 159
263 159
262 159
261 159
260 159
259 159
257 159
256 159
254 159
252 159
251 159
249 159
247 159
245 159
243 159
241 159
239 159
236 159
234 159
231 159
229 159
226 159
224 160
221 160
219 160
216 160
213 160
211 160
208 160
205 161
203 161
200 161
198 161
195 162
193 162
191 162
190 162
188 162
186 162
185 162
184 162
183 162
184 162
185 162
185 163
186 163
187 163
187 164
