333
158 114
162 113
164 113
165 113
167 113
168 113
170 113
172 113
174 113
176 113
177 113
179 113
182 113
184 113
187 114
189 114
192 114
195 114
198 114
201 114
203 114
206 114
209 114
212 114
214 114
216 114
219 114
220 114
222 114
223 114
225 114
226 114
227 114
228 114
228 113
228 112
228 111
228 110
228 109
228 108
228 107
228 106
228 105
228 103
228 102
228 100
228 99
228 97
228 96
228 94
227 93
227 91
227 90
227 88
226 86
226 85
225 83
225 81
225 79
224 77
224 75
223 74
223 72
222 70
222 69
221 67
221 65
220 64
220 62
219 60
219 58
218 57
218 55
218 53
217 52
217 50
216 49
216 48
216 47
215 45
215 44
214 43
214 42
214 41
214 40
213 39
213 38
213 36
213 35
213 34
213 33
212 32
212 31
212 30
212 29
212 28
211 27
211 26
212 26
212 27
213 27
214 28
215 28
215 29
216 30
217 30
218 31
219 32
220 33
221 34
222 35
224 36
225 37
227 39
229 40
231 41
232 42
234 43
236 44
238 46
240 47
242 48
244 50
245 51
247 53
249 54
251 56
253 57
255 59
257 61
259 62
261 64
263 65
265 67
267 68
268 70
270 71
272 73
274 74
277 76
279 78
281 79
283 81
285 83
287 85
289 86
291 88
293 90
296 91
298 93
300 95
302 96
305 98
307 100
309 101
311 103
314 105
316 107
318 108
321 110
323 111
325 112
327 114
329 115
331 116
333 117
335 118
337 119
339 121
340 122
342 123
343 124
344 125
345 125
346 126
347 127
348 128
349 128
349 129
350 129
350 130
349 130
349 131
348 131
347 132
346 132
345 132
344 133
343 133
342 134
340 134
339 135
338 135
336 135
335 136
333 137
332 137
330 138
328 139
326 140
324 141
322 142
320 143
318 144
316 145
314 147
312 148
309 150
307 151
305 153
302 154
300 156
297 157
295 159
292 160
289 161
287 163
284 164
281 166
278 168
275 170
272 172
270 173
267 175
264 177
261 179
258 180
255 182
252 183
250 185
247 186
245 188
242 189
240 191
238 193
236 194
234 195
232 197
230 198
228 199
227 200
226 201
225 202
224 202
223 203
222 203
222 204
221 204
220 204
220 203
219 203
219 202
219 201
219 200
219 199
219 197
219 196
219 195
219 194
219 192
219 191
219 189
219 187
219 186
219 184
219 183
219 181
219 180
219 178
219 176
219 175
219 173
219 171
219 169
219 167
219 165
219 163
219 162
219 160
220 159
220 158
220 156
220 155
220 154
220 153
220 152
220 150
220 149
220 148
220 147
219 147
219 146
219 145
218 145
217 145
216 145
215 145
213 145
212 146
211 146
209 146
207 146
205 146
203 146
201 146
199 146
197 146
195 146
192 146
190 146
187 146
185 146
182 146
180 146
178 146
175 146
173 146
171 146
169 146
167 146
166 146
164 145
162 145
161 145
160 145
159 145
158 145
157 145
158 144
158 145
158 144
158 145
157 145
