295
141 108
144 107
146 107
148 107
149 107
151 107
153 107
156 107
158 107
160 107
163 107
166 107
169 107
172 107
175 107
178 107
181 107
184 107
187 108
190 108
192 108
195 108
196 108
198 108
199 108
201 108
202 108
203 108
204 107
204 106
204 105
203 104
203 103
203 102
203 100
202 99
202 98
202 97
202 96
201 94
201 93
201 92
200 90
199 88
199 86
198 85
198 83
197 81
196 79
196 76
195 74
195 72
194 70
193 68
193 66
192 64
191 62
191 60
190 58
190 56
189 54
188 52
188 50
187 48
186 46
186 44
185 43
184 41
184 39
183 37
183 36
182 34
182 33
181 31
181 30
180 29
180 28
179 27
179 26
179 25
178 24
178 23
178 24
179 24
179 25
180 25
181 26
183 27
184 28
185 29
187 30
188 31
190 32
192 33
193 34
195 36
197 37
199 38
201 40
203 41
205 42
208 43
210 45
213 46
215 48
218 49
220 51
223 52
225 54
228 56
231 58
234 60
237 61
240 63
243 65
246 67
249 69
252 70
255 72
258 74
261 76
264 78
268 80
271 82
274 84
277 85
280 87
283 89
287 91
290 92
293 94
296 95
298 97
301 98
304 100
307 101
309 103
312 104
314 106
316 107
318 108
320 109
321 110
323 111
324 112
325 112
326 113
327 113
328 113
329 114
329 115
328 115
327 116
326 116
325 117
324 117
323 118
322 118
321 119
319 120
318 120
316 121
315 122
313 123
312 124
310 125
309 126
307 128
305 129
303 130
301 132
299 133
297 134
295 135
292 136
290 137
288 139
286 140
283 141
281 143
278 145
275 146
273 148
270 150
268 152
265 154
262 155
259 157
256 159
253 161
250 162
247 164
244 166
241 168
238 170
235 172
232 174
229 176
227 178
224 179
222 181
219 182
217 184
215 185
213 186
211 188
209 189
207 190
205 191
204 192
203 192
202 193
201 194
201 193
201 192
201 191
201 190
201 189
201 188
201 187
201 186
200 185
200 184
200 183
200 181
200 180
200 179
200 177
201 176
201 174
201 172
201 170
201 168
201 166
201 165
201 163
201 161
201 159
202 158
202 156
202 154
202 153
202 151
202 149
203 148
203 146
203 145
203 143
202 142
202 141
202 140
202 139
202 138
201 137
201 136
200 136
199 136
198 136
197 136
195 136
194 137
192 137
190 137
189 137
186 137
184 137
182 138
180 138
177 138
175 138
172 139
170 139
167 139
164 139
162 139
159 139
157 139
155 139
153 139
151 139
149 139
147 139
146 139
144 139
143 139
142 139
141 139
140 139
139 139
138 138
137 138
138 138
138 139
138 140
137 140
