396
176 129
179 129
180 129
181 129
183 129
184 129
186 129
188 129
190 129
192 129
195 129
197 129
200 128
202 128
205 128
208 128
211 128
214 128
216 128
219 128
222 128
225 128
228 128
231 128
234 128
237 128
240 128
242 129
245 129
248 129
250 129
252 129
255 129
257 129
259 129
261 129
263 129
265 130
266 130
268 130
269 130
270 130
271 130
272 130
273 130
274 130
275 130
275 129
275 128
275 127
275 126
275 125
275 124
275 123
275 122
275 121
275 120
275 119
275 118
275 117
276 116
276 115
276 113
276 112
276 111
276 110
275 108
275 107
275 105
275 103
275 102
275 100
274 98
274 97
274 95
274 94
274 92
273 91
273 89
273 87
272 86
272 84
271 82
271 80
271 79
270 77
270 75
269 73
269 72
269 70
268 69
268 67
268 66
267 64
267 62
266 61
266 59
265 58
265 56
265 54
264 53
264 51
264 50
264 49
264 48
264 47
264 45
264 44
264 43
264 42
264 41
264 40
264 39
264 38
264 37
264 36
264 35
264 34
263 34
263 33
264 33
264 34
264 35
265 36
266 37
267 38
267 39
268 39
269 40
270 41
272 42
273 43
274 43
275 44
277 45
278 46
280 47
281 48
283 49
284 50
285 52
287 53
288 55
290 56
291 58
293 59
294 61
296 63
297 64
299 65
301 67
302 68
304 69
306 71
307 72
309 74
310 75
312 77
314 79
315 81
317 82
318 84
320 86
322 87
323 89
325 90
327 91
328 93
330 94
331 96
333 97
335 99
336 100
338 102
339 104
341 105
343 107
344 108
346 110
348 111
349 113
351 114
352 115
354 117
355 118
357 120
358 121
360 123
361 125
362 126
364 128
366 129
367 131
369 132
370 133
372 134
373 136
375 137
376 137
377 138
378 139
379 140
379 141
380 142
381 142
381 143
382 143
382 144
383 144
383 145
382 146
381 147
380 148
379 149
378 150
377 151
376 152
375 153
374 154
373 154
372 155
370 156
369 157
367 158
366 159
364 160
363 161
361 162
360 163
358 164
357 165
355 167
354 168
352 170
350 171
348 172
347 174
345 175
343 177
341 178
339 179
337 180
336 182
334 183
332 184
330 185
329 186
327 188
325 189
323 191
321 192
319 194
317 195
315 197
314 198
312 200
310 201
308 202
306 204
304 205
303 206
301 208
299 209
297 210
295 212
293 213
292 215
290 217
289 218
287 220
286 221
285 223
283 224
282 225
281 227
279 228
278 229
277 230
276 231
275 232
274 233
273 234
272 235
272 236
271 237
271 238
271 237
271 236
271 235
271 234
271 233
271 232
271 231
271 230
271 229
271 228
271 227
271 226
271 225
271 223
271 222
271 220
271 219
271 217
271 215
271 213
271 212
271 210
271 209
272 207
272 205
272 204
272 202
272 201
272 199
272 197
272 195
272 193
272 191
272 189
272 188
272 186
272 185
272 183
272 182
272 180
272 179
272 178
272 176
272 175
272 173
272 172
272 171
272 170
272 168
272 167
271 166
271 165
271 164
271 163
271 162
270 162
270 161
269 161
268 161
267 161
266 161
266 162
265 162
264 162
262 162
261 162
259 162
257 162
255 162
253 162
251 162
248 163
246 163
243 163
241 163
238 163
236 163
233 163
231 162
228 162
225 162
223 162
220 162
217 162
215 162
212 161
210 161
207 161
205 161
202 161
200 161
198 160
196 160
195 160
193 160
191 160
190 160
189 160
188 159
187 159
186 159
185 159
184 159
185 159
185 160
186 160
186 161
187 161
187 162
187 163
