394
173 110
177 110
178 110
180 110
181 110
183 110
185 111
187 111
189 111
191 111
193 111
196 111
198 111
200 111
203 111
206 111
209 111
211 112
214 112
217 112
220 112
223 112
226 112
229 113
232 113
235 113
238 113
241 113
244 114
246 114
249 114
252 114
255 114
258 114
261 114
263 114
266 114
268 115
271 115
273 115
276 115
278 116
280 116
282 116
284 116
286 116
287 116
289 116
290 116
291 116
292 116
293 116
293 115
294 115
295 114
295 113
295 112
295 111
295 110
295 109
295 108
295 106
295 105
295 104
295 103
295 101
295 100
295 99
295 97
295 96
295 95
295 93
295 92
294 91
294 89
294 88
294 86
294 85
293 83
293 81
293 79
293 78
292 76
292 74
292 72
292 71
291 69
291 68
291 67
291 65
291 64
290 62
290 60
289 59
289 57
289 55
288 54
288 52
288 50
288 49
287 48
287 46
287 45
287 44
287 42
287 41
287 40
286 39
286 37
286 36
286 34
286 33
286 32
285 31
285 29
285 28
285 27
285 26
285 25
285 24
285 23
285 22
284 22
285 22
284 22
285 22
285 23
286 23
287 24
288 25
289 26
290 26
291 27
292 28
293 29
295 30
296 31
297 32
299 33
300 34
302 35
303 37
305 38
306 39
308 41
309 42
311 43
312 45
314 46
315 47
317 48
319 50
321 51
323 53
324 54
326 56
328 57
330 59
331 61
333 62
334 64
336 65
338 67
339 68
341 69
343 71
345 72
346 74
348 75
350 77
351 79
353 80
355 82
356 84
358 85
360 87
361 88
363 89
365 91
367 92
369 93
370 94
372 96
374 97
376 98
377 100
379 101
380 103
382 104
384 105
385 107
387 108
388 109
390 110
391 111
393 112
394 113
396 114
397 115
398 115
399 116
400 117
401 118
402 119
403 119
404 120
405 120
406 121
407 122
408 123
409 123
410 124
411 125
412 125
412 126
411 126
411 127
410 127
409 128
408 129
407 130
406 130
405 131
404 131
403 132
402 133
401 133
400 134
399 135
398 135
396 136
395 137
393 137
391 138
390 139
388 140
387 141
385 142
383 143
382 144
380 145
379 147
377 148
375 149
373 151
371 152
370 153
368 154
366 156
364 157
362 158
360 159
359 160
357 161
355 162
353 164
351 165
349 166
348 168
345 169
343 171
341 173
339 174
338 176
336 177
334 179
332 180
330 181
328 183
326 184
324 185
322 187
320 188
318 189
316 191
314 192
312 194
311 195
310 197
308 198
307 199
306 200
304 202
303 202
301 203
300 204
299 205
297 205
296 206
295 207
294 207
294 208
293 209
292 209
292 210
291 210
291 209
291 208
291 207
290 207
290 206
290 205
289 204
289 203
288 202
288 201
288 200
287 198
287 197
287 196
287 194
287 192
287 191
287 189
287 188
287 186
287 185
287 184
287 182
287 181
287 179
287 178
287 176
287 175
287 173
287 171
287 170
287 168
287 167
287 165
287 164
287 163
287 161
286 160
286 159
286 158
286 157
286 156
285 155
285 154
285 153
285 152
284 151
284 150
284 149
283 148
282 147
281 147
280 147
279 147
278 147
277 147
276 147
274 147
273 147
271 147
270 147
268 147
266 148
264 148
262 148
260 148
258 148
256 148
253 148
251 148
248 148
246 149
243 149
241 149
238 149
235 149
232 149
230 149
227 149
224 148
221 148
219 148
216 148
214 148
211 148
209 148
207 148
205 147
203 147
201 147
200 147
199 147
198 147
197 147
196 147
195 146
195 147
194 147
