290
293 204
297 203
299 202
302 202
305 201
308 201
311 200
314 200
317 199
321 199
324 199
327 198
330 198
333 198
336 198
340 198
344 198
347 198
350 197
354 197
357 197
360 197
363 197
366 197
369 197
372 197
375 197
378 197
381 197
384 197
388 197
392 197
396 197
399 198
402 198
405 198
409 198
412 199
415 199
418 199
421 199
424 199
427 199
430 199
431 196
431 193
432 191
432 188
432 185
432 182
432 179
432 176
431 173
431 170
431 167
431 164
431 161
431 158
431 155
431 152
431 149
431 145
431 142
431 138
431 135
431 132
431 128
431 124
431 121
431 118
431 115
431 112
431 109
431 106
431 103
431 100
432 97
432 94
432 91
433 93
434 95
435 97
436 99
438 101
439 103
440 105
442 107
443 109
445 111
446 113
448 115
450 117
452 119
454 122
455 124
457 126
459 128
461 130
463 132
465 134
466 136
468 138
470 140
472 142
474 144
475 146
477 148
478 150
480 152
482 154
483 156
485 158
487 160
488 162
490 164
491 166
493 169
494 171
496 173
497 175
499 177
500 179
501 181
503 183
505 185
507 187
509 189
511 191
513 193
515 195
517 197
519 199
520 201
522 203
524 204
525 206
527 208
529 210
531 212
533 213
534 215
536 217
538 218
540 220
542 222
544 223
546 225
547 227
549 229
551 230
552 232
550 234
548 235
547 237
545 238
543 239
541 240
539 242
536 243
534 245
532 246
530 248
528 249
526 251
524 252
522 254
520 255
518 257
516 259
514 261
512 263
510 264
508 266
505 268
503 270
501 272
499 273
497 274
495 276
492 278
490 280
487 282
485 285
483 286
481 288
479 289
477 291
475 292
473 294
470 296
468 298
466 300
464 301
462 303
460 304
457 306
455 308
453 309
450 311
448 313
446 314
444 316
442 317
440 319
437 321
435 323
433 325
430 327
428 329
426 331
424 333
422 335
420 337
418 339
416 341
414 342
413 344
411 345
409 344
409 341
409 338
408 336
408 333
408 330
408 327
409 325
409 322
409 319
410 317
410 314
410 311
410 308
410 304
411 302
411 299
411 296
411 293
412 291
412 288
412 285
412 282
412 279
412 276
413 274
413 271
414 268
415 266
416 263
417 260
418 257
419 255
420 252
419 250
416 250
413 250
411 251
407 251
403 251
400 251
397 251
394 251
391 251
387 251
384 251
382 250
378 250
374 250
370 250
365 250
361 249
357 249
353 249
350 249
346 248
341 248
337 248
333 248
330 248
326 248
321 247
317 247
314 247
310 247
307 247
304 247
301 247
297 247
294 247
291 247
290 247
