317
312 205
316 206
318 206
319 206
320 206
322 206
324 206
326 206
329 206
331 206
334 206
337 206
340 206
342 206
345 206
348 206
351 206
354 206
357 206
359 206
362 206
365 206
367 206
370 206
372 206
374 206
377 207
379 207
381 207
383 207
386 207
388 207
391 207
393 207
395 207
398 207
400 207
402 207
405 207
407 207
409 206
411 206
413 206
415 206
417 206
419 206
420 206
422 206
423 206
424 206
425 206
426 206
427 205
427 204
427 203
426 202
426 201
426 199
426 198
426 196
426 194
425 193
425 191
425 188
425 186
425 184
424 182
424 180
424 177
424 175
424 172
424 170
424 168
424 165
424 163
424 161
423 159
423 156
423 154
423 152
423 150
423 148
423 146
423 144
423 143
422 141
422 139
422 137
422 135
422 134
422 132
422 131
422 129
422 128
422 127
422 126
422 125
422 124
422 123
422 122
422 121
423 120
424 121
425 121
425 122
426 123
427 123
428 124
428 125
429 126
430 128
431 129
432 130
433 132
434 133
435 135
436 137
437 138
439 140
440 142
441 144
442 146
442 148
443 150
444 152
445 154
446 156
447 158
448 160
448 162
449 164
450 166
451 169
452 171
453 173
454 176
455 178
456 180
457 183
458 185
459 188
460 191
461 193
462 196
463 199
464 201
466 203
467 206
468 208
469 210
471 212
472 214
473 215
474 217
475 219
476 220
477 221
477 223
478 224
478 225
479 226
480 227
480 228
481 229
481 230
481 231
481 232
480 232
480 233
480 234
479 235
479 237
478 238
477 240
476 242
475 244
474 247
473 250
472 253
471 256
469 260
468 263
467 267
466 270
465 273
464 276
463 279
462 282
460 284
459 287
458 289
457 292
456 294
455 296
454 299
453 301
452 303
451 305
450 306
450 308
449 309
448 310
447 312
446 313
446 314
445 315
444 316
443 317
443 318
442 318
442 319
441 320
441 321
440 321
439 321
439 320
439 319
439 317
439 316
438 315
438 313
438 312
437 310
437 309
437 307
437 305
436 303
436 300
436 298
436 296
436 293
435 291
435 289
435 286
435 284
435 282
435 279
434 277
434 275
434 273
434 271
434 269
434 267
434 265
434 263
434 261
434 259
434 257
434 256
434 254
434 253
434 251
434 250
434 248
434 247
435 246
435 245
435 244
434 244
434 243
434 242
433 242
432 242
431 242
430 243
429 243
428 243
426 243
425 243
423 243
421 243
418 243
416 243
413 243
409 243
406 243
402 243
398 243
394 243
390 243
386 243
382 243
378 244
374 244
371 244
367 244
364 244
361 245
358 245
355 245
352 245
350 245
348 245
347 245
345 245
344 245
343 245
342 245
342 244
341 244
340 244
339 244
338 244
337 244
336 244
335 244
335 245
334 245
333 245
332 245
331 245
332 245
332 244
333 244
334 244
336 243
337 243
