278
164 172
167 168
168 168
170 167
171 167
172 167
174 167
175 167
177 167
179 167
181 168
183 168
186 168
189 168
192 168
195 168
198 168
201 168
204 168
208 168
211 168
215 168
219 168
222 168
226 169
230 169
233 169
237 169
240 169
244 169
247 169
251 169
254 168
257 168
260 168
263 168
265 168
268 168
270 168
272 168
274 168
275 168
277 168
278 168
279 168
280 168
280 167
281 167
282 167
282 166
282 165
282 164
282 163
282 162
282 161
283 159
283 158
283 156
283 154
283 152
283 149
283 147
283 144
284 141
284 138
284 136
284 133
284 129
285 126
285 123
285 120
285 117
285 115
286 112
286 109
286 107
287 105
287 103
287 101
288 99
288 97
288 96
289 95
289 94
289 93
290 92
290 93
291 93
291 94
292 94
292 95
292 96
293 97
294 98
294 100
295 101
296 102
297 104
298 105
299 107
300 108
301 110
302 112
303 114
304 117
306 119
307 121
309 124
310 127
312 130
314 133
316 136
318 139
320 142
322 145
325 148
327 152
329 155
331 158
334 161
336 164
338 167
340 170
342 173
345 176
347 179
349 181
350 184
352 186
354 188
356 190
357 192
358 194
359 195
361 196
361 198
362 199
363 200
363 201
364 201
364 202
364 203
364 204
363 204
362 205
361 205
360 206
359 207
358 208
356 209
355 210
353 211
351 213
348 214
346 216
343 218
341 220
338 223
335 225
332 227
329 230
326 232
323 235
320 238
317 240
314 243
311 246
307 248
304 251
301 254
298 257
295 259
292 261
290 264
287 266
284 268
282 270
280 272
277 274
275 276
273 278
271 280
270 281
268 283
267 284
265 285
264 286
263 286
262 287
261 288
261 287
261 286
261 285
261 284
261 283
261 281
261 280
261 278
261 277
261 275
261 273
261 270
261 268
261 265
262 262
262 259
262 256
262 253
262 250
263 247
263 244
263 240
264 237
264 234
264 231
264 228
265 225
265 222
266 219
266 216
266 214
267 212
267 210
267 208
267 206
268 205
268 203
268 202
268 201
268 200
268 199
268 198
267 198
266 198
266 197
265 197
264 197
262 197
261 197
259 197
257 197
255 197
253 197
250 197
247 197
244 197
241 197
238 197
234 197
231 197
227 197
223 197
219 198
215 198
211 199
207 199
204 199
200 199
196 200
193 200
190 200
186 200
184 201
181 201
178 201
176 201
174 201
172 201
171 201
169 201
168 201
167 201
166 201
165 201
164 201
163 201
162 201
162 202
