387
236 192
245 188
247 188
250 187
252 187
255 187
257 186
260 186
263 186
267 186
270 185
274 185
277 185
281 185
285 185
289 184
293 184
298 184
302 184
306 184
311 184
315 184
319 184
323 184
327 184
331 184
334 184
338 184
341 184
345 184
348 184
351 184
354 184
357 184
360 184
363 184
365 184
368 183
370 183
374 183
375 183
377 183
378 183
379 182
380 182
381 182
382 181
382 180
382 179
382 178
382 177
382 176
381 175
381 173
381 172
381 171
380 169
380 167
380 166
380 164
379 162
379 160
379 158
379 156
378 154
378 151
378 149
377 147
377 145
377 143
377 140
376 138
376 136
376 134
375 131
375 129
375 127
374 125
374 123
374 121
373 119
373 117
373 116
372 114
372 112
372 110
372 108
371 107
371 105
371 104
371 102
371 101
371 100
370 98
370 97
370 96
370 95
370 94
370 93
370 92
371 92
372 92
373 92
374 93
375 93
376 94
377 94
378 95
380 96
381 97
383 98
385 99
386 100
388 101
390 102
392 103
394 104
395 105
397 106
399 107
401 109
402 110
404 112
406 113
408 115
410 116
412 118
414 119
416 121
418 122
420 124
421 125
423 127
425 128
427 130
429 132
431 133
433 135
436 137
438 139
440 140
442 142
444 144
446 146
448 147
451 149
453 151
455 152
457 154
459 155
461 157
464 159
466 160
468 162
470 164
472 165
474 167
477 168
479 170
481 171
483 173
485 174
487 175
489 176
491 178
493 179
495 180
496 181
498 182
500 183
501 184
503 185
504 186
505 187
507 187
508 188
509 189
510 189
511 190
512 190
512 191
513 191
514 192
514 193
513 193
513 194
512 195
512 196
511 197
510 198
509 199
508 201
507 202
506 204
505 205
503 207
502 209
500 211
499 214
497 216
496 219
494 222
493 224
491 227
490 230
488 232
487 234
486 236
484 239
483 241
482 242
480 245
479 247
477 249
476 251
474 253
473 256
471 258
469 260
468 262
466 265
465 267
463 269
461 272
460 274
458 276
457 279
455 281
454 283
452 285
450 287
449 290
447 292
446 294
444 297
442 299
441 302
439 304
438 306
437 308
435 311
434 312
433 314
432 316
431 318
429 320
428 321
427 323
426 324
425 326
424 327
423 328
422 329
421 330
420 331
420 332
419 332
419 333
418 333
418 334
417 334
417 335
416 336
415 336
414 336
413 335
413 334
412 334
412 333
411 332
411 331
410 329
410 328
409 326
409 325
409 323
408 322
408 320
407 318
407 316
407 314
407 311
406 309
406 307
406 304
406 302
405 299
405 297
405 294
405 292
404 290
404 287
404 285
404 283
404 280
403 278
403 275
403 273
403 270
403 268
403 265
403 263
403 261
402 259
402 256
402 254
402 252
402 250
402 248
401 246
401 245
401 243
401 241
401 240
400 239
400 237
400 236
400 235
400 233
400 232
399 231
399 230
399 229
399 228
399 227
398 227
398 226
397 226
397 227
396 227
395 227
394 228
393 228
392 228
390 228
388 228
387 229
384 229
382 229
380 229
377 230
374 230
371 230
367 230
364 230
361 230
357 231
354 231
350 231
346 231
343 231
339 231
336 232
332 232
329 232
325 232
322 232
319 232
315 232
312 232
309 232
306 232
303 232
300 232
297 232
294 232
291 232
288 232
285 232
283 232
280 232
277 232
275 232
272 232
270 232
268 232
266 232
264 232
263 233
261 233
260 233
259 233
260 232
261 232
262 231
263 231
265 230
