252
123 105
129 105
130 105
131 105
133 105
134 105
136 105
138 105
139 105
142 105
144 105
146 105
148 105
151 105
153 105
156 105
158 105
161 105
164 105
167 105
169 105
172 105
174 105
177 105
179 105
182 104
184 104
186 104
188 104
190 104
191 104
193 104
194 104
195 104
196 104
197 104
198 104
198 103
198 102
198 101
199 100
199 99
199 98
199 97
199 96
199 94
199 93
200 91
200 89
200 88
200 86
200 84
200 82
200 80
200 78
200 76
200 73
200 71
200 69
200 67
200 66
200 64
201 62
201 61
201 59
201 58
201 56
201 55
201 54
201 53
201 52
201 51
202 51
202 52
203 52
203 53
204 54
205 55
205 56
206 57
207 58
207 59
208 61
209 62
210 63
211 65
212 67
213 68
215 70
216 72
217 74
219 76
220 79
221 81
223 83
224 85
225 88
227 90
228 92
230 95
231 97
233 100
234 102
236 104
237 107
238 109
240 111
241 113
243 115
244 117
246 119
247 121
248 123
249 124
250 126
251 127
252 128
253 129
253 130
254 130
254 131
255 132
255 133
254 134
253 135
253 136
252 137
251 138
251 139
250 140
248 142
247 143
246 145
244 147
243 149
241 151
239 154
238 156
236 159
234 161
232 164
230 167
229 169
227 172
225 175
223 178
221 181
220 184
218 187
216 189
214 192
212 195
211 197
209 200
208 203
206 205
205 207
203 210
202 212
201 214
200 216
199 217
198 219
197 220
196 221
195 222
195 223
194 223
194 224
194 223
194 222
194 221
194 220
194 219
194 218
194 216
194 215
194 213
194 211
194 210
194 208
194 205
194 203
194 201
194 199
194 196
194 194
194 191
194 189
194 186
194 183
194 181
194 178
194 176
194 173
194 171
194 169
194 166
194 164
195 162
195 160
195 159
195 157
194 156
194 154
194 153
194 152
194 151
194 150
194 149
193 149
193 148
192 148
191 148
190 148
189 148
187 148
186 147
185 147
183 147
182 147
180 147
178 147
176 147
174 147
172 147
169 147
167 147
164 147
161 147
158 147
156 147
153 147
150 148
148 148
145 148
143 148
140 148
138 148
136 148
134 148
132 149
131 149
129 149
128 149
127 149
126 149
125 149
124 149
123 149
122 149
122 148
