247
137 146
142 146
143 146
144 146
146 146
148 146
149 146
151 146
154 146
156 146
159 147
162 147
164 147
167 147
170 148
173 148
177 148
180 149
183 149
186 150
189 150
192 150
195 151
198 151
200 151
203 152
205 152
207 152
209 152
211 153
212 153
213 153
215 153
216 153
217 154
217 153
216 152
216 151
216 150
216 149
216 148
216 146
216 145
216 143
216 142
216 140
216 138
217 136
217 133
217 131
217 129
217 126
217 124
218 121
218 118
218 116
218 113
219 111
219 109
219 107
219 105
220 103
220 101
220 99
220 97
220 96
221 95
221 94
221 93
221 92
221 91
221 90
221 91
222 91
222 92
223 93
223 94
224 95
224 96
225 97
226 98
227 100
227 101
228 103
229 105
231 107
232 109
233 111
235 114
236 116
238 119
239 122
241 125
243 128
245 131
247 134
248 137
250 140
252 143
254 145
256 148
258 151
260 154
262 156
264 158
265 161
267 163
268 164
269 166
270 168
271 169
271 170
272 171
272 172
272 173
272 174
272 175
272 176
271 176
270 176
270 177
269 177
268 177
267 178
266 179
265 179
264 180
264 181
263 181
262 182
261 183
260 184
259 185
258 186
257 188
255 189
254 191
252 193
250 194
248 197
246 199
244 201
242 204
240 206
237 209
235 212
233 215
230 218
228 221
226 224
224 227
221 229
219 232
217 235
215 238
213 240
211 243
210 245
208 247
206 249
205 251
203 253
202 255
201 256
200 258
199 259
198 260
197 261
196 262
195 263
195 262
195 261
195 260
195 259
195 258
195 257
195 256
195 255
195 253
195 251
195 249
195 247
195 245
195 242
196 240
196 237
196 234
196 231
196 228
197 225
197 222
197 219
197 216
198 213
198 211
198 208
198 205
199 203
199 201
199 198
199 196
199 194
199 193
200 191
200 190
200 188
200 187
200 186
200 185
200 184
199 183
198 183
197 183
196 183
195 183
193 183
192 183
190 183
188 183
186 183
183 183
181 183
178 183
175 183
173 184
170 184
166 184
163 184
160 184
157 185
154 185
151 185
148 185
146 185
143 185
141 185
139 185
137 185
135 185
133 185
132 185
130 185
129 185
128 185
127 185
127 184
126 185
