268
294 204
299 202
302 202
305 202
308 201
311 201
315 201
318 201
322 200
326 200
330 200
333 200
337 200
340 200
343 199
346 199
349 199
353 199
356 199
359 199
363 199
367 199
370 199
373 199
376 199
380 200
384 200
388 200
391 201
395 201
399 201
402 201
405 201
408 201
408 198
408 195
408 192
405 193
408 191
408 188
408 185
408 182
409 180
409 177
409 174
408 172
408 169
408 166
408 163
408 160
408 157
408 154
408 151
407 149
407 146
407 143
407 140
407 137
406 135
406 132
406 129
406 126
406 123
405 120
405 116
405 113
404 111
404 108
403 106
405 108
406 110
407 112
409 114
410 116
412 117
413 119
414 121
416 123
418 125
419 127
421 129
422 131
424 133
426 135
428 137
429 139
431 141
433 143
435 145
437 147
438 149
439 151
440 153
441 155
443 157
444 159
446 161
448 163
449 165
450 167
452 169
453 171
454 173
456 175
457 177
459 179
460 181
462 183
463 185
465 187
466 189
467 191
469 193
470 195
472 197
473 199
475 201
476 203
478 204
480 206
481 208
483 210
485 212
487 214
489 215
491 217
493 219
495 220
497 222
499 224
501 226
503 227
505 229
507 231
509 233
511 234
513 236
512 238
511 240
509 241
507 242
505 243
503 244
502 246
500 247
498 248
496 249
494 251
492 252
490 253
488 255
486 256
484 258
481 259
479 261
477 263
475 265
473 266
471 268
469 269
467 270
466 272
464 273
462 275
460 276
458 278
456 279
454 281
452 282
450 284
448 285
446 287
444 289
442 290
440 292
438 293
436 295
434 296
432 298
430 300
427 301
426 303
424 305
422 307
420 309
418 310
416 312
414 314
412 316
410 318
407 320
405 322
402 324
400 326
398 328
396 329
394 330
392 332
390 333
389 331
389 328
390 325
390 322
390 319
391 317
391 314
391 311
391 308
391 305
391 302
392 300
392 297
392 294
390 296
392 291
393 289
393 286
393 283
393 280
394 278
394 275
395 273
395 270
395 267
396 265
397 262
398 259
398 256
399 254
400 252
401 249
401 246
399 245
396 245
394 246
391 246
387 245
383 245
380 245
377 245
374 245
371 245
368 244
365 244
362 244
358 244
355 243
352 243
348 242
345 242
342 242
339 241
336 241
332 241
328 241
324 241
320 241
316 241
312 241
307 241
303 241
299 241
296 241
292 240
289 240
286 240
283 240
284 240
