334
250 196
254 198
256 198
258 198
259 198
262 198
264 198
266 197
269 197
271 197
274 197
277 197
280 197
283 197
286 197
290 197
293 197
297 197
300 197
304 197
308 197
311 197
315 196
319 196
323 196
326 196
330 196
333 196
336 196
340 196
343 196
346 196
349 196
353 196
356 196
359 196
362 196
365 196
367 196
370 196
372 196
375 196
377 196
378 196
380 195
381 195
383 195
384 195
385 195
386 195
386 194
386 193
386 192
386 191
386 190
386 189
385 188
385 187
385 185
385 184
385 182
384 180
384 179
384 177
384 174
384 172
384 170
384 167
384 165
384 163
384 160
384 158
383 155
383 153
383 151
383 149
383 146
383 144
383 142
383 140
382 138
382 137
382 135
382 133
382 132
382 130
382 129
382 128
382 126
383 125
383 124
383 123
383 122
383 121
383 120
384 120
385 121
386 121
387 122
388 122
389 123
390 123
391 124
392 125
394 125
395 126
397 127
398 128
400 129
402 130
404 131
406 132
408 133
410 134
412 135
414 136
415 137
417 139
419 140
421 141
423 142
425 144
427 145
429 147
431 148
433 149
435 151
437 152
439 154
441 155
443 157
445 158
447 160
449 161
451 163
453 164
455 166
458 168
460 169
462 171
464 173
467 174
469 176
472 177
474 179
477 181
479 182
482 184
484 185
487 187
489 189
491 190
493 192
496 194
498 195
500 197
502 199
504 200
506 202
508 203
510 205
512 206
514 207
515 208
517 210
519 211
520 212
522 213
523 214
524 215
525 216
526 217
527 217
528 218
528 219
529 219
529 220
528 221
527 221
526 222
525 222
524 223
523 223
521 224
520 225
518 226
516 227
514 228
512 229
510 230
508 231
505 232
503 234
501 235
498 237
496 238
493 240
491 242
488 244
486 245
483 247
480 249
478 251
475 252
473 254
470 256
468 257
465 259
463 260
460 262
458 263
455 265
453 266
450 267
448 269
445 270
443 272
440 273
438 274
436 276
433 277
431 279
428 280
426 281
424 283
422 284
420 285
418 286
416 287
415 288
413 290
411 291
410 292
408 292
407 293
405 294
404 295
403 296
402 296
401 297
400 297
399 298
398 298
397 297
396 296
395 295
395 294
394 293
394 292
393 290
393 289
393 287
392 285
392 283
392 280
392 278
392 276
392 273
392 270
392 268
392 265
392 263
392 260
392 258
392 256
392 253
392 251
392 249
393 247
393 245
393 243
393 241
393 240
393 238
393 237
393 236
394 235
394 234
394 233
394 232
393 231
392 230
391 230
390 230
389 230
388 230
387 230
385 230
383 231
381 231
379 231
377 231
374 231
371 232
368 232
365 232
361 233
358 233
354 233
350 233
347 233
343 234
339 234
335 234
331 234
328 234
324 234
320 234
317 234
313 234
310 234
306 234
303 234
300 234
297 234
294 234
292 234
289 234
287 234
285 234
283 234
281 235
279 235
277 235
276 235
275 235
274 235
272 235
271 235
270 235
271 234
272 234
272 233
274 233
