294
305 210
309 209
312 209
315 208
318 208
321 208
324 208
327 208
329 207
332 207
336 207
339 207
343 207
346 207
350 207
353 207
356 207
360 207
363 207
367 207
370 206
373 207
376 206
379 206
382 206
386 206
389 206
392 206
395 206
399 207
402 207
406 207
410 207
413 207
417 207
420 207
423 207
426 208
429 208
432 208
435 208
438 208
441 208
443 209
443 206
443 203
443 200
444 198
444 195
444 191
444 188
443 185
443 182
442 180
442 177
441 175
441 172
441 169
440 167
440 164
440 161
439 159
439 155
439 152
439 149
439 146
439 143
439 139
439 135
439 131
439 128
439 125
439 121
440 118
440 115
440 111
440 108
440 105
440 102
440 99
440 96
440 93
440 90
441 92
442 94
443 96
444 98
446 100
447 102
449 104
450 106
452 108
454 110
456 112
458 114
459 116
461 117
464 120
467 123
468 125
470 126
471 128
473 129
476 132
479 135
482 138
484 139
485 141
487 142
488 144
490 146
492 149
494 151
497 154
498 156
501 159
503 162
505 164
507 167
509 168
510 170
513 173
514 175
516 176
517 178
518 180
520 181
521 183
523 185
525 187
527 189
528 191
530 192
532 195
535 197
537 200
540 202
542 205
544 207
546 208
547 210
549 212
552 214
554 216
556 218
558 220
560 222
562 224
564 225
566 226
565 228
564 230
563 232
562 234
560 236
558 238
556 239
554 241
552 243
550 245
548 247
545 249
543 252
540 254
539 256
536 258
533 261
531 263
529 265
527 266
526 268
523 270
521 273
519 274
517 277
515 278
513 281
511 282
508 285
505 288
502 291
500 292
499 294
497 295
495 297
492 300
490 301
488 303
485 306
483 307
481 309
479 311
477 312
475 314
473 316
471 317
470 319
468 320
466 322
464 323
462 325
459 328
457 329
456 331
454 332
452 334
450 337
448 338
447 340
444 342
443 344
441 346
439 347
437 349
435 351
433 353
431 354
429 355
428 353
428 350
428 347
427 345
427 342
428 340
428 337
428 333
429 331
429 328
430 325
430 322
430 319
430 316
431 314
431 311
431 308
432 305
432 301
433 299
433 296
434 293
434 290
434 287
435 285
435 282
436 280
436 277
436 274
437 271
438 269
438 266
439 264
440 262
440 259
441 257
438 257
436 258
433 258
429 258
426 259
423 259
419 259
415 259
412 259
408 259
404 259
400 259
396 258
392 258
389 258
385 258
382 258
378 258
374 258
372 257
369 257
365 257
361 257
358 257
354 257
349 257
345 257
342 257
338 258
335 258
331 258
326 258
322 258
318 258
314 258
310 258
307 258
304 258
301 258
302 258
