340
143 114
145 114
146 114
147 114
148 114
150 114
151 114
153 114
155 114
156 114
158 114
161 114
163 114
165 114
167 114
170 114
172 114
174 114
177 114
179 114
182 114
184 114
187 114
190 114
192 115
195 115
197 115
200 115
202 115
204 115
206 115
209 115
211 115
213 115
214 115
216 115
217 115
218 115
219 115
219 116
220 116
220 115
221 114
221 113
220 113
220 112
220 111
220 110
220 109
220 108
220 107
220 106
220 104
220 103
220 102
219 100
219 99
219 97
219 96
219 94
218 93
218 91
218 90
217 88
217 86
216 85
216 83
215 81
215 79
214 77
214 75
213 73
213 71
212 70
212 68
211 66
211 65
210 63
210 61
210 59
209 57
209 56
208 54
208 52
207 50
206 49
206 47
205 46
205 45
204 43
203 42
203 41
202 39
202 38
201 37
201 35
200 34
200 33
200 32
199 31
199 30
199 29
198 28
198 27
197 26
197 25
197 24
197 23
198 23
198 24
199 25
200 25
201 26
202 26
203 27
204 28
205 28
207 29
208 30
210 31
212 32
214 34
216 35
218 36
220 38
222 39
225 41
227 42
229 43
232 45
234 46
236 48
239 49
241 51
244 53
247 55
249 57
252 59
255 61
258 62
261 64
264 66
266 68
269 70
272 71
275 73
277 75
280 77
283 79
286 81
289 83
291 85
294 87
297 89
300 91
303 92
305 94
308 96
311 97
313 99
316 101
318 103
321 104
323 106
326 108
328 109
331 110
333 111
335 112
337 113
339 114
340 115
342 116
343 117
344 118
345 118
346 119
347 120
348 120
349 121
349 122
350 122
350 123
349 123
349 124
348 125
347 125
347 126
346 126
345 127
345 128
344 128
343 129
342 130
341 131
339 132
338 133
337 133
336 134
334 135
333 136
331 137
330 138
328 139
326 140
324 141
323 142
321 144
319 145
317 146
315 148
313 149
312 151
310 152
308 154
306 155
304 157
302 158
300 159
298 160
295 162
293 163
291 164
290 166
288 167
286 169
284 170
282 172
280 173
278 175
276 177
274 178
272 179
270 181
268 182
266 183
264 184
262 186
261 187
259 188
257 190
255 191
253 193
251 195
249 196
248 198
246 199
244 200
243 201
242 202
241 203
240 204
239 204
238 205
237 206
236 207
236 208
235 208
235 207
235 206
235 205
234 205
234 204
234 203
234 202
233 202
233 201
233 199
233 198
232 197
232 195
232 194
231 192
231 191
231 189
231 188
231 186
230 184
230 183
230 181
229 179
229 178
229 176
229 174
228 172
228 170
228 168
228 166
228 164
228 163
227 161
227 160
227 159
226 157
226 156
226 155
225 154
225 153
225 152
225 151
224 150
224 149
224 148
223 148
222 148
221 148
220 149
219 149
218 149
216 149
214 149
212 149
210 149
208 149
206 149
203 150
201 150
198 150
195 150
193 151
190 151
187 151
184 151
181 151
179 151
177 151
174 151
173 152
171 152
169 152
168 152
166 151
165 151
164 151
163 151
163 150
164 150
164 151
164 152
163 153
