277
288 200
294 198
297 198
300 198
303 198
305 197
309 197
311 196
314 196
317 196
319 195
322 195
325 195
328 195
331 195
334 195
337 195
341 195
344 195
347 195
351 195
354 195
358 195
361 195
364 195
368 195
371 195
374 195
377 195
381 195
384 196
387 196
390 196
394 196
397 196
401 196
405 196
408 196
410 197
414 197
418 197
421 197
424 196
424 193
424 190
424 187
424 184
424 180
425 177
425 174
425 171
424 168
424 165
424 162
424 158
424 155
423 152
423 149
423 146
423 143
423 140
423 137
423 133
423 130
422 128
422 125
422 122
422 119
422 115
422 112
422 109
422 106
422 103
422 100
422 97
422 94
422 91
422 88
422 85
424 86
425 89
426 91
427 93
428 95
429 97
431 99
433 101
435 103
437 105
438 107
440 109
442 111
444 113
446 115
448 117
450 119
452 121
454 123
455 125
457 126
459 128
460 130
462 132
464 133
466 136
468 138
470 141
472 143
473 145
475 148
478 150
479 152
481 155
484 158
486 161
489 163
490 165
492 168
495 171
497 174
499 177
502 180
504 183
507 186
509 188
511 190
514 192
515 194
518 197
520 199
522 201
524 203
525 205
527 207
529 209
531 211
533 213
535 215
537 217
538 219
540 220
541 222
543 223
544 225
542 227
541 229
539 231
537 232
535 234
533 236
531 237
529 238
527 240
524 242
522 244
519 246
517 248
514 250
511 252
508 255
506 257
504 258
503 260
501 261
499 263
497 264
495 267
493 268
491 270
489 271
487 274
485 275
483 277
481 278
479 281
477 283
475 285
473 287
471 290
469 291
467 293
466 295
464 296
461 299
458 301
455 304
452 306
451 308
448 311
445 313
444 315
441 317
439 320
437 321
435 323
433 325
431 327
429 329
427 331
425 332
424 334
422 336
420 339
418 341
416 343
415 345
413 346
413 343
413 340
413 337
413 334
413 331
413 328
413 325
413 322
413 319
413 315
413 311
413 308
413 304
413 301
413 298
414 296
414 293
414 289
415 287
415 284
416 280
416 277
417 274
417 270
418 268
419 265
419 262
420 260
420 257
420 254
420 251
419 249
417 250
415 251
412 251
408 251
405 251
402 251
398 251
394 251
391 251
387 250
383 250
379 250
375 250
373 249
370 249
366 249
361 249
357 248
354 248
350 248
347 248
342 248
338 248
336 247
333 247
329 247
326 247
322 247
317 246
313 246
309 246
305 246
302 246
298 246
294 246
291 246
288 246
290 246
