255
125 120
130 120
131 120
132 120
134 120
135 120
137 120
139 119
142 119
144 119
147 119
150 119
153 119
156 119
159 119
162 119
166 118
170 118
173 118
177 118
180 118
184 118
187 118
191 118
194 118
197 118
199 118
202 118
204 118
206 118
208 118
210 118
211 118
213 118
214 118
215 118
216 118
217 118
217 117
217 116
217 115
217 114
217 113
217 112
217 111
217 109
217 108
217 106
217 104
217 102
217 100
218 97
218 95
218 93
218 90
218 88
218 85
219 83
219 81
219 79
219 77
219 75
219 73
219 71
220 69
220 67
220 66
220 64
220 63
221 62
221 61
221 60
222 60
223 61
223 62
224 62
224 63
225 64
225 65
226 66
227 67
228 68
229 69
229 71
231 72
232 74
233 76
234 78
236 79
238 81
239 83
241 85
243 88
245 90
247 92
250 95
252 97
254 100
256 103
258 106
260 108
262 111
265 114
267 117
269 119
271 122
273 125
275 128
277 130
279 133
281 135
282 137
284 140
286 142
288 144
289 146
291 148
292 150
294 151
295 153
296 154
297 155
298 156
299 157
299 158
300 158
300 159
301 159
301 160
300 160
300 161
299 161
298 162
297 163
296 163
295 164
294 165
292 166
291 168
289 169
287 171
285 173
283 175
280 177
278 179
275 182
272 184
270 187
267 189
264 192
261 195
258 198
256 201
253 204
250 207
247 210
244 212
241 215
239 218
236 221
234 223
231 226
229 228
227 230
225 232
223 234
221 236
219 237
218 239
217 240
215 241
214 242
213 243
212 243
212 242
212 241
212 240
213 238
213 237
213 236
213 234
214 233
214 231
214 229
214 227
214 224
214 222
214 219
215 217
215 214
215 211
215 209
215 206
215 203
215 200
215 197
215 194
215 191
216 189
216 186
216 184
216 181
216 179
216 177
216 175
216 173
215 172
215 170
215 169
215 168
215 167
215 166
214 165
213 165
212 165
211 165
210 165
209 165
207 165
206 165
204 165
202 165
200 165
197 166
194 166
191 166
188 167
185 167
182 168
178 168
174 168
171 169
167 169
164 170
160 170
157 170
153 171
150 171
147 171
144 171
141 172
138 172
135 172
133 172
131 173
129 173
127 173
126 173
125 173
124 173
123 174
122 174
123 174
122 174
121 174
