396
355 192
357 193
359 193
360 193
362 193
364 193
366 193
368 193
370 193
373 193
375 193
378 193
380 193
383 193
386 193
388 193
391 193
394 193
397 193
399 193
402 193
404 193
407 193
409 193
411 193
414 193
416 193
418 193
420 193
422 194
424 194
426 194
428 194
430 194
432 194
434 194
436 194
438 194
440 194
442 194
444 194
446 194
447 194
449 194
450 194
451 194
453 194
454 194
455 194
456 194
457 193
458 193
459 193
460 193
460 192
460 191
460 190
460 189
460 188
460 187
460 186
460 184
460 183
459 181
459 180
459 178
459 176
458 174
458 173
458 171
458 169
457 167
457 165
457 163
457 162
456 160
456 158
456 156
456 154
456 153
456 151
456 149
456 148
456 146
455 144
455 142
455 140
455 138
455 136
455 135
455 133
455 131
455 130
455 128
455 127
454 126
454 125
454 123
454 122
454 121
454 120
454 119
454 118
455 117
455 116
456 115
457 115
458 115
459 116
460 116
461 117
462 117
463 118
464 118
465 119
466 120
468 120
469 121
470 122
472 123
473 124
475 125
477 126
478 127
480 128
482 129
484 130
485 131
487 133
489 134
491 135
493 137
495 138
497 139
499 141
501 142
503 143
505 145
508 146
510 147
512 149
514 150
517 151
519 153
521 154
523 155
526 157
528 158
530 159
532 161
534 162
536 163
539 164
541 166
543 167
546 169
548 170
550 171
552 173
555 174
557 175
559 176
561 178
563 179
566 180
568 181
570 182
572 183
574 184
577 185
579 186
580 187
582 188
584 189
585 190
587 191
589 191
590 192
592 193
593 194
595 195
596 195
597 196
599 197
600 197
601 198
602 198
603 199
604 199
605 200
606 200
607 201
608 201
608 202
608 203
607 204
606 205
606 206
605 207
604 208
604 209
603 210
602 211
601 213
600 214
599 216
598 218
597 219
595 221
594 222
593 224
591 225
590 227
588 229
587 230
585 232
583 234
582 236
580 238
578 240
577 241
575 243
574 245
572 247
571 249
569 250
568 252
566 254
564 255
563 257
561 259
559 261
557 263
555 264
554 266
552 268
551 269
549 271
548 273
546 274
545 276
544 277
542 279
541 280
540 281
538 283
537 284
535 286
534 287
532 289
531 290
529 292
528 293
527 295
525 297
524 298
522 300
521 302
519 303
518 305
516 306
515 308
513 310
511 312
510 313
508 315
506 317
505 319
503 321
501 323
500 325
498 326
497 328
496 329
495 330
494 331
493 332
492 333
491 334
490 334
489 335
488 335
487 334
486 334
486 333
485 332
484 331
483 330
483 328
482 327
481 325
480 324
480 322
479 320
478 318
478 316
477 314
477 312
477 310
476 307
476 305
475 303
475 301
475 298
475 296
474 293
474 291
474 288
474 286
474 284
474 281
473 279
473 277
473 274
473 272
473 270
473 268
474 265
474 263
474 261
474 260
474 258
474 256
474 254
474 253
474 251
474 250
474 248
474 247
474 246
474 245
474 244
474 243
474 242
473 241
473 240
473 239
473 238
472 237
472 236
471 236
470 236
469 236
468 236
467 236
466 236
465 236
464 236
463 236
462 237
460 237
458 237
457 237
455 237
453 237
450 237
448 237
445 237
442 237
440 237
437 238
434 238
431 238
428 238
425 238
422 238
419 238
417 238
414 238
411 238
409 238
406 238
404 238
401 238
399 238
397 238
395 238
393 238
391 238
389 238
387 238
385 238
384 238
382 238
381 238
380 238
379 238
378 238
377 238
376 238
375 238
374 238
374 237
375 236
377 236
379 235
