298
260 202
265 202
266 202
268 202
270 202
273 202
276 201
279 201
282 201
285 201
289 201
293 201
296 201
300 201
304 201
309 201
313 200
318 200
322 200
326 200
331 200
335 200
339 200
343 200
346 200
350 200
354 200
357 200
360 200
363 201
366 201
369 201
371 201
374 201
376 201
377 201
379 201
380 201
381 201
382 201
383 200
384 200
384 199
384 198
384 197
384 196
384 195
384 194
383 192
383 191
383 189
382 188
382 186
381 184
380 182
380 180
379 178
379 176
379 173
378 171
378 168
377 166
377 163
376 161
376 158
375 156
375 153
375 151
375 148
374 146
374 144
374 141
374 139
374 137
373 135
373 133
373 131
373 129
373 128
373 126
373 125
373 123
373 122
373 121
373 120
373 119
374 118
375 118
375 119
376 119
377 120
378 120
379 121
380 122
381 123
383 124
384 125
386 126
387 128
389 129
391 131
393 132
395 134
396 136
398 138
400 139
403 141
405 144
407 146
409 148
411 150
414 152
416 154
419 156
421 158
423 160
426 162
428 165
431 167
433 169
436 171
438 174
441 176
443 178
446 180
448 182
451 184
453 187
456 189
459 191
461 193
464 195
467 197
469 199
472 201
474 202
476 204
479 206
481 207
483 209
485 210
487 212
489 213
491 215
493 216
494 217
496 219
497 220
499 221
500 222
501 222
501 223
502 224
502 225
502 226
502 227
501 227
501 228
500 229
499 229
498 231
496 232
495 234
493 236
491 238
489 240
487 242
485 244
483 247
481 249
479 252
477 254
474 257
472 260
469 263
466 266
464 269
461 272
458 276
455 279
452 282
450 285
447 288
445 291
443 294
440 297
438 299
436 302
433 305
431 308
428 310
426 313
424 316
421 319
419 321
417 324
415 326
413 328
411 330
410 332
409 333
408 335
407 335
406 336
405 337
404 337
403 337
402 337
401 337
400 336
399 335
398 335
397 334
397 332
396 331
395 329
394 327
394 325
393 323
393 320
393 318
392 315
392 312
392 309
392 306
392 303
392 300
392 297
392 294
393 290
393 287
393 283
394 280
394 276
394 273
395 270
395 267
395 264
395 262
395 259
396 257
396 255
396 254
396 252
396 250
396 249
396 248
396 247
396 246
395 245
395 244
395 243
394 243
393 243
392 243
391 243
389 243
388 244
386 244
384 244
382 244
379 244
376 243
373 243
370 243
366 243
362 243
357 243
353 243
348 243
344 242
339 242
334 242
329 242
324 242
320 242
315 243
310 242
306 242
302 242
298 242
294 242
291 242
287 242
284 242
282 242
279 242
277 242
275 243
273 243
272 243
271 243
270 243
269 243
270 242
271 242
272 242
273 241
