416
164 179
171 179
172 179
173 178
174 178
176 178
177 178
179 178
181 178
183 178
185 178
187 178
189 178
191 177
193 177
195 177
197 177
199 177
202 177
204 176
207 176
210 176
212 176
215 176
218 176
220 176
223 176
226 176
229 176
232 176
235 176
238 176
241 176
243 176
246 176
249 176
252 176
255 176
257 176
260 176
262 176
264 176
266 177
268 177
270 177
271 177
273 177
274 177
275 177
276 177
277 177
276 176
276 175
276 174
276 173
276 172
276 171
276 170
276 169
276 168
276 167
276 166
276 164
276 163
276 161
276 160
276 158
276 156
276 154
276 153
276 151
276 149
276 147
276 145
276 143
276 141
276 139
275 137
275 135
275 133
275 130
275 128
274 126
274 123
274 121
274 118
274 116
274 113
274 111
273 108
273 105
273 103
273 100
273 97
273 94
273 92
273 89
273 86
273 83
273 81
273 78
274 75
274 73
274 70
274 68
274 66
274 64
274 62
274 60
274 58
274 57
274 55
274 54
274 53
274 52
274 51
274 50
274 49
275 50
275 51
276 51
276 52
277 53
278 54
279 55
280 56
281 57
282 58
283 60
284 61
286 63
287 64
289 65
290 67
292 69
293 70
295 72
296 74
298 76
299 78
301 80
303 82
305 85
307 87
309 89
311 91
313 93
315 95
317 98
319 100
321 102
323 105
325 107
327 110
330 112
332 115
334 117
337 120
339 122
342 125
344 127
347 130
349 132
351 135
354 138
356 140
359 143
361 145
364 148
366 151
369 153
372 156
374 159
377 161
379 164
382 167
385 169
387 172
390 174
393 177
395 179
398 182
401 184
403 186
406 189
409 191
411 193
413 195
416 197
418 199
420 201
422 202
424 204
426 205
428 207
429 208
431 209
432 210
433 211
434 212
435 213
436 214
436 215
437 215
437 216
436 217
435 217
435 218
434 218
433 218
433 219
432 219
431 220
430 220
429 221
427 221
426 222
425 223
425 223
423 223
421 224
420 225
418 226
416 227
416 227
414 228
412 229
410 230
408 231
406 232
404 233
402 235
400 236
398 237
396 239
393 240
391 242
389 243
387 245
384 246
382 247
379 249
377 250
375 252
372 253
369 255
367 256
364 258
361 260
359 261
356 263
353 265
350 266
347 268
344 270
341 272
338 273
335 275
332 277
329 278
326 280
322 282
319 284
316 286
313 287
310 289
307 291
304 293
301 295
298 296
296 298
293 300
290 302
287 303
285 305
282 306
280 308
277 309
275 311
273 312
271 313
269 315
267 316
265 317
264 318
262 319
261 320
259 321
258 322
257 323
256 323
255 324
254 324
254 325
253 325
252 326
252 325
252 324
252 323
252 322
252 321
252 320
253 319
253 318
253 317
253 316
253 315
254 314
254 313
254 311
255 310
255 308
256 307
256 305
256 304
257 302
257 300
258 299
258 297
258 295
259 293
259 291
260 289
260 287
261 285
261 283
262 281
262 279
263 277
263 275
264 272
264 270
264 268
265 266
265 264
266 262
266 260
267 258
267 256
268 254
268 252
268 250
269 248
269 246
270 244
270 242
270 240
270 238
271 237
271 235
271 234
271 232
272 231
272 230
272 229
272 228
272 227
271 226
271 225
271 224
271 223
270 222
270 221
269 221
268 221
267 221
266 221
266 222
265 222
264 222
263 222
261 222
260 222
259 223
257 223
255 223
253 223
252 223
250 223
247 224
245 224
243 224
241 224
238 224
235 224
233 224
230 225
227 225
224 225
221 225
218 225
215 225
212 226
209 226
206 226
202 226
199 226
196 227
193 227
190 227
187 227
184 227
181 228
178 228
175 228
173 228
171 228
169 229
167 229
166 229
164 229
163 229
162 229
162 230
161 230
161 230
