349
170 87
174 87
176 87
177 87
178 87
180 86
182 86
184 86
186 86
188 86
191 86
193 85
195 85
198 85
200 85
203 85
205 85
208 85
210 85
213 85
215 84
218 84
221 84
223 84
226 84
228 84
231 83
233 83
235 83
238 83
240 83
242 83
243 82
245 82
246 82
248 82
249 82
250 81
251 81
251 80
251 79
251 78
251 77
251 76
251 75
251 74
250 73
250 72
250 71
250 70
250 69
250 68
249 66
249 65
249 64
248 63
248 61
248 59
247 58
247 56
247 54
246 53
246 51
245 49
245 48
244 46
244 45
243 43
243 42
243 41
242 39
242 37
242 36
241 34
241 32
241 31
241 29
240 28
240 27
240 25
239 24
239 23
239 22
238 21
238 20
238 19
237 18
237 17
237 16
236 15
236 14
236 13
235 13
235 12
235 11
235 10
235 11
236 12
237 13
238 14
239 14
239 15
240 15
241 16
242 16
243 17
244 18
245 18
246 19
247 20
248 21
250 21
251 22
253 23
254 24
256 25
257 26
259 27
260 28
262 29
263 30
265 32
267 33
268 34
270 36
271 37
273 39
275 40
277 42
279 43
281 44
282 46
284 47
286 48
287 50
289 51
291 53
292 54
294 56
296 58
297 59
299 61
301 63
303 64
305 65
306 67
308 68
310 69
312 70
313 72
315 73
317 74
319 75
321 77
323 78
324 80
326 81
328 82
330 84
332 85
333 86
335 87
337 88
338 89
340 90
341 91
343 91
345 92
346 93
348 93
349 94
350 95
351 95
352 96
353 96
354 97
355 97
356 98
357 98
357 99
358 99
358 100
357 100
356 101
355 102
354 103
353 103
353 104
352 105
351 106
350 106
349 107
347 108
346 109
345 110
343 110
342 111
340 112
339 112
338 113
336 114
335 115
334 116
332 117
331 118
329 120
327 121
326 123
324 124
322 125
320 127
319 128
317 130
315 131
313 133
312 134
310 135
309 137
307 138
305 139
303 141
301 142
299 143
297 145
295 147
293 148
291 150
290 151
288 153
286 154
284 156
282 157
280 158
279 160
277 161
275 162
273 163
271 165
270 166
268 167
267 169
266 170
265 171
264 172
263 173
263 174
262 175
261 176
261 177
260 177
260 178
259 179
258 178
258 177
258 176
258 175
257 174
257 173
257 172
257 171
257 170
256 169
256 168
256 166
256 165
256 164
255 163
255 162
255 161
255 160
255 158
254 157
254 156
254 155
254 153
254 152
253 150
253 148
253 147
253 145
253 144
253 142
252 141
252 139
252 138
252 137
251 136
251 135
251 134
251 133
250 131
250 130
250 129
250 128
249 127
249 126
249 124
249 123
249 122
248 121
248 120
248 119
247 119
247 118
247 117
246 117
245 117
245 118
244 118
243 118
242 118
241 119
240 119
238 119
237 119
235 120
234 120
232 120
230 121
227 121
225 121
223 122
221 122
219 122
216 123
214 123
211 124
209 124
207 125
204 125
202 126
200 126
198 126
196 126
194 127
193 127
191 127
190 127
188 127
187 127
186 127
185 127
184 127
183 127
182 127
183 127
183 128
183 129
182 130
