244
285 204
292 202
294 201
297 201
300 201
304 201
307 201
310 201
313 201
317 201
321 201
325 201
329 201
333 201
337 201
341 201
345 201
350 201
354 201
358 201
362 201
365 201
369 201
372 201
376 201
379 201
382 201
385 201
388 201
391 201
394 201
397 201
398 199
398 196
398 193
398 189
398 185
398 181
398 178
399 176
399 173
399 170
398 167
398 164
398 161
398 158
397 155
397 152
396 148
396 145
396 141
395 138
395 135
395 131
395 128
395 124
394 122
394 119
394 116
393 113
393 110
393 107
392 105
394 107
395 110
396 112
397 115
398 117
399 119
402 122
404 125
406 127
409 130
410 132
412 133
414 135
416 137
419 140
421 142
423 143
424 145
426 147
428 148
430 150
432 152
434 153
436 155
438 157
440 158
442 160
444 161
446 163
448 164
450 165
452 167
454 168
456 170
459 172
461 174
463 175
464 177
466 178
468 179
470 181
473 183
475 184
477 186
480 188
482 189
484 190
486 192
489 194
491 195
493 197
495 198
497 199
499 200
501 202
503 203
506 204
508 205
510 206
512 207
514 209
517 209
520 211
522 212
525 213
527 214
529 215
527 217
525 218
523 220
521 221
518 223
515 225
512 227
510 229
508 230
506 231
504 232
501 235
499 236
496 238
494 239
491 241
489 243
486 245
484 246
482 247
481 249
479 250
477 251
475 252
473 254
471 255
469 256
467 258
465 259
463 261
461 262
458 263
456 265
454 266
452 267
450 269
448 270
446 271
444 272
442 273
439 275
437 277
434 279
432 280
429 283
426 285
424 287
421 289
418 291
416 293
414 294
411 296
409 298
407 299
404 301
402 303
399 304
397 305
395 306
392 306
391 304
391 301
391 298
391 295
391 292
391 289
392 286
392 283
392 279
393 277
393 273
394 271
394 267
394 263
395 261
395 258
395 255
396 253
396 249
397 247
397 244
397 241
397 238
397 235
395 236
393 237
390 238
387 238
383 238
379 238
376 239
372 239
369 239
365 239
361 239
357 239
353 239
349 239
345 239
342 238
338 238
334 238
330 238
326 237
322 237
318 237
314 237
310 237
306 237
303 237
300 237
298 236
296 237
297 236
