262
132 113
138 114
140 114
141 114
143 114
145 114
147 114
149 114
151 113
154 113
156 113
159 113
162 113
166 113
169 113
172 113
176 113
179 113
183 113
187 113
190 113
194 113
198 113
201 113
205 113
208 113
211 113
214 113
217 113
219 113
222 113
224 113
226 114
227 114
229 114
230 114
231 114
232 114
233 114
233 113
234 113
234 112
233 112
233 111
233 110
233 109
233 108
233 107
233 106
233 104
233 103
233 101
233 99
233 97
233 95
233 92
233 90
233 87
233 85
233 82
233 80
233 77
233 74
233 72
233 69
234 67
234 65
234 62
234 60
234 58
234 57
234 55
234 54
234 53
234 52
234 51
234 50
234 49
234 48
234 49
235 49
235 50
236 51
236 52
237 53
237 54
238 55
239 56
239 57
240 59
241 60
243 62
244 64
245 67
247 69
248 72
250 74
251 77
253 80
255 83
257 86
259 90
261 93
263 96
265 100
267 103
269 107
272 110
274 113
276 117
278 120
280 123
282 126
284 129
286 132
288 135
290 137
291 140
293 142
295 144
296 146
298 148
299 150
300 152
301 154
302 155
303 156
303 157
304 158
304 159
305 160
304 160
303 159
303 160
302 160
301 161
300 162
299 163
298 164
297 165
296 166
294 168
292 169
291 171
289 173
287 175
285 178
282 180
280 183
277 186
275 189
272 192
269 195
266 198
263 202
260 205
257 208
254 212
251 215
249 218
246 222
243 225
241 228
238 230
236 233
233 235
231 238
229 239
227 241
226 243
224 244
223 245
222 246
221 246
220 247
219 247
218 247
219 246
219 245
219 244
219 243
219 242
220 241
220 239
220 238
220 236
221 233
221 231
221 228
221 226
222 223
222 220
222 217
222 214
223 211
223 207
223 204
223 201
223 197
224 194
224 191
224 188
224 184
224 181
225 178
225 176
225 173
225 170
225 168
226 166
226 164
226 162
226 160
226 159
225 158
225 157
225 156
225 155
225 154
224 154
223 154
222 154
221 154
220 154
218 154
217 154
215 154
213 154
211 154
208 154
206 154
203 155
200 155
197 155
193 156
190 156
187 157
183 157
179 157
175 158
172 158
168 159
164 159
161 159
157 160
154 160
151 160
147 161
145 161
142 161
139 162
137 162
135 162
133 162
131 162
130 162
129 162
128 162
127 162
126 162
125 162
124 162
