385
227 137
231 136
233 136
234 136
236 136
238 136
240 136
242 136
245 136
247 136
250 136
253 136
256 136
259 136
262 136
266 136
266 136
269 136
273 136
276 136
280 136
284 136
287 136
291 136
295 136
299 136
303 136
307 136
311 136
315 136
319 136
323 136
327 136
331 137
334 137
338 137
341 137
344 137
348 138
351 138
353 138
356 138
358 138
360 138
362 138
363 139
365 139
366 139
367 139
368 139
368 138
368 137
368 136
368 135
368 134
368 132
368 131
368 130
368 129
367 127
367 126
367 125
367 123
367 122
367 120
366 118
366 116
366 115
366 113
366 111
365 109
365 107
365 105
365 102
364 100
364 98
364 96
363 93
363 91
363 89
363 86
363 83
362 81
362 78
362 75
362 73
362 70
362 67
362 64
362 61
362 59
362 56
362 53
362 50
362 47
362 45
362 42
362 40
362 37
362 35
363 33
363 31
363 29
363 27
363 25
363 23
363 22
363 21
363 20
363 19
364 18
364 17
365 17
365 18
366 19
367 19
367 20
368 21
369 22
370 23
371 24
372 26
373 27
374 29
376 30
377 32
379 34
381 36
382 38
384 40
386 42
388 44
390 46
392 48
394 51
397 53
399 56
401 59
403 61
405 64
407 67
410 70
412 73
415 76
417 79
420 82
422 85
425 88
427 90
430 93
432 96
435 99
438 102
441 105
443 108
446 111
449 114
452 117
455 120
458 123
462 126
465 129
468 131
472 134
475 137
478 140
482 142
485 145
489 147
492 149
496 152
499 154
502 156
505 158
508 160
510 161
513 163
515 164
517 166
518 167
520 168
521 169
522 170
523 170
523 171
523 172
522 172
521 173
520 173
519 173
518 173
517 174
516 174
515 174
513 175
512 175
511 176
510 176
509 177
507 178
506 179
505 179
503 180
502 182
500 183
499 184
497 186
495 187
493 189
492 190
490 192
488 194
486 196
484 197
482 199
480 201
478 203
476 205
474 208
471 210
469 212
467 214
464 217
462 219
459 221
456 224
453 226
450 228
447 231
444 234
440 236
437 239
433 241
430 244
427 247
423 249
420 252
416 254
413 257
410 260
406 262
403 265
400 267
397 270
394 273
392 275
389 278
386 280
384 283
381 285
379 287
377 289
375 291
373 293
372 295
370 297
369 299
367 301
366 302
365 303
364 304
364 305
363 306
363 307
362 307
362 308
361 307
362 307
362 306
362 305
362 304
362 303
362 301
362 300
362 298
362 297
362 295
362 293
362 290
362 288
363 286
363 284
363 281
363 279
364 277
364 274
364 272
364 269
365 266
365 264
365 261
366 258
366 256
366 253
366 250
366 248
367 245
367 242
367 240
367 237
367 234
367 231
367 229
367 226
367 224
367 221
367 218
367 216
367 213
367 211
367 208
367 205
367 203
368 200
368 198
368 196
368 194
368 192
368 190
368 188
368 186
368 185
368 183
369 182
369 181
368 180
368 179
368 178
367 179
366 180
365 180
364 181
363 181
362 181
361 182
360 182
359 182
358 182
356 182
354 183
353 183
351 183
349 183
347 184
345 184
342 184
340 184
337 184
335 184
332 184
329 184
327 184
324 184
321 184
318 184
315 184
312 184
308 184
305 184
301 185
298 185
294 185
291 185
287 186
284 186
280 186
277 186
274 187
270 187
267 187
264 188
262 188
259 188
256 188
254 188
252 188
250 189
248 189
246 189
245 189
244 189
243 189
242 189
242 188
242 188
