350
187 179
192 177
191 177
188 176
189 176
190 176
191 176
192 176
193 176
198 175
200 175
203 175
205 175
208 174
210 174
213 174
216 174
218 173
221 173
224 173
227 172
230 172
233 172
236 171
238 171
241 171
244 170
246 170
249 170
251 170
254 169
256 169
259 169
261 168
264 168
266 168
269 167
272 167
274 167
277 166
280 166
282 166
285 166
288 165
290 165
293 165
295 165
298 164
300 164
303 164
305 164
308 164
310 163
312 163
314 163
315 163
317 163
318 163
319 163
320 163
321 163
321 162
322 162
323 162
323 161
323 160
323 159
323 158
323 157
323 156
323 155
322 154
322 152
322 151
322 150
322 148
322 147
322 145
322 144
322 142
321 140
321 138
321 136
321 135
321 133
320 131
320 129
320 128
320 126
320 125
320 123
320 122
319 120
319 119
319 117
319 115
319 114
319 112
319 111
319 109
319 108
319 107
319 105
319 104
319 103
319 102
319 101
319 100
319 99
319 98
319 97
319 96
320 95
320 94
320 93
320 92
321 92
322 92
322 93
323 93
324 94
325 94
326 95
327 95
329 96
330 97
331 98
332 98
333 99
335 100
336 101
337 102
338 103
340 105
341 106
342 107
343 108
345 110
346 111
347 113
348 114
349 115
351 117
352 118
353 120
354 121
356 122
357 124
358 125
359 126
361 128
362 129
363 130
364 132
365 133
366 134
367 136
369 137
370 139
371 140
372 141
373 143
375 144
376 145
377 146
378 147
380 149
381 150
383 151
384 152
385 153
387 154
388 155
389 156
391 157
392 158
393 159
394 160
395 161
396 162
397 163
398 163
398 164
399 165
400 165
400 166
401 167
402 168
403 168
403 169
403 170
403 171
402 171
402 172
401 173
400 174
400 175
399 175
398 176
397 177
396 179
396 180
395 181
394 182
393 183
392 185
391 187
389 189
388 191
387 193
385 195
384 198
383 200
382 202
381 204
380 206
379 207
378 209
377 210
376 212
375 214
374 215
373 216
372 218
371 219
371 221
370 222
369 223
368 224
367 225
366 227
366 228
365 229
364 230
363 231
363 232
362 233
361 235
360 236
359 237
359 238
358 240
357 241
356 242
356 243
355 245
354 246
353 247
353 248
352 249
351 251
350 252
350 253
349 254
348 254
348 255
347 256
346 257
345 256
345 255
345 254
344 253
344 251
344 250
343 248
343 247
343 245
342 243
342 241
341 239
341 237
340 235
340 233
339 231
339 229
339 227
338 224
338 222
338 220
338 218
337 216
337 214
337 212
337 210
337 208
337 206
336 205
336 203
336 202
336 201
336 200
336 199
336 198
335 197
335 196
335 195
334 195
333 195
332 195
331 196
330 196
329 197
328 197
326 197
324 198
322 199
320 199
317 200
314 200
312 201
308 201
305 202
302 202
298 203
294 204
290 204
286 205
282 206
278 206
273 207
269 208
265 209
260 209
256 210
252 211
248 211
244 212
240 212
236 213
233 213
229 214
226 214
223 215
220 215
217 215
214 216
212 216
210 216
208 216
206 217
205 217
203 217
202 217
201 217
200 217
199 217
200 217
201 216
202 216
204 215
