495
116 163
120 162
121 162
123 162
124 162
126 161
128 161
129 161
131 160
133 160
135 160
138 159
140 159
142 159
144 159
147 159
149 158
152 158
154 158
156 158
159 157
161 157
164 157
166 156
169 156
172 156
174 156
177 155
180 155
182 155
185 155
187 154
190 154
192 154
195 154
197 153
200 153
202 153
205 152
207 152
210 152
212 152
214 152
217 151
219 151
222 151
224 151
226 151
228 151
231 151
233 151
235 151
237 151
239 150
241 150
242 150
244 150
246 150
247 150
248 150
249 150
250 150
251 150
252 150
253 150
253 149
253 148
252 148
252 147
251 146
251 145
250 144
250 143
249 142
249 140
249 139
248 138
248 136
247 134
247 133
247 131
247 129
246 127
246 125
246 124
246 122
246 120
245 118
245 116
245 114
245 112
245 111
245 109
245 107
245 105
245 104
245 102
245 100
245 99
245 97
245 95
245 94
245 92
245 91
245 89
245 87
245 86
245 84
244 83
244 81
244 79
244 78
244 76
244 75
244 74
244 72
244 71
244 70
244 69
244 68
244 67
244 66
244 65
244 64
244 63
244 62
245 61
245 60
246 60
247 60
248 60
249 60
250 60
251 60
252 60
253 61
254 61
255 62
256 62
257 63
259 64
260 65
261 65
262 66
264 67
265 68
266 69
268 70
269 71
271 72
272 73
274 74
275 75
276 76
278 77
279 78
280 79
282 80
283 82
284 83
285 84
287 85
288 86
289 87
291 88
292 90
293 91
294 92
295 93
297 94
298 95
299 96
300 97
301 99
303 100
304 101
305 102
306 103
308 104
309 105
310 107
311 108
313 109
314 111
315 112
317 113
318 115
320 116
321 118
323 119
324 121
326 122
328 123
329 125
331 126
333 127
334 129
336 130
337 131
339 133
340 134
342 135
343 137
344 138
346 139
347 140
349 142
350 143
351 144
353 145
354 146
355 147
356 148
358 149
359 150
360 151
361 152
362 153
363 154
364 155
365 156
366 157
367 158
368 159
368 160
369 161
370 162
371 163
372 164
373 165
374 166
375 167
375 168
376 169
377 170
378 170
378 171
379 171
379 172
380 172
380 173
380 174
381 174
381 175
381 176
380 176
380 177
379 178
378 179
378 180
377 181
376 182
374 183
373 184
372 186
371 187
370 189
368 190
367 192
366 194
365 196
363 197
362 199
360 201
359 203
358 205
356 207
355 209
354 211
352 213
351 214
350 216
349 218
348 219
347 221
346 223
344 224
343 226
342 227
341 229
340 230
339 231
338 233
337 234
336 235
335 236
334 237
333 238
332 239
331 240
330 242
329 243
328 244
327 245
326 246
325 247
325 248
324 249
323 250
322 251
321 251
320 252
320 253
319 254
318 255
318 257
317 258
316 259
315 260
315 261
314 262
313 263
313 264
312 265
311 266
310 267
310 268
309 269
308 270
308 271
307 272
306 273
306 274
305 275
304 276
304 277
303 278
302 279
301 280
301 281
300 282
299 283
298 283
298 284
297 285
296 286
295 287
295 288
294 289
293 289
293 290
292 291
291 292
290 292
290 293
289 293
288 293
288 294
287 294
286 293
285 292
284 291
283 290
282 289
282 287
281 286
281 285
280 283
279 282
279 280
278 278
278 276
277 274
276 273
276 271
275 269
275 267
274 265
274 263
273 261
273 259
272 257
272 255
271 253
271 251
271 249
270 247
270 245
270 243
270 241
269 239
269 237
269 235
269 233
268 232
268 230
268 228
268 226
267 224
267 222
267 220
267 218
267 216
267 215
267 213
266 211
266 210
266 208
266 206
266 205
266 203
266 202
266 200
266 199
266 198
265 197
265 196
265 195
265 194
265 193
265 192
265 191
265 190
265 189
265 188
264 187
264 186
263 186
262 186
261 186
260 186
259 186
258 186
257 186
256 187
254 187
253 187
251 188
249 188
247 188
245 189
243 189
241 189
238 190
236 190
234 190
231 190
229 191
226 191
224 191
222 192
219 192
217 192
215 192
213 192
210 192
208 192
206 192
204 192
202 192
200 192
198 192
195 192
193 192
191 192
189 192
187 192
185 192
183 192
181 192
179 193
177 193
175 193
173 193
171 193
169 193
167 193
165 194
163 194
161 194
159 194
157 194
156 194
154 194
153 194
151 195
149 195
148 195
146 195
145 195
144 195
142 195
141 195
139 196
138 196
137 196
136 196
135 196
134 196
133 196
132 196
133 196
134 196
135 195
136 194
