278
280 193
285 194
288 194
291 194
294 193
298 193
303 193
307 193
310 193
314 193
317 193
322 193
327 193
332 193
337 193
340 194
344 194
347 194
352 194
357 194
362 195
367 195
372 195
375 195
379 196
382 196
386 196
389 196
392 196
395 196
395 193
395 190
396 187
396 184
397 180
397 177
397 174
397 171
397 167
397 164
397 161
397 157
396 153
396 149
396 145
396 141
396 136
395 134
395 130
395 125
395 121
394 117
394 113
394 109
394 106
393 102
393 97
393 93
393 89
392 87
392 84
392 81
391 79
391 76
392 78
393 80
395 82
396 85
398 88
401 91
403 94
405 96
406 98
408 100
410 102
411 104
413 106
415 107
417 109
418 111
420 113
422 115
424 117
426 119
428 121
431 123
433 126
435 128
437 130
439 132
441 134
443 136
446 138
448 141
450 143
452 145
455 147
457 150
459 152
461 154
464 156
466 159
468 161
470 163
472 165
474 167
476 169
478 171
480 174
482 176
485 178
487 180
489 182
491 184
493 185
496 187
498 189
500 191
503 193
505 195
507 196
510 198
512 200
515 202
518 203
520 205
522 207
525 208
527 210
529 211
531 212
533 213
535 214
537 215
539 217
541 218
543 219
542 221
541 223
539 224
538 226
536 228
534 229
533 231
531 233
528 235
527 237
525 238
522 240
521 242
519 243
517 244
514 247
512 248
509 251
507 252
505 254
503 255
501 257
499 259
497 261
495 262
492 264
490 266
488 267
486 269
483 270
481 272
479 273
477 275
474 276
472 278
469 280
467 282
465 283
462 285
459 287
457 289
454 291
452 293
449 294
447 296
445 297
443 299
440 301
438 302
436 304
434 306
431 308
429 310
427 311
425 313
422 315
420 317
418 319
416 320
414 322
412 323
410 325
407 328
405 329
403 330
402 332
399 335
397 337
396 339
394 341
393 343
391 344
390 346
389 344
390 342
390 339
390 336
391 334
391 331
392 329
392 325
393 323
393 320
393 317
394 315
394 312
395 309
395 306
395 303
396 301
396 298
396 295
397 292
397 289
397 285
397 282
398 278
398 275
398 272
398 268
398 265
398 262
398 259
398 255
398 252
399 250
399 247
399 244
398 242
395 242
393 243
389 243
386 243
383 243
379 243
375 243
371 243
368 243
365 242
361 242
357 242
354 242
352 241
347 241
342 241
337 241
332 241
329 241
324 241
319 240
316 240
312 240
307 240
303 240
299 240
296 240
293 240
291 239
288 239
285 239
286 239
