233
342 141
349 140
352 140
354 139
357 139
360 139
364 139
367 139
370 139
373 139
377 138
380 138
384 138
387 138
391 138
394 138
396 137
399 137
403 137
407 137
410 137
413 137
417 137
420 137
423 137
425 136
428 136
431 136
434 136
437 135
441 135
444 135
447 135
450 135
453 135
455 134
458 134
461 134
462 136
462 139
462 142
462 145
462 148
461 150
461 153
462 156
462 160
462 163
462 167
462 170
463 173
463 176
463 179
463 182
464 186
464 190
465 194
465 198
465 201
466 205
466 208
466 211
466 214
467 216
467 219
467 222
467 226
467 230
467 233
468 237
468 241
468 244
468 247
468 250
468 254
468 257
468 260
469 262
469 265
469 268
469 271
469 274
469 277
470 280
470 283
470 286
471 288
471 291
471 294
472 296
472 299
470 300
467 300
463 300
461 299
458 299
454 299
451 299
447 299
443 298
439 298
435 298
432 298
428 298
424 298
422 297
418 297
415 297
411 297
407 297
402 297
398 297
394 297
390 297
387 297
383 297
379 297
376 297
372 297
368 297
365 297
361 297
357 297
353 297
351 296
348 296
344 296
340 296
337 295
333 295
329 295
325 295
321 295
318 295
314 295
310 295
307 294
304 294
301 294
297 294
294 294
291 294
288 294
285 294
281 294
278 294
274 294
270 294
267 294
264 294
262 293
262 290
263 288
263 285
264 282
264 279
264 276
265 274
265 271
266 269
266 266
267 264
268 261
268 258
269 256
269 253
269 250
270 248
271 245
271 242
272 240
272 237
272 234
273 232
273 229
273 226
274 224
274 221
274 218
275 216
275 213
276 210
276 207
276 204
276 201
276 198
275 196
275 193
274 191
275 189
277 188
279 186
281 185
283 184
285 183
287 182
289 181
291 180
293 179
295 178
297 177
299 176
301 174
303 173
305 172
307 171
309 169
311 168
313 167
315 166
317 165
319 163
321 162
323 161
325 160
327 159
329 158
331 157
332 155
334 154
336 153
338 151
340 150
342 149
344 147
346 146
348 145
350 143
352 142
354 141
356 140
358 139
357 140
