244
367 148
371 145
373 145
375 145
378 145
381 144
384 144
387 144
390 144
393 143
396 143
400 143
403 142
406 142
409 142
412 142
415 142
418 141
421 141
423 141
426 141
428 140
431 140
433 140
435 140
438 139
440 139
441 139
443 139
445 139
446 138
448 138
449 138
450 138
451 138
452 138
453 137
454 137
455 137
456 137
457 137
458 137
459 138
459 139
460 139
460 140
460 141
460 142
461 143
461 144
461 145
462 146
462 147
462 149
462 150
463 152
463 153
463 155
463 156
463 158
463 160
464 162
464 164
464 166
464 168
464 170
465 172
465 174
465 176
465 177
465 179
465 181
465 183
465 184
465 186
465 188
465 190
465 192
465 193
465 195
465 197
465 198
465 200
465 201
465 203
465 204
465 205
465 207
465 208
465 209
465 210
465 211
465 212
465 213
465 214
465 215
465 216
465 217
465 218
465 219
464 220
464 221
464 222
463 222
462 223
461 223
460 223
459 223
458 223
457 223
455 223
454 224
452 224
450 224
448 224
446 224
444 224
442 224
440 225
437 225
435 225
433 225
430 225
428 225
426 225
423 225
421 225
419 225
417 225
415 225
413 225
411 225
409 225
407 225
404 225
402 225
400 225
398 225
396 225
394 225
392 225
390 225
388 225
385 225
383 226
381 226
379 226
376 226
374 226
372 226
369 227
367 227
365 227
363 227
358 228
356 228
354 228
352 228
350 228
348 228
347 228
345 229
344 229
343 229
341 229
340 229
339 229
338 229
337 229
336 229
335 229
335 228
334 228
334 227
333 226
333 225
332 224
332 223
331 222
331 220
330 219
330 217
329 216
329 214
328 212
328 211
327 209
327 208
327 206
326 205
326 203
326 202
325 200
325 199
324 198
324 197
324 195
323 194
323 193
323 192
323 191
323 190
323 189
322 188
322 187
322 186
322 185
322 184
323 183
324 183
324 182
325 182
326 181
327 181
328 180
330 179
331 178
333 177
334 175
336 174
338 173
340 171
341 169
343 167
345 166
347 164
348 162
350 161
352 159
354 158
355 156
357 155
358 154
359 153
360 152
361 151
362 150
363 150
364 149
365 149
365 148
366 148
366 147
367 147
