356
205 79
209 79
210 79
212 79
214 79
215 79
217 79
219 79
221 79
223 79
225 79
227 79
230 79
232 79
235 79
237 79
240 79
243 79
245 79
248 79
250 79
253 79
255 79
258 79
260 79
262 79
265 79
267 79
269 79
271 79
274 79
276 78
278 78
280 78
282 78
283 78
284 78
286 78
287 78
288 78
289 78
291 78
292 77
294 77
295 77
297 77
298 77
300 77
302 77
303 77
305 77
307 76
308 76
310 76
311 76
313 76
314 76
316 76
317 76
318 75
320 75
321 75
322 75
323 75
324 75
325 75
326 75
327 75
327 76
327 77
326 77
326 78
326 79
326 80
326 81
326 82
326 83
325 84
325 85
325 86
325 87
325 88
324 89
324 90
324 91
324 92
324 93
324 95
324 96
324 98
324 99
323 101
323 103
323 105
323 107
323 108
323 110
322 112
322 114
322 115
322 117
321 119
321 121
321 123
321 126
320 128
320 130
320 132
320 134
320 137
320 139
320 141
319 143
319 145
319 148
319 150
319 152
319 154
319 156
320 159
320 161
320 163
320 165
320 167
320 169
320 171
320 173
320 175
320 177
320 179
320 181
320 182
320 184
320 186
320 187
320 189
320 191
320 193
320 195
320 196
320 198
320 199
320 201
320 202
320 203
320 204
320 205
320 206
320 207
320 208
320 209
320 210
320 211
320 212
319 212
318 212
317 212
316 212
315 212
314 212
313 212
311 212
310 212
308 211
307 211
305 211
303 211
301 211
299 211
296 210
294 210
292 210
289 210
287 210
285 210
282 209
279 209
277 209
274 209
272 209
269 208
266 208
263 208
260 208
257 208
254 208
252 208
249 207
246 207
243 207
241 207
238 207
235 207
233 207
230 207
227 207
224 207
222 207
219 207
216 207
214 207
211 207
208 207
206 207
203 207
201 208
198 208
196 208
193 208
191 208
189 208
186 208
184 208
181 208
179 209
177 209
175 209
173 209
171 209
169 209
167 210
165 210
163 210
161 210
159 210
158 210
156 211
155 211
154 211
153 211
152 211
151 211
150 211
149 212
148 212
147 212
147 211
146 210
146 209
146 208
146 207
146 206
145 205
145 204
145 203
145 202
145 200
145 199
145 198
145 196
145 195
144 193
144 192
144 190
144 189
144 187
144 186
144 185
144 184
144 182
144 181
143 180
143 179
143 178
143 176
143 175
143 174
143 173
143 171
143 170
143 169
143 168
143 167
143 166
143 165
143 164
143 163
143 162
143 161
143 160
143 159
143 158
143 157
144 156
144 155
145 154
146 153
147 152
147 151
148 151
148 150
149 149
150 148
150 147
151 146
152 145
153 144
153 143
154 142
155 142
156 141
158 140
159 139
160 138
161 137
162 136
163 135
165 134
166 133
167 132
168 131
170 130
171 129
172 127
173 126
174 125
175 123
176 122
177 121
178 119
180 118
181 117
182 116
183 115
185 113
186 112
187 111
189 110
190 109
191 107
192 106
193 104
194 103
195 102
196 100
197 99
198 98
199 97
199 96
200 95
201 94
201 93
202 92
203 92
203 91
204 90
205 89
206 88
207 87
208 86
208 85
209 85
210 86
210 85
211 85
212 84
