249
365 165
369 164
372 164
375 164
377 163
380 163
383 163
386 163
388 162
391 162
394 162
397 162
400 161
404 161
407 161
411 161
415 161
418 161
421 160
425 160
428 160
431 160
434 160
437 160
441 160
444 159
447 159
451 159
455 159
458 159
462 159
466 159
469 159
472 159
475 159
478 159
479 161
478 163
479 166
479 169
479 172
479 175
479 178
480 180
480 183
481 185
481 189
481 192
482 194
482 197
482 200
482 203
483 205
483 208
483 211
483 214
483 218
483 221
483 225
483 228
483 231
483 234
482 237
482 240
482 244
482 248
482 252
482 255
482 258
482 261
482 264
482 267
482 270
482 273
482 276
482 280
482 283
482 286
482 290
482 293
482 296
482 299
482 303
482 306
482 309
482 313
482 316
482 319
482 322
482 325
483 327
483 330
483 333
483 336
483 339
483 342
483 345
480 345
478 344
475 344
472 344
469 344
465 344
462 344
459 344
455 344
451 344
448 343
444 343
440 343
436 343
431 343
427 343
423 342
418 342
414 342
410 342
406 342
402 342
398 342
394 342
391 342
387 342
383 342
379 342
375 342
372 342
368 342
364 342
361 342
357 342
354 342
350 342
347 342
344 342
340 342
337 342
334 342
330 342
327 342
323 342
319 342
316 343
312 343
309 343
305 343
301 343
297 344
294 344
290 344
286 344
282 344
279 344
276 344
273 344
270 344
267 344
266 342
267 340
267 337
267 334
267 331
267 328
267 325
267 322
268 320
268 317
268 314
269 312
269 309
270 306
270 303
271 300
271 297
272 295
272 292
273 290
273 287
273 284
273 281
273 278
273 275
274 273
274 270
274 267
274 264
275 261
275 258
275 255
275 252
275 249
276 247
276 244
277 241
277 238
277 235
278 233
278 229
278 226
278 222
278 219
278 216
279 214
281 213
283 212
285 211
287 210
289 209
291 208
293 207
295 206
297 205
299 204
301 203
303 201
305 200
307 199
309 198
311 197
313 196
315 195
317 194
319 193
321 192
323 190
325 189
327 188
329 187
332 186
334 185
336 184
338 183
340 182
343 181
345 179
347 178
349 177
351 176
353 175
356 174
358 173
360 171
362 170
364 169
367 168
369 167
371 166
373 165
374 165
