425
439 89
445 88
446 88
447 88
448 88
449 87
451 87
452 87
454 87
455 87
457 87
459 87
461 87
463 87
465 87
467 87
469 87
470 87
472 87
474 87
476 87
478 87
480 87
482 87
484 87
487 87
489 87
491 87
493 87
495 87
497 87
499 87
501 87
503 87
505 87
507 87
510 87
512 87
514 87
516 87
519 87
521 87
523 87
525 87
527 87
529 87
531 87
533 86
535 86
537 86
539 86
541 86
543 86
545 86
546 86
548 86
550 86
551 86
553 86
554 86
555 86
556 86
557 86
558 86
559 86
560 86
561 86
562 86
562 87
562 88
562 89
562 90
562 91
563 92
563 93
563 94
563 95
563 96
564 97
564 98
564 99
564 100
565 102
565 103
565 104
565 105
565 107
565 108
566 109
566 111
566 112
566 113
566 115
566 117
567 118
567 120
567 121
567 123
567 124
567 126
567 128
567 129
567 131
567 132
567 134
567 135
567 137
567 138
567 140
566 141
566 143
566 145
566 146
566 148
566 149
566 151
566 152
566 154
566 156
566 157
566 159
566 160
565 162
565 164
565 165
565 167
565 169
565 170
565 172
565 174
565 175
565 177
565 179
565 180
565 182
565 184
565 185
565 187
565 188
565 190
565 191
565 193
565 195
565 197
565 198
565 200
565 202
565 204
565 205
565 207
565 208
565 210
565 211
565 213
565 214
565 215
565 216
565 217
565 218
565 219
565 220
565 221
565 222
565 223
564 223
563 223
562 223
561 223
560 223
559 224
558 224
557 224
556 224
555 224
554 224
552 224
551 224
550 224
549 224
547 224
546 223
544 223
543 223
541 223
539 223
538 223
536 223
534 223
532 223
531 223
529 223
527 223
526 223
524 223
522 223
521 223
519 223
517 222
515 222
513 222
511 222
509 222
507 222
505 222
503 222
501 222
499 222
497 222
495 223
493 223
491 223
488 223
486 223
484 223
482 223
479 223
477 223
475 224
473 224
471 224
468 224
466 224
464 224
462 225
459 225
457 225
454 225
452 225
450 225
448 225
445 225
443 226
441 226
439 226
437 226
434 226
432 226
430 226
428 227
426 227
424 227
421 227
419 227
417 227
415 227
413 228
410 228
408 228
406 228
403 228
401 228
398 229
396 229
394 229
391 229
389 229
386 230
383 230
381 230
378 230
375 231
373 231
370 231
368 231
366 231
364 231
361 231
359 231
357 231
355 231
353 231
351 231
349 231
347 232
345 232
344 232
342 232
341 232
340 232
339 232
338 231
337 231
336 231
335 231
334 231
334 230
334 229
334 228
334 227
334 226
334 225
334 224
334 223
334 222
335 220
335 219
335 218
335 217
334 216
334 215
334 214
334 212
334 211
334 210
334 209
334 207
334 206
334 205
334 204
334 202
334 201
334 200
334 198
334 197
334 196
334 195
334 193
334 192
334 191
335 190
335 189
335 188
335 186
335 185
335 184
335 183
335 182
335 181
336 179
336 178
336 177
336 176
336 175
336 173
336 172
337 171
337 170
337 169
337 168
337 167
337 166
337 166
337 165
338 164
338 163
338 162
338 162
338 161
338 160
338 159
338 158
338 157
338 156
339 156
339 155
340 155
341 154
342 153
343 152
344 152
345 151
346 151
347 150
348 149
349 149
350 148
351 147
353 146
354 145
356 145
357 144
359 143
360 142
362 141
363 141
365 140
366 139
368 138
369 137
371 137
373 136
374 135
376 134
378 133
380 132
381 131
383 130
385 129
387 129
389 128
391 127
393 126
394 125
396 124
398 123
400 122
402 121
404 119
406 118
407 117
409 116
411 115
413 114
414 113
416 112
418 111
420 110
421 109
423 108
425 107
426 106
428 105
429 104
431 103
432 102
434 101
435 101
437 100
438 99
439 99
440 98
441 98
442 97
441 97
441 97
