370
203 75
207 75
208 75
209 75
210 75
211 75
212 75
213 75
214 75
215 75
217 75
218 75
219 75
221 75
222 75
224 75
226 75
228 75
230 75
232 75
234 75
236 75
239 75
241 75
243 75
245 75
247 75
250 75
252 75
255 75
257 75
260 75
262 75
265 74
267 74
270 74
272 74
275 74
277 74
280 74
283 74
285 74
288 74
290 74
293 74
296 74
298 74
301 74
304 74
307 74
309 74
312 74
315 74
318 74
320 74
323 74
326 74
328 74
330 74
332 74
334 74
336 74
337 74
339 74
340 74
341 74
342 74
343 74
344 74
345 74
345 75
345 76
345 77
345 78
345 79
345 80
345 81
345 82
345 83
345 84
345 85
345 86
345 87
345 88
346 89
346 91
346 92
346 93
346 95
346 96
346 98
346 100
346 102
346 104
346 106
346 108
346 110
346 112
347 114
347 116
347 118
346 120
346 123
346 125
346 128
347 130
347 132
347 134
347 137
347 139
348 141
348 143
348 146
348 148
348 151
348 153
349 155
349 157
349 159
349 162
349 164
349 166
349 168
349 170
349 173
349 175
349 177
349 179
349 180
349 182
349 184
349 185
349 186
349 188
349 189
349 191
349 192
349 193
350 194
350 195
350 196
350 197
350 198
350 199
350 200
349 200
348 200
347 200
346 201
345 201
344 201
343 201
342 201
340 201
339 201
338 202
336 202
335 202
333 202
331 202
330 202
328 202
326 203
324 203
322 203
320 203
318 203
315 203
313 203
311 204
308 204
306 204
303 204
300 204
297 204
295 204
292 204
289 205
286 205
283 205
279 205
276 205
273 205
270 205
267 206
263 206
260 206
257 207
254 207
251 207
247 207
244 208
241 208
238 208
235 208
231 209
228 209
225 209
222 209
219 209
216 210
213 210
210 210
207 210
204 210
201 210
198 210
196 211
193 211
190 211
188 211
185 211
183 211
181 211
179 211
177 212
176 212
174 212
173 212
172 212
171 212
170 212
169 212
168 212
167 212
167 213
166 213
166 212
165 212
166 212
165 212
165 213
165 212
165 213
165 212
166 212
165 212
165 211
165 210
164 210
164 209
164 208
163 208
163 207
163 206
162 205
162 204
162 203
162 202
161 201
161 200
161 199
161 198
161 197
160 195
160 194
160 193
160 191
160 190
160 188
160 187
159 186
159 184
159 183
159 182
159 180
159 179
158 178
158 176
158 174
158 173
158 171
158 169
158 168
158 166
157 165
157 163
157 162
157 160
157 159
157 158
157 156
157 155
156 153
156 151
156 150
156 148
156 147
156 145
156 144
155 143
155 141
155 140
155 139
155 138
155 137
155 136
155 135
155 134
155 133
155 132
155 131
155 130
154 130
154 131
154 130
155 130
154 130
155 130
154 130
155 130
155 129
156 128
156 127
157 127
157 126
158 125
158 124
159 124
160 123
160 122
161 121
162 120
162 119
163 118
164 117
165 117
166 116
167 115
168 114
169 113
170 112
171 111
172 110
173 109
174 107
175 106
176 105
177 104
178 102
179 101
180 100
181 99
182 98
183 97
184 96
186 95
187 94
188 93
189 92
190 91
191 91
192 90
193 89
194 89
194 88
195 88
196 87
196 86
197 85
197 84
198 84
198 83
199 83
200 83
200 82
200 83
200 82
199 83
200 83
