226
357 157
361 156
364 156
367 156
370 156
372 155
376 155
379 155
383 155
387 155
390 155
394 155
397 155
401 154
405 154
409 154
412 154
416 154
419 154
421 153
424 153
428 153
431 153
435 153
440 153
444 153
448 153
452 153
456 153
460 153
464 153
467 153
470 153
473 153
474 155
473 158
473 161
473 164
473 167
472 169
472 172
472 176
471 178
471 181
471 184
470 186
470 189
470 192
470 195
469 197
469 200
469 203
468 205
468 208
467 211
467 214
466 216
466 219
465 221
465 224
464 228
464 231
463 233
463 236
462 239
462 242
461 245
461 248
460 251
460 254
459 256
459 259
458 262
458 265
457 267
457 270
456 273
456 276
455 279
455 282
454 284
454 287
453 289
453 292
452 294
452 297
451 300
451 303
450 305
450 308
449 312
449 315
448 318
448 321
448 324
447 327
447 330
446 332
446 335
444 334
442 333
439 333
436 332
433 332
430 332
428 331
425 331
422 331
418 330
415 330
411 330
407 329
403 329
399 329
395 329
393 328
390 328
386 328
382 328
378 328
374 327
371 327
367 327
364 327
360 327
357 327
353 327
350 327
346 327
342 326
339 326
335 326
331 326
328 326
324 326
320 326
316 326
312 326
310 325
306 325
303 325
299 325
296 324
293 324
290 324
287 324
284 324
283 322
284 320
285 318
285 315
286 313
286 310
287 308
287 305
288 302
288 299
289 296
289 293
289 290
290 288
290 285
291 282
291 279
292 276
292 273
293 271
293 268
294 265
294 262
294 259
295 256
295 253
295 250
295 247
296 245
296 242
297 240
297 237
297 234
298 232
298 228
299 226
299 223
300 221
300 218
301 215
301 212
302 210
303 208
305 207
307 206
309 204
311 203
313 202
315 201
317 199
319 198
321 197
323 196
325 195
327 194
329 192
331 191
333 190
335 188
337 187
339 185
342 184
345 182
347 180
349 178
352 177
354 175
356 173
359 172
361 170
363 169
365 167
367 166
369 165
371 164
373 162
375 161
377 160
379 159
