257
298 150
308 149
309 149
311 149
313 149
315 148
317 148
320 148
322 148
325 147
328 147
331 147
334 146
337 146
340 146
344 145
347 145
351 145
354 144
358 144
362 144
365 143
369 143
373 142
376 142
379 141
383 141
386 140
389 140
392 140
395 139
398 139
401 139
404 139
406 138
409 138
411 138
413 138
415 137
417 137
419 137
420 137
421 137
422 137
423 137
424 136
425 136
425 137
426 137
427 137
427 138
427 139
428 139
428 140
428 141
428 142
428 143
429 144
429 145
429 147
429 148
430 149
430 151
430 152
431 154
431 156
431 157
431 159
431 161
431 164
432 166
432 168
432 171
432 173
432 175
432 178
433 180
433 182
433 185
433 187
433 190
433 192
433 195
433 197
433 200
433 202
433 205
433 207
433 209
433 212
433 214
433 217
433 219
433 222
432 224
432 226
432 228
432 230
432 232
431 234
431 235
431 237
430 238
430 240
430 241
430 242
430 243
429 244
429 245
429 246
428 247
428 248
427 249
426 250
425 250
424 250
423 250
422 251
421 251
419 251
418 251
416 251
414 251
411 251
409 251
406 252
403 252
400 252
397 252
394 252
391 252
388 252
384 252
381 252
378 252
374 252
371 253
368 253
365 253
361 253
358 253
355 253
352 253
348 254
345 254
342 254
339 254
336 254
333 254
330 255
327 255
324 255
321 255
318 256
315 256
312 256
309 256
306 257
303 257
299 257
297 257
294 257
291 258
288 258
285 258
283 258
281 259
279 259
276 259
275 259
273 259
271 259
270 259
268 259
267 259
266 259
265 259
265 258
264 258
264 257
263 256
263 255
262 254
262 252
262 251
261 249
261 248
261 246
260 244
260 242
259 240
259 238
258 236
258 233
258 231
257 229
257 227
256 225
256 222
255 220
255 218
254 216
254 214
254 212
253 210
253 209
253 207
253 205
252 204
252 203
252 201
251 200
251 199
251 198
251 197
251 196
251 195
251 194
250 194
251 193
251 192
251 191
252 190
253 189
254 188
255 188
255 187
256 186
257 185
259 184
260 183
261 182
263 181
265 179
267 178
269 176
271 174
274 173
276 171
279 169
282 167
284 165
287 163
289 162
291 160
294 158
296 157
298 156
299 154
301 153
302 152
303 152
304 151
305 150
306 150
306 149
307 149
