388
271 61
274 62
275 62
276 62
277 62
278 62
279 62
280 62
281 62
283 62
284 62
285 62
286 62
288 62
289 62
290 62
292 62
293 62
295 62
297 62
299 62
301 62
302 62
304 62
306 62
307 62
309 63
310 63
311 63
313 63
314 63
315 63
317 62
318 62
320 62
321 62
323 62
324 62
326 62
327 62
328 62
329 62
330 62
331 62
332 62
333 62
334 62
335 62
337 62
338 62
339 62
341 62
342 62
343 62
345 62
346 62
348 62
349 62
350 62
352 62
353 62
354 62
355 62
356 62
357 62
358 62
359 63
360 63
361 63
362 63
363 63
364 63
365 63
365 64
365 65
365 66
365 67
365 68
365 69
366 70
366 71
366 72
366 74
366 75
366 76
366 77
366 78
366 80
366 81
366 82
366 84
366 85
366 86
366 88
366 89
366 90
366 91
366 93
366 94
366 96
366 97
366 99
366 101
366 103
365 104
365 106
365 108
365 110
364 112
364 114
364 115
364 117
364 119
363 121
363 123
363 125
363 128
363 130
362 132
362 134
362 136
362 138
361 140
361 142
361 144
361 146
360 149
360 151
360 153
360 155
360 157
359 160
359 162
359 164
359 166
359 168
359 170
358 172
358 175
358 176
358 179
358 180
357 182
357 184
357 185
357 187
357 189
357 190
356 192
356 193
356 195
356 196
356 198
356 199
356 200
355 201
355 202
355 203
355 204
354 204
353 204
352 204
351 204
350 204
349 204
348 204
347 204
346 204
344 205
343 205
341 205
340 205
339 205
337 205
336 205
334 205
332 205
331 205
329 205
327 205
325 205
323 205
321 205
319 205
317 205
315 205
313 205
311 205
309 205
307 205
305 205
303 205
301 205
299 205
297 205
295 205
293 205
291 205
288 205
286 205
284 205
282 205
279 205
277 205
274 205
271 205
269 205
267 205
265 205
262 205
260 205
258 206
255 206
253 206
250 206
248 205
246 205
244 205
241 205
239 205
237 205
234 205
232 205
229 205
227 205
225 205
222 205
220 205
217 205
215 205
212 205
210 205
208 205
205 205
203 205
201 205
199 205
197 205
195 205
193 205
192 205
190 205
189 204
187 204
186 204
184 204
183 204
182 204
181 204
180 204
179 204
178 204
177 204
176 204
175 204
175 203
174 202
174 201
174 200
174 199
174 198
174 197
174 196
174 195
173 193
173 192
173 191
173 190
173 188
173 187
173 186
172 185
172 183
172 182
172 181
172 180
172 178
172 177
172 176
172 174
172 172
172 171
172 169
172 168
172 166
172 165
173 163
173 162
173 161
173 160
173 158
173 157
173 156
173 155
173 154
173 152
173 151
173 150
174 148
174 147
174 146
174 145
174 144
174 143
174 142
174 141
174 140
174 139
174 138
174 137
174 136
175 136
175 135
176 135
177 134
178 134
179 133
180 132
181 131
182 130
183 130
184 129
185 128
186 127
188 126
189 125
191 124
192 123
193 122
194 121
196 120
197 119
198 118
200 117
201 116
203 116
204 115
206 114
208 113
210 112
211 110
213 109
215 108
217 107
218 106
220 104
222 103
224 102
225 100
227 99
229 98
231 97
233 96
234 95
236 94
238 93
239 92
241 91
242 90
243 90
245 89
246 88
247 88
249 87
250 86
251 85
253 84
254 83
255 82
257 81
258 80
259 79
260 78
262 78
262 77
264 76
264 75
265 75
266 74
267 74
267 73
268 73
269 72
270 71
271 71
271 70
272 70
272 69
