329
448 107
454 106
455 106
456 106
457 106
459 106
460 106
462 106
463 106
465 106
467 106
469 106
471 106
473 106
476 106
478 106
480 106
483 106
486 106
488 106
491 106
494 106
496 106
499 107
502 107
504 107
507 107
510 107
513 107
516 107
518 107
521 107
524 107
527 107
530 107
533 107
535 107
538 107
541 107
544 107
547 107
549 107
552 107
555 107
557 107
559 107
562 107
564 107
566 107
568 107
570 108
572 108
573 108
575 108
576 108
577 108
578 108
579 108
580 108
580 109
580 110
580 111
580 112
580 113
580 114
579 115
579 117
579 118
579 119
579 121
579 122
579 124
579 125
579 127
579 128
578 130
578 131
578 133
578 134
578 136
578 137
578 139
578 141
578 142
578 144
577 146
577 148
577 149
577 151
577 153
577 155
577 156
577 158
576 160
576 162
576 164
576 166
576 167
576 170
576 172
575 174
575 176
575 178
575 180
575 182
575 184
575 186
575 188
574 190
574 192
574 194
574 196
574 197
574 199
574 201
574 202
573 204
573 205
573 206
573 207
573 208
573 209
573 210
573 211
573 212
573 213
573 214
573 215
572 215
571 215
571 216
570 216
569 216
568 216
566 216
565 216
564 216
563 216
561 217
560 217
558 217
557 217
555 217
553 217
552 217
550 217
548 217
546 217
544 217
542 217
539 217
537 217
534 217
532 217
529 217
527 217
524 217
522 217
519 217
516 217
514 217
511 217
508 216
505 216
502 216
500 216
497 216
494 216
491 216
488 216
485 216
483 216
480 216
477 216
474 216
471 216
468 216
466 216
463 216
460 216
457 216
454 216
451 217
448 217
445 217
442 217
439 217
436 217
433 217
430 217
427 217
424 217
421 217
419 218
416 218
413 218
410 218
407 218
404 218
402 218
399 218
396 218
394 218
391 219
389 219
387 219
385 219
383 219
381 219
379 219
378 219
377 219
376 219
375 219
374 219
373 219
373 218
373 217
372 217
372 216
372 215
372 214
372 213
372 212
373 211
373 210
373 209
373 208
373 207
373 205
373 204
373 203
373 202
373 201
374 199
374 198
374 197
374 196
374 194
374 193
374 192
374 191
374 189
375 188
375 187
375 186
375 184
375 183
375 182
375 181
375 179
375 178
376 177
376 176
376 174
376 173
377 171
377 170
377 169
377 167
377 166
378 165
378 164
378 163
378 162
378 161
379 160
379 159
379 158
379 157
380 157
380 157
380 157
380 156
381 155
382 154
383 153
384 152
385 152
386 151
387 150
388 149
389 148
390 147
391 146
392 146
394 145
395 144
397 142
398 141
400 141
401 140
402 139
404 138
406 137
407 136
409 135
410 134
412 133
413 132
415 131
417 130
418 129
420 128
421 127
423 126
424 125
426 124
427 123
428 122
430 121
431 120
433 119
434 118
436 117
437 116
438 115
440 114
441 113
442 112
443 111
444 110
445 109
446 109
447 108
448 107
449 106
450 105
450 105
