332
445 109
451 108
452 108
453 108
454 108
456 108
457 108
459 108
460 108
462 107
464 107
466 107
468 107
470 107
472 107
474 107
476 107
479 107
481 107
483 107
486 107
488 107
491 107
493 107
496 107
498 107
501 107
503 107
506 107
509 107
511 107
514 107
516 107
519 107
522 107
524 107
527 107
530 107
532 107
535 107
538 107
540 107
543 107
545 108
548 108
550 108
552 108
554 108
556 108
558 108
560 108
562 108
564 109
565 109
566 109
567 109
568 109
569 109
570 109
570 110
570 111
570 112
570 113
570 114
570 115
570 117
570 118
570 119
570 120
570 122
569 123
569 124
569 126
569 127
569 128
569 130
569 131
569 133
569 134
569 136
569 137
569 139
569 140
569 142
569 144
569 146
568 148
568 150
568 151
568 153
568 155
567 157
567 159
567 161
567 162
567 164
566 166
566 168
566 170
566 172
566 174
566 176
566 178
566 180
566 182
566 184
566 186
566 188
566 189
566 189
566 191
566 193
566 195
566 197
566 199
566 201
566 203
565 205
565 207
565 209
565 210
565 212
565 213
565 214
565 215
565 216
565 217
566 218
566 219
566 220
565 220
564 220
563 220
562 220
561 221
560 221
559 221
558 221
557 221
556 221
554 221
553 222
551 222
550 222
548 222
546 222
545 222
543 222
541 222
539 222
537 223
535 223
533 223
531 223
529 223
527 223
524 223
522 223
520 223
517 223
515 223
512 223
510 223
507 223
505 223
502 223
500 223
497 223
495 223
492 223
489 224
487 224
484 224
481 224
478 224
476 224
473 224
470 224
467 224
465 224
462 224
459 224
456 224
454 224
451 224
448 225
445 225
443 224
440 224
437 224
434 225
431 225
428 225
425 225
422 225
420 225
417 225
414 225
411 225
408 225
405 225
402 226
399 226
397 226
394 226
391 226
389 226
387 227
384 227
382 227
380 227
378 227
377 227
375 227
374 227
373 227
372 227
371 226
372 225
372 224
372 223
372 222
372 221
372 220
372 219
372 218
372 217
372 216
373 215
373 214
373 213
373 211
373 210
373 209
374 208
374 206
374 205
374 204
374 202
374 201
374 199
374 198
374 196
375 195
375 194
375 192
375 191
375 189
375 188
375 187
375 185
375 184
375 183
376 181
376 180
376 179
376 177
376 176
376 175
376 174
376 172
376 171
376 170
377 169
377 168
377 167
377 166
377 165
377 164
377 163
377 162
377 161
377 160
377 159
377 158
378 158
378 157
379 157
380 156
381 155
382 155
383 154
384 153
386 152
387 152
389 151
390 149
392 148
394 147
396 146
397 145
399 144
401 143
403 142
404 141
406 140
408 139
409 138
411 137
412 136
414 135
415 134
417 134
418 133
420 132
421 131
423 130
424 129
426 128
427 127
429 126
431 125
433 124
435 123
436 122
438 121
440 120
442 119
443 118
445 117
446 116
448 116
449 115
450 114
451 114
452 113
453 113
453 112
454 112
454 113
453 113
453 113
