231
331 160
335 159
337 159
339 159
341 159
343 158
346 158
349 158
352 158
355 158
358 158
361 157
364 157
367 157
370 157
373 157
376 157
379 157
382 157
385 157
388 157
391 156
394 156
396 156
399 156
401 156
403 156
405 156
407 156
409 155
411 155
412 155
413 155
415 155
416 155
417 155
418 155
419 155
420 155
421 156
421 157
421 158
421 159
422 159
422 160
422 161
422 162
423 164
423 165
423 167
423 168
423 170
424 172
424 174
424 176
424 178
424 181
424 183
424 185
424 187
424 190
424 192
425 194
425 196
425 199
425 201
426 203
426 205
426 208
426 210
426 212
426 214
426 216
427 217
427 219
427 221
427 222
427 224
427 225
427 226
427 228
427 229
427 230
427 231
427 232
426 234
426 235
426 236
426 237
426 238
426 239
426 240
426 241
425 241
425 242
425 243
424 244
423 244
423 245
422 245
421 245
420 245
419 245
417 245
416 245
414 245
412 245
410 245
408 245
406 245
404 245
401 245
399 245
396 245
394 245
391 245
388 245
385 245
382 246
379 246
377 246
374 246
371 247
368 247
365 247
362 247
360 247
357 247
354 247
351 247
348 247
345 247
342 247
339 247
336 247
333 247
330 248
327 248
324 248
321 248
318 248
315 248
313 249
310 249
307 249
305 249
302 249
300 249
298 249
295 250
293 250
291 250
290 250
288 251
287 251
286 251
285 251
284 251
283 251
282 250
282 249
281 249
281 248
281 247
281 246
280 245
280 243
280 241
280 240
279 238
279 236
278 234
278 231
277 229
277 227
276 224
276 222
275 219
275 217
275 215
274 213
274 211
274 209
273 207
273 206
273 204
273 203
273 202
273 201
273 200
273 199
273 198
273 197
273 196
274 196
274 195
275 194
276 193
277 193
278 192
279 191
280 191
281 190
283 189
284 188
286 187
288 186
291 185
293 183
296 182
299 181
302 180
305 178
308 177
311 175
314 174
317 172
320 171
323 169
326 168
329 167
331 165
333 164
335 163
337 162
338 161
339 161
340 160
341 159
342 159
343 158
