221
335 152
340 153
342 153
344 153
347 153
350 153
353 152
356 152
360 152
363 152
367 152
370 152
374 152
378 152
381 151
385 151
388 151
392 151
395 151
398 151
401 151
404 150
407 150
409 150
412 150
414 150
416 150
418 150
420 150
421 150
423 150
424 150
425 150
426 150
427 151
427 152
427 153
428 153
428 154
428 155
428 157
428 158
429 160
429 162
429 164
429 166
429 168
430 170
430 172
430 174
430 177
430 179
430 181
430 184
430 186
430 189
429 191
429 193
429 196
429 198
428 200
428 202
428 204
427 206
427 209
427 211
427 213
427 215
426 217
426 219
426 221
426 222
426 224
426 226
426 228
426 229
426 231
425 232
425 233
425 234
425 235
425 236
425 237
425 238
425 239
425 240
424 240
424 241
423 241
422 241
421 242
420 242
419 242
417 242
416 242
414 242
412 242
410 242
408 242
406 242
404 242
401 242
399 242
396 242
394 242
391 242
389 242
386 242
384 242
381 242
379 242
376 242
373 242
371 242
368 242
366 242
363 242
360 242
358 242
355 242
352 242
349 242
347 242
344 242
341 242
339 242
336 242
333 242
330 242
327 242
324 242
321 242
318 242
315 243
312 243
309 243
307 243
304 243
302 244
299 244
297 244
295 244
293 244
292 244
290 244
289 244
288 244
286 244
285 244
284 244
283 244
282 243
282 242
281 241
281 240
280 239
280 238
280 236
279 235
279 233
279 231
278 229
278 227
278 225
278 223
277 220
277 218
277 216
276 214
276 212
276 210
276 208
275 206
275 205
275 203
275 201
275 200
274 199
274 198
274 196
274 195
274 194
274 193
274 192
274 191
275 191
276 191
276 190
277 190
278 189
279 188
281 188
282 187
283 186
285 185
287 184
289 183
291 181
294 180
296 179
299 177
301 176
304 174
307 173
310 171
313 170
315 168
318 167
321 165
323 164
325 163
327 162
329 161
331 160
332 159
333 158
334 158
335 157
336 157
336 156
337 156
