349
223 81
228 81
229 81
231 81
233 81
235 82
237 82
239 82
241 82
244 82
246 82
249 82
251 82
254 82
257 82
259 82
262 82
265 82
267 82
270 82
273 82
275 82
278 82
281 82
283 82
286 82
288 82
291 82
293 82
295 82
297 82
300 82
302 82
304 82
306 82
309 82
311 82
313 82
315 82
317 81
319 81
321 81
324 81
325 81
327 81
329 81
330 81
332 81
333 81
334 81
335 81
336 81
337 81
338 81
339 81
340 82
340 83
340 84
340 85
340 86
340 87
340 88
340 89
339 90
339 91
339 92
339 93
339 94
339 95
338 97
338 98
338 99
338 101
338 102
338 104
338 105
338 107
338 108
338 110
338 111
338 113
338 114
338 116
338 117
338 119
338 120
338 122
338 124
338 126
338 128
338 129
338 131
338 133
338 134
338 136
338 138
338 139
338 141
338 142
338 144
338 146
338 148
337 150
337 152
337 154
337 156
337 158
337 159
337 161
337 163
337 165
336 167
336 169
336 171
336 173
336 175
336 176
336 178
335 180
335 181
335 183
335 184
335 186
335 187
335 189
335 190
335 192
336 193
336 194
336 196
336 197
336 198
336 199
336 200
336 201
336 202
335 202
335 203
334 203
333 202
332 202
331 202
330 202
329 201
328 201
327 201
325 201
324 200
322 200
320 200
318 199
317 199
315 199
313 198
311 198
309 198
307 197
305 197
303 197
301 197
299 196
297 196
295 196
292 195
290 195
288 195
286 195
283 194
281 194
279 194
276 194
274 193
271 193
269 193
267 193
264 193
262 192
260 192
257 192
255 192
252 192
249 192
247 192
244 191
242 191
239 191
236 191
234 191
231 191
228 191
225 191
223 191
220 191
216 191
213 191
210 191
207 191
204 191
201 191
198 191
195 191
192 191
189 191
186 191
183 191
180 191
177 191
175 191
172 191
170 191
167 191
165 191
163 191
161 191
159 192
157 192
156 192
154 192
153 192
152 192
151 192
150 192
149 192
148 192
147 192
146 192
146 191
145 191
145 190
144 190
144 189
144 188
143 188
143 187
142 186
142 185
142 184
141 184
141 183
140 182
140 181
140 180
139 179
139 178
138 177
138 176
138 174
137 173
137 172
136 170
136 169
136 167
135 166
135 165
135 164
135 163
134 161
134 160
134 159
134 158
133 157
133 156
133 155
133 154
133 153
132 152
132 151
132 150
132 149
132 148
131 147
131 146
131 145
131 144
130 145
131 144
132 143
132 142
133 142
133 141
134 141
134 140
135 140
136 139
137 138
138 137
139 137
140 136
141 135
142 134
143 134
144 133
145 132
146 131
147 130
148 129
149 128
150 127
152 126
153 125
154 124
155 122
156 121
157 120
159 119
160 118
162 117
163 116
165 115
166 114
168 113
169 112
171 111
173 110
174 108
175 107
177 106
178 105
180 103
181 102
183 101
185 100
186 98
188 97
190 96
191 95
192 94
194 93
195 92
196 91
198 90
199 90
200 89
201 88
202 87
203 87
204 86
205 85
207 84
208 84
209 83
210 82
211 82
211 81
212 81
213 80
214 79
214 78
213 78
