301
219 75
223 74
224 74
226 74
228 74
229 74
231 74
234 74
235 74
238 74
240 75
243 75
245 75
248 75
251 75
254 75
257 75
260 75
263 75
266 75
269 75
272 75
275 75
278 74
282 74
285 74
288 74
292 74
295 74
298 74
301 74
304 74
307 74
310 74
313 74
316 74
318 74
321 74
323 74
325 74
327 74
329 74
330 74
331 74
331 73
332 73
332 74
332 75
332 76
332 77
332 78
332 79
332 80
332 82
332 83
332 84
331 85
331 87
331 88
331 89
331 91
331 92
331 93
331 95
330 97
330 99
330 101
330 103
330 105
329 107
329 109
329 111
329 114
328 116
328 118
328 120
327 123
327 126
327 128
326 131
326 133
325 136
325 138
324 141
324 143
324 146
323 149
323 151
322 154
322 156
322 159
321 162
321 164
321 167
321 169
320 172
320 174
320 177
320 179
319 181
319 183
319 186
319 188
319 190
319 192
319 194
318 196
318 198
318 200
318 201
318 203
318 204
318 205
318 206
318 207
318 208
318 209
318 210
318 211
318 212
317 212
316 211
315 211
314 211
313 211
312 211
310 211
309 211
308 210
306 210
304 210
302 210
300 210
298 210
296 210
293 210
291 210
289 209
286 209
283 209
281 209
278 209
275 209
272 209
269 209
266 209
263 209
260 208
257 208
254 208
251 208
247 208
244 208
241 208
237 208
234 208
231 208
227 207
224 207
220 207
217 207
214 207
210 207
207 207
204 207
200 207
197 207
193 207
190 207
187 207
183 207
180 207
177 207
173 207
170 207
167 207
164 207
161 207
159 208
156 208
154 208
152 208
150 208
148 208
146 208
144 208
143 208
141 208
140 208
139 208
138 208
137 208
137 207
137 206
137 205
136 205
136 204
136 203
136 202
135 201
135 199
135 198
135 197
134 195
134 193
134 192
134 190
134 188
133 187
133 185
133 183
133 181
133 180
132 178
132 176
132 175
132 173
132 171
132 169
131 167
131 166
131 164
131 163
131 161
130 160
130 159
130 158
130 157
130 156
129 155
129 154
129 153
129 152
130 152
130 151
131 150
132 149
133 148
133 147
134 146
135 145
135 144
137 143
138 142
139 141
140 140
142 139
143 138
145 137
147 136
148 135
150 133
151 132
153 131
154 129
156 127
158 126
160 124
162 122
164 121
166 119
168 117
170 116
172 115
174 113
175 112
177 110
179 109
180 107
182 105
184 104
186 102
188 100
189 99
191 97
193 96
194 94
196 93
197 92
198 91
199 90
201 89
202 88
203 87
204 86
205 85
206 84
207 83
208 82
209 82
210 81
211 80
212 80
212 79
213 78
213 77
214 77
213 77
212 77
212 76
213 76
