320
249 93
253 94
254 94
256 94
258 94
259 94
261 94
263 94
265 94
268 94
270 94
273 94
275 95
278 95
281 95
284 95
287 95
291 95
294 95
297 95
300 95
303 95
306 95
309 95
311 95
314 95
316 95
319 95
321 95
323 95
325 95
328 95
330 95
331 95
333 95
334 95
336 95
337 95
338 95
339 95
340 95
341 95
341 96
341 97
341 98
341 99
341 100
342 101
342 102
342 103
342 104
342 105
342 106
342 107
342 108
342 110
342 111
342 112
342 113
342 114
342 115
342 116
342 118
342 119
341 121
341 122
341 124
341 126
342 128
341 129
341 131
341 133
341 135
341 137
341 139
341 140
341 142
341 145
341 147
341 149
341 151
341 154
341 156
341 158
341 161
341 163
341 165
341 167
341 170
341 172
342 175
342 177
342 179
342 181
342 183
342 186
342 188
342 190
342 192
342 194
342 196
342 198
342 200
342 202
342 204
342 205
342 207
342 208
342 210
342 211
342 213
342 214
342 215
342 217
342 218
342 219
342 220
342 221
342 222
342 223
342 224
341 224
340 224
339 223
338 223
337 223
336 223
334 223
333 223
332 223
330 223
328 223
326 223
324 223
322 223
320 223
317 223
315 222
312 222
310 222
308 222
305 222
302 222
300 222
297 221
294 221
291 221
288 221
284 221
281 221
278 221
275 221
272 221
269 221
265 221
262 221
259 221
256 221
253 221
249 221
246 221
243 221
239 221
236 221
232 221
229 221
225 221
222 222
218 222
214 222
211 222
208 222
204 222
201 223
197 223
194 223
191 223
187 223
184 224
181 224
179 224
176 224
174 224
171 224
169 224
167 224
165 224
163 224
162 224
160 224
159 224
158 224
157 224
156 224
155 224
155 223
154 223
154 222
153 222
153 221
153 220
152 219
152 218
152 217
152 216
152 215
152 214
152 213
152 212
152 211
152 209
152 208
152 207
152 206
152 205
151 204
151 203
151 202
151 201
151 200
151 199
151 198
151 197
150 196
150 195
150 194
150 193
150 192
149 191
149 190
149 189
149 188
148 188
148 187
149 187
149 186
149 185
150 184
150 183
151 183
151 182
152 181
153 180
154 179
155 178
156 177
157 176
158 175
159 173
161 172
162 171
163 169
165 168
166 167
168 165
169 164
171 163
172 162
173 160
175 159
176 158
178 157
179 155
181 154
183 152
185 151
187 149
189 148
190 146
192 145
194 143
195 142
197 141
199 139
200 138
201 137
203 136
205 135
206 134
208 133
209 132
210 131
212 130
213 129
215 128
216 127
217 125
218 124
219 123
221 122
222 121
223 120
224 119
225 118
227 117
228 116
229 115
231 115
232 114
233 113
234 112
236 112
237 111
238 110
239 109
240 108
241 108
242 107
243 106
244 105
245 104
246 103
247 102
248 101
249 101
249 100
250 100
249 100
249 101
249 102
