256
367 160
371 159
373 158
376 158
379 158
381 157
384 157
388 157
392 157
395 157
399 157
403 157
406 157
410 157
412 156
415 156
419 156
424 156
428 156
431 156
435 156
439 156
443 156
447 156
451 156
455 156
458 156
462 156
465 156
468 156
472 156
475 155
478 155
481 155
485 155
488 155
491 155
494 155
497 155
500 155
503 155
502 157
502 160
502 163
502 166
502 169
502 172
502 175
503 179
503 183
503 186
503 190
503 193
503 197
503 200
503 204
503 207
503 210
503 213
503 216
503 219
503 222
503 225
503 228
502 230
502 233
502 237
502 240
501 243
501 246
501 249
501 252
500 255
500 259
500 262
500 265
500 268
500 271
500 274
500 277
500 281
500 285
500 288
500 291
500 294
500 297
500 300
500 303
500 306
500 309
500 312
500 315
500 319
501 322
501 326
501 330
501 333
501 336
502 339
502 342
503 346
503 349
503 352
504 354
501 354
498 354
495 354
492 355
488 355
484 354
481 354
477 354
473 354
469 354
465 354
461 354
459 353
454 353
451 353
447 353
443 353
439 353
436 353
432 353
429 353
425 352
422 352
419 352
415 352
412 352
409 352
405 352
402 352
398 352
395 352
391 352
388 352
384 352
380 351
376 351
372 351
369 351
365 351
361 351
358 351
354 351
351 350
348 350
345 350
342 350
339 350
336 350
333 351
330 351
327 351
324 351
321 351
318 351
315 351
312 351
309 351
305 351
302 351
298 351
295 351
291 351
288 351
285 351
282 351
279 351
276 351
275 349
276 347
276 344
277 342
277 339
278 336
278 333
278 330
278 327
279 325
279 322
279 319
279 316
279 313
279 310
279 307
279 304
279 301
279 298
279 295
279 292
279 289
279 286
279 283
279 280
279 277
279 274
279 271
279 267
279 264
278 262
278 258
278 255
278 252
278 249
278 246
278 242
278 239
278 235
278 232
278 229
279 227
280 225
282 224
284 223
286 222
289 220
291 219
293 218
295 217
297 216
300 215
303 213
305 211
308 210
310 209
312 207
314 206
316 204
318 203
321 201
324 198
327 196
330 194
333 192
336 190
339 188
342 186
345 184
348 182
350 181
353 179
355 178
358 176
361 174
364 172
367 170
369 168
371 167
373 166
376 165
378 164
380 162
382 161
383 161
