269
191 101
194 102
195 102
196 102
197 102
199 102
200 102
202 102
204 102
205 102
208 102
210 102
212 102
215 102
218 102
221 102
224 102
227 101
230 101
234 101
237 101
241 101
245 101
248 101
252 100
256 100
260 100
263 100
267 100
271 100
274 100
278 99
282 99
285 99
288 99
292 99
295 99
297 99
300 99
302 99
305 99
306 99
308 99
309 99
311 99
312 99
313 99
314 99
315 99
315 100
315 101
315 102
315 103
315 104
315 106
316 107
316 108
316 110
316 111
317 113
317 115
318 118
318 120
318 122
319 125
319 127
320 130
321 133
321 135
322 138
322 141
323 144
323 147
323 150
324 153
324 156
324 159
325 162
325 166
325 169
325 172
325 175
325 179
325 182
325 186
324 189
324 192
324 196
324 199
324 202
324 205
324 208
323 211
323 214
323 217
323 219
323 222
323 224
323 227
323 229
323 231
322 233
322 235
322 236
322 238
322 239
322 240
322 241
322 242
322 243
322 244
322 245
322 246
321 246
321 245
320 245
319 245
318 245
317 245
316 245
314 245
312 246
311 246
309 246
306 246
303 246
300 247
297 247
294 248
290 248
286 249
282 249
278 250
274 250
270 251
265 251
261 252
257 252
252 253
247 253
243 254
238 254
233 255
229 255
224 255
220 256
215 256
211 256
207 256
202 257
198 257
194 257
190 257
186 257
182 257
179 258
175 258
171 258
168 258
165 258
162 258
159 258
156 258
153 258
151 258
148 259
146 259
144 259
142 259
140 259
138 260
137 260
135 260
134 260
133 261
132 261
131 261
131 260
130 259
130 258
130 257
130 256
130 254
130 253
129 251
129 250
129 248
129 246
129 244
129 241
129 239
129 236
129 233
129 230
129 227
129 224
129 221
129 218
129 215
129 212
128 209
128 206
128 203
128 200
128 198
128 195
128 192
128 190
128 188
128 186
127 184
127 182
127 181
127 180
127 178
127 177
127 176
127 175
126 175
126 174
127 174
127 173
128 173
128 172
129 172
130 171
131 170
132 169
133 167
135 166
137 164
138 163
140 161
143 159
145 157
147 155
149 153
152 150
154 148
157 146
160 143
162 141
165 139
167 137
170 134
172 132
174 130
177 128
179 126
181 124
183 122
185 120
187 118
189 117
191 115
193 114
195 112
196 111
198 110
199 109
200 108
201 107
202 106
203 106
203 105
204 105
205 105
205 104
204 105
