319
445 98
451 97
452 97
454 97
455 97
456 97
457 97
459 97
460 97
462 97
464 97
465 97
467 97
469 97
471 97
473 97
475 97
477 97
479 97
481 97
483 97
486 97
488 98
490 98
492 98
494 98
497 98
499 98
501 98
503 98
505 98
508 98
510 98
512 98
514 98
517 98
519 98
522 98
524 98
526 98
529 98
531 98
533 98
535 98
538 98
540 98
542 98
544 98
545 98
547 98
548 98
550 98
551 97
552 97
553 97
553 98
553 99
553 100
553 101
553 102
553 103
553 105
553 106
553 107
553 108
553 109
553 111
553 112
553 114
553 115
553 117
554 119
554 120
554 122
554 124
554 125
554 127
554 129
554 131
554 132
554 134
554 136
554 137
554 139
554 141
554 143
554 145
554 147
554 149
554 151
554 153
554 155
554 157
554 158
554 160
554 162
554 164
554 166
554 168
554 171
554 173
554 175
554 177
554 179
554 181
554 183
554 185
554 187
554 189
554 192
554 194
554 196
554 198
554 200
554 202
554 204
553 205
553 207
553 209
553 210
553 212
553 213
553 214
553 215
553 216
553 217
553 218
552 218
551 218
550 218
549 218
548 218
547 218
546 218
544 218
543 218
542 218
540 218
538 219
537 219
535 219
533 219
531 219
529 219
528 219
526 219
524 219
522 220
520 220
517 220
515 220
513 220
511 220
509 220
506 220
504 220
502 220
500 220
497 220
495 221
493 221
490 221
487 221
485 221
482 221
480 221
477 221
474 221
471 221
469 221
466 222
463 222
460 222
457 222
454 222
452 222
449 223
446 223
443 223
440 223
438 223
435 223
432 224
429 224
426 224
424 224
421 224
418 224
415 224
412 224
410 224
407 225
404 225
402 225
399 225
396 225
394 225
392 226
389 226
387 226
385 226
383 226
380 227
378 227
376 227
375 227
373 228
372 228
371 228
370 228
369 228
368 228
367 228
367 227
367 226
366 225
366 224
366 223
366 222
366 221
365 221
365 220
365 218
365 217
365 215
365 214
365 213
365 212
365 211
365 209
365 208
365 206
365 205
365 203
365 202
365 200
365 199
365 197
365 195
365 194
365 192
365 191
365 189
366 188
366 186
366 185
366 183
366 181
366 180
367 178
367 177
367 175
367 173
367 172
367 170
367 169
367 167
367 166
367 165
367 164
367 162
367 161
367 160
367 159
367 158
367 157
367 156
367 155
367 154
368 154
368 153
369 153
370 152
371 151
372 150
373 149
374 148
376 148
377 146
379 145
380 144
382 143
384 142
385 141
387 140
389 139
391 137
393 136
395 135
397 134
399 133
401 131
403 130
405 129
407 128
409 126
411 125
414 124
416 123
418 121
420 120
422 119
424 117
426 116
428 115
430 114
432 113
434 112
436 111
438 110
439 109
440 108
442 108
443 107
444 106
445 106
446 105
445 105
445 105
