258
348 146
354 145
357 145
360 145
363 145
366 145
369 145
373 145
376 145
379 145
382 145
385 145
388 145
391 145
394 145
397 145
401 145
405 145
409 145
413 145
416 145
420 145
423 145
427 145
430 145
433 145
437 145
440 145
443 145
446 145
449 145
453 144
456 144
459 144
462 144
465 144
466 146
466 149
466 152
465 154
465 157
465 160
465 163
465 166
465 169
465 172
465 175
465 178
465 181
465 184
465 187
465 190
465 193
465 196
465 199
465 202
465 205
465 209
465 212
464 214
464 217
464 220
464 223
464 226
464 229
463 231
463 234
463 237
463 240
463 243
462 245
462 248
462 251
462 254
462 257
462 260
462 263
462 266
462 269
462 272
462 275
461 278
461 282
461 285
461 288
461 291
461 294
461 297
461 300
461 303
461 306
460 308
460 311
460 314
460 317
459 319
459 322
459 325
458 327
456 326
453 325
450 325
447 325
444 324
441 324
438 324
435 324
433 323
430 323
427 323
423 323
421 322
418 322
414 321
411 321
407 320
404 320
400 320
397 319
393 319
390 319
387 319
384 319
382 318
378 318
375 318
372 318
369 318
366 318
363 318
360 318
357 318
355 317
352 317
348 317
346 318
343 318
340 318
338 317
335 317
332 317
329 317
326 317
323 317
320 316
317 316
314 316
311 316
309 315
306 315
303 315
301 314
298 314
295 314
292 314
290 313
286 313
283 313
280 313
277 312
274 312
271 312
268 312
265 311
262 311
259 311
256 310
253 310
251 309
248 309
246 308
243 308
242 306
242 303
243 301
243 298
243 295
243 292
244 290
244 287
244 284
244 281
244 278
244 275
244 272
244 269
244 266
245 264
245 261
245 258
245 255
245 252
245 249
245 246
245 243
245 240
245 237
245 234
245 231
245 228
245 225
245 222
245 219
245 216
246 214
246 211
246 208
246 205
246 202
247 200
247 197
247 194
248 192
250 191
252 190
254 189
256 188
258 187
260 186
263 185
265 184
267 183
270 182
272 181
275 180
277 179
280 178
282 177
285 176
287 175
290 174
292 172
295 171
298 170
301 169
303 168
305 167
307 166
310 165
312 164
315 163
317 162
319 161
321 160
324 159
328 158
330 157
333 156
335 155
337 154
339 153
342 153
344 152
346 151
348 150
350 149
352 148
355 148
