269
355 149
359 148
362 148
364 147
367 147
369 148
373 148
376 147
379 147
382 147
385 147
388 147
391 147
395 147
398 146
401 146
405 146
408 145
412 145
416 145
419 145
422 145
426 145
429 145
433 145
436 144
440 144
444 144
447 144
450 144
453 143
456 143
459 143
462 142
465 142
468 142
471 142
473 143
473 146
473 149
473 152
473 155
474 157
474 160
474 163
474 166
475 168
475 171
475 174
475 177
476 179
476 182
476 186
477 189
477 192
477 195
477 198
477 201
477 204
477 207
477 210
477 213
476 215
476 218
476 221
476 224
476 227
475 229
475 232
475 235
475 238
475 241
475 244
475 247
474 249
474 252
474 255
474 259
473 261
473 264
473 267
473 270
473 274
473 277
473 280
473 283
473 287
473 290
473 293
473 296
473 299
472 301
472 305
472 309
472 312
472 315
472 318
473 320
473 323
473 326
471 327
468 327
465 327
461 327
458 327
455 327
452 327
449 327
446 327
443 326
440 326
436 326
433 326
430 326
427 326
424 326
421 326
417 326
414 326
412 325
409 325
406 325
402 325
399 325
396 325
393 325
390 325
387 325
384 324
381 324
378 324
374 324
371 324
368 324
364 323
361 323
357 323
353 323
350 323
346 323
342 323
339 322
335 322
332 322
328 322
325 322
321 322
318 322
315 322
313 321
309 321
306 321
303 321
300 321
296 321
293 321
290 321
287 321
284 321
281 321
278 321
275 321
272 321
268 321
265 321
262 321
259 321
255 321
252 320
249 320
246 320
243 320
243 317
244 315
245 313
245 310
246 307
246 304
246 301
247 299
247 296
247 293
247 290
247 287
247 284
247 281
247 278
247 275
248 273
248 270
248 267
248 264
248 261
248 258
248 255
248 252
249 249
249 246
250 243
250 240
251 238
251 235
251 232
252 230
252 227
253 224
253 221
253 218
253 215
254 213
254 210
254 207
254 204
254 201
256 199
258 198
260 197
262 196
264 195
267 194
270 193
273 192
275 191
278 191
280 190
282 189
284 188
286 187
288 186
290 185
292 184
294 183
297 182
299 181
302 180
304 179
306 178
309 177
311 176
314 175
316 174
318 173
321 172
324 171
326 170
329 169
331 168
334 167
336 166
338 165
341 164
343 163
345 162
347 161
349 160
351 159
353 158
355 157
357 156
359 155
361 154
363 153
365 152
367 151
369 150
371 149
373 148
375 147
376 149
