301
265 124
275 122
277 122
279 122
282 122
284 122
287 121
289 121
292 121
295 121
298 121
301 120
305 120
308 120
311 120
315 119
318 119
322 119
325 118
329 118
332 118
336 118
339 117
343 117
346 117
349 116
353 116
356 116
359 116
362 115
364 115
367 115
370 115
372 115
375 115
377 115
379 115
381 114
384 114
386 114
388 114
390 114
392 113
393 113
395 113
396 113
398 113
399 113
400 112
401 112
402 112
403 112
404 112
405 112
405 113
406 113
406 114
406 115
406 116
406 117
407 118
407 119
407 121
407 122
407 124
407 126
407 128
407 130
407 132
407 134
408 136
408 138
408 140
408 142
409 145
409 147
409 149
409 152
409 154
409 157
409 159
409 162
409 164
409 166
409 169
409 171
409 174
409 176
409 178
409 180
409 183
409 185
409 187
409 189
409 191
409 193
409 195
409 197
409 199
409 201
409 203
409 205
409 206
409 208
409 209
409 211
409 212
409 214
409 215
409 216
409 218
409 219
409 220
408 221
408 222
408 223
408 224
408 225
408 226
408 227
408 228
408 229
408 230
408 231
408 232
407 232
406 232
405 232
404 232
403 232
402 232
401 232
400 231
398 231
397 231
396 231
394 232
393 232
391 232
390 232
388 232
386 232
384 233
382 233
380 233
377 233
375 233
373 234
370 234
368 234
365 234
363 235
360 235
358 235
355 235
352 235
350 236
347 236
344 236
342 236
339 236
336 236
334 236
331 236
328 236
326 236
323 236
320 236
318 236
316 236
314 236
311 236
309 236
307 235
305 235
303 235
300 235
298 235
296 235
293 235
291 235
289 235
287 235
284 235
282 235
280 235
278 235
275 235
273 236
271 236
268 236
266 236
264 236
261 236
259 236
257 236
255 237
253 237
251 237
249 237
247 237
245 237
244 237
243 237
241 237
240 237
239 237
238 237
237 237
236 237
235 237
234 236
234 235
233 234
233 233
233 232
233 231
233 230
232 229
232 227
232 226
232 224
232 222
232 220
232 218
232 216
232 214
231 212
231 209
231 207
231 205
231 203
231 201
230 198
230 196
230 194
230 192
230 190
230 188
229 186
229 184
229 182
229 181
229 179
228 178
228 177
228 175
228 174
228 173
228 171
227 170
227 169
227 168
227 167
227 165
227 164
227 163
226 162
226 161
226 160
226 159
226 158
226 157
227 157
228 157
229 156
230 155
232 155
233 154
234 153
235 152
237 151
238 150
240 149
242 148
244 147
245 146
247 145
249 143
251 142
253 140
255 139
257 138
259 137
260 135
262 134
263 133
265 132
266 132
267 131
268 130
269 130
270 129
271 129
271 128
272 128
273 128
273 127
274 127
274 126
275 124
