469
415 91
423 90
424 90
425 90
427 90
428 89
430 89
431 89
433 89
435 89
437 88
439 88
441 88
442 88
444 88
446 88
448 88
450 88
452 88
454 87
457 87
459 87
461 87
463 87
465 87
467 87
469 87
471 87
473 87
475 87
476 87
478 87
480 87
482 87
484 87
485 87
487 87
489 87
491 87
492 87
494 87
496 86
498 86
500 86
501 86
503 86
505 86
507 86
509 86
511 86
513 86
515 86
517 86
519 86
521 86
523 86
526 86
528 85
530 85
532 85
534 85
537 85
539 84
542 84
544 84
546 84
549 84
551 84
553 83
555 83
558 83
560 83
562 83
563 83
565 83
567 83
568 83
569 83
570 83
571 83
572 83
573 83
573 84
573 85
573 86
574 86
574 87
574 88
574 89
575 90
575 91
575 92
575 93
576 94
576 96
576 97
576 98
577 99
577 100
577 101
577 103
577 104
577 105
578 106
578 107
578 109
578 110
578 111
578 112
578 114
578 115
578 116
578 118
578 119
578 120
578 122
578 123
578 124
578 125
578 126
578 128
578 129
578 130
578 131
578 132
578 133
578 134
578 135
578 136
577 138
577 139
577 140
577 141
577 142
577 144
577 145
577 146
577 148
577 149
577 150
577 152
576 153
576 154
576 156
576 157
576 158
576 159
576 161
576 162
576 163
576 165
576 166
575 168
575 169
575 171
575 172
575 174
575 176
575 177
575 179
575 181
575 182
575 184
575 186
575 187
575 189
575 191
575 193
575 195
575 196
575 198
575 200
575 202
575 204
574 206
574 207
574 209
574 210
574 212
574 213
574 214
574 215
574 216
574 217
574 218
574 219
574 220
573 220
572 220
571 220
570 220
569 220
568 220
567 221
566 221
564 221
563 221
562 221
561 222
560 222
558 222
557 222
555 222
554 223
552 223
551 223
549 223
547 223
546 223
544 223
542 223
540 223
538 223
536 223
534 223
532 223
530 223
527 223
525 223
523 223
521 223
518 223
516 223
513 223
511 223
508 223
506 223
503 223
501 223
499 223
496 222
494 222
491 222
489 222
486 222
484 222
481 222
479 222
477 222
474 222
472 222
470 222
467 222
465 222
463 222
460 222
458 222
456 222
453 223
451 223
449 223
447 223
444 223
442 223
440 223
438 223
436 223
434 223
432 223
429 223
427 224
425 224
423 224
421 224
419 224
417 224
415 224
413 224
411 224
409 224
407 225
405 225
403 225
401 225
398 225
396 225
394 225
392 225
390 225
388 225
386 225
384 225
381 225
379 226
377 226
375 226
373 226
371 226
369 226
367 226
365 226
363 226
361 226
359 226
357 226
355 226
353 226
351 226
349 226
347 226
345 226
343 226
341 226
339 226
337 226
335 227
334 226
332 227
330 227
328 227
327 227
325 227
324 227
323 227
321 227
320 227
319 227
318 227
317 227
316 226
316 225
316 224
316 223
316 222
315 221
315 220
315 219
315 218
315 217
315 216
316 215
316 214
316 213
316 212
316 210
316 209
316 208
316 207
316 205
316 204
316 203
316 202
316 201
316 199
316 198
316 197
316 196
316 195
316 193
316 192
317 191
317 190
317 189
317 187
317 186
317 185
317 184
317 182
317 181
317 180
317 179
317 177
317 176
317 174
318 173
318 172
318 170
318 169
318 168
318 167
318 165
318 164
318 163
318 161
319 160
319 159
319 157
319 156
319 155
319 154
319 152
319 151
319 150
319 149
319 148
319 146
319 145
319 144
319 143
319 142
319 141
319 140
319 139
319 138
319 137
319 136
320 136
321 136
322 135
323 135
324 134
325 134
326 133
327 133
329 132
330 132
331 131
332 130
333 130
334 129
336 129
337 128
338 128
339 127
340 127
342 126
343 126
345 125
346 124
347 124
349 123
350 122
352 121
354 120
355 120
357 119
358 118
360 117
362 116
363 116
365 115
366 114
368 113
369 112
371 111
373 110
375 110
376 109
378 108
380 107
382 106
383 106
385 105
387 104
389 103
390 103
392 102
394 101
395 101
397 100
398 99
400 99
401 98
403 97
404 96
406 96
407 95
409 95
410 94
411 93
412 93
413 93
413 92
414 92
415 92
416 91
416 92
415 93
415 93
