319
202 64
204 64
206 64
207 64
209 64
210 64
212 64
214 64
216 64
218 64
220 64
222 64
224 64
226 64
229 64
231 64
234 64
236 64
239 64
242 64
244 64
247 63
249 63
252 63
254 63
257 63
259 63
262 63
264 63
266 63
268 63
271 63
273 63
275 63
278 63
280 63
282 62
285 62
287 62
289 62
291 62
293 62
295 62
297 62
299 61
301 61
303 61
304 61
306 61
307 61
308 61
309 61
310 61
310 62
310 63
310 64
310 65
311 66
311 67
312 68
312 69
312 70
312 71
312 72
312 73
312 75
312 76
312 77
312 79
312 80
312 82
312 84
312 85
312 87
312 88
312 90
312 92
312 93
312 95
312 97
312 98
312 101
312 103
312 105
312 107
312 109
312 111
312 113
312 115
312 117
312 119
312 122
312 124
313 126
313 129
313 131
313 133
313 136
313 138
313 140
313 143
313 145
313 147
313 150
313 152
313 155
313 157
313 159
314 161
314 163
314 165
314 167
314 168
314 170
315 172
315 174
315 175
315 176
315 178
315 179
316 179
316 180
316 181
316 182
316 183
316 184
315 184
315 183
314 183
313 183
312 183
311 183
310 184
309 184
308 184
307 184
305 184
304 184
302 184
300 185
299 185
297 185
295 185
293 185
291 185
289 185
287 185
285 186
283 186
280 186
278 186
276 186
273 186
271 186
268 186
266 187
264 187
261 187
259 187
256 187
254 187
251 188
249 188
246 188
244 188
241 188
239 189
236 189
234 189
231 189
228 189
225 190
223 190
220 190
217 190
214 191
211 191
208 191
205 192
202 192
199 193
196 193
193 193
191 194
188 194
186 194
183 195
181 195
179 195
177 195
176 196
174 196
173 196
172 196
170 197
169 197
168 197
167 197
166 197
165 198
164 198
163 198
162 198
161 198
160 199
160 198
160 197
159 197
159 196
159 195
159 194
159 193
159 192
159 191
158 190
158 189
158 188
158 187
157 186
157 185
157 184
157 182
157 181
157 180
156 179
156 177
156 176
156 174
155 172
155 170
155 169
155 167
155 165
155 163
155 162
155 160
154 159
154 157
154 156
154 154
153 153
153 151
153 149
153 148
152 146
152 145
152 143
152 142
152 140
152 139
152 138
152 137
152 136
152 135
152 134
152 133
151 132
151 131
151 130
151 129
151 128
151 127
151 126
151 125
151 124
151 123
152 122
152 121
152 120
153 120
153 119
154 118
154 117
155 116
156 115
156 114
157 113
157 112
158 111
159 111
159 110
160 108
161 107
162 106
163 104
164 103
165 101
166 100
168 98
169 97
170 95
171 94
172 93
173 92
174 91
175 89
176 88
177 87
177 86
179 84
180 83
181 81
181 80
182 78
183 77
184 76
185 75
186 74
187 73
188 72
189 71
190 71
190 70
191 70
192 69
192 68
193 68
193 69
194 69
