237
367 145
371 144
374 144
377 144
380 144
383 144
386 144
389 144
392 144
395 144
398 144
401 144
404 145
407 145
410 145
413 145
416 145
419 145
423 145
426 145
429 145
432 145
435 145
438 145
441 145
444 145
447 145
450 145
453 145
456 145
459 146
462 146
465 146
468 146
470 147
470 150
470 153
470 156
471 158
471 162
471 165
471 168
471 171
471 174
471 177
471 180
471 184
471 188
471 192
470 194
470 197
470 201
470 204
470 207
470 210
471 212
470 215
470 218
470 221
469 224
469 227
469 230
469 233
468 237
468 241
468 244
468 247
468 250
468 253
467 256
467 259
467 262
467 265
467 269
467 272
468 275
468 278
468 281
468 284
468 287
468 291
468 294
468 297
468 301
468 304
468 307
468 310
468 313
469 316
469 319
469 322
467 321
464 321
460 321
457 321
454 321
451 321
448 320
445 320
442 320
438 320
434 320
430 319
426 319
422 319
419 319
415 319
411 319
406 319
402 319
399 319
395 319
390 319
386 319
383 319
379 319
376 319
372 319
367 319
363 319
358 319
354 319
350 319
347 319
343 319
340 319
336 319
333 319
330 319
326 319
323 319
320 319
317 319
313 318
310 318
307 319
304 319
300 319
297 319
293 319
289 319
285 319
281 319
277 319
273 319
270 319
267 318
264 318
262 317
263 315
263 312
263 309
263 306
263 303
262 300
262 297
262 294
262 291
263 289
263 286
263 283
263 280
263 277
264 275
264 272
265 269
265 266
266 263
266 260
266 257
267 255
267 252
268 249
269 246
269 243
270 241
271 238
271 234
272 232
272 228
273 226
274 222
274 219
275 217
276 214
276 210
277 208
277 204
278 202
278 199
278 196
278 193
277 191
279 190
281 188
283 187
285 186
287 185
289 184
291 183
294 182
296 181
299 180
301 179
304 178
307 176
310 175
312 174
315 173
318 172
321 170
324 169
326 168
329 167
331 165
334 164
336 163
338 162
340 161
342 160
344 159
347 158
349 157
351 156
353 155
355 154
357 153
359 152
361 151
363 150
366 149
368 148
371 147
374 146
376 145
378 146
378 147
