230
180 95
186 94
187 94
189 93
191 93
193 93
195 93
197 92
200 92
203 92
205 92
208 92
212 91
215 91
218 91
222 91
225 91
229 91
232 91
236 90
239 90
243 90
247 90
251 90
254 90
258 90
262 90
265 89
269 89
272 89
276 89
279 89
282 88
286 88
289 88
291 88
294 87
297 87
299 87
302 86
304 86
305 86
307 86
308 85
309 85
310 85
311 85
312 85
313 85
313 86
313 87
314 88
314 89
314 90
314 91
315 93
315 94
315 96
315 97
315 99
316 101
316 104
316 106
316 108
316 111
316 114
316 117
316 120
316 123
317 126
317 129
317 132
317 136
317 139
317 142
317 145
317 148
317 151
318 154
318 157
318 160
318 163
318 165
318 168
318 170
318 173
318 175
318 178
318 180
318 182
318 184
318 186
318 187
318 189
318 190
318 192
318 193
318 194
318 195
318 196
318 197
318 198
317 199
317 198
316 198
315 198
314 198
313 198
312 199
311 199
309 199
307 199
305 199
303 200
300 200
297 200
294 201
291 201
288 201
284 202
280 202
277 202
273 203
269 203
264 203
260 203
256 203
252 204
247 204
243 204
239 204
234 204
230 204
226 204
222 204
217 204
213 205
209 205
205 205
201 205
197 206
194 206
190 206
187 207
183 207
180 207
177 207
175 208
172 208
170 208
168 208
166 209
165 209
164 209
162 209
161 209
160 209
159 209
159 208
159 207
159 206
159 205
159 204
159 203
158 202
158 200
158 198
158 197
158 195
158 192
158 190
158 187
158 185
158 182
157 180
157 177
157 174
157 171
157 169
157 166
157 164
156 161
156 159
156 157
156 155
156 153
156 152
155 150
155 149
155 148
155 147
155 146
155 145
155 144
156 143
156 142
157 142
158 141
158 140
159 139
160 138
162 137
163 135
164 134
166 132
168 130
170 128
172 126
174 124
176 121
178 119
180 117
183 115
185 113
187 111
189 109
192 107
194 106
196 104
198 103
199 101
201 100
203 99
204 98
205 97
206 96
207 95
208 95
209 94
208 95
