213
316 133
321 132
324 132
327 132
330 132
333 132
336 131
340 131
343 131
346 131
350 131
354 131
357 130
361 130
365 130
369 130
372 129
376 129
379 129
383 129
386 128
389 128
392 128
395 128
399 128
402 128
405 127
408 127
411 127
415 127
418 126
422 126
425 126
429 126
432 126
435 126
438 125
441 125
441 128
442 131
442 134
443 137
444 140
444 143
445 145
445 148
446 150
446 153
447 156
447 159
447 162
448 164
448 167
448 170
448 173
449 175
449 178
449 181
450 184
450 188
450 191
451 194
451 197
452 200
453 204
453 208
454 210
454 213
455 215
456 218
456 221
457 224
457 228
458 231
458 235
459 237
459 240
460 243
460 246
460 249
461 252
461 255
462 258
462 261
463 263
464 266
464 269
461 269
458 269
454 269
451 269
448 269
445 269
442 269
438 269
434 269
430 269
426 269
422 269
418 269
416 268
412 269
408 269
403 269
399 269
395 269
391 269
388 270
386 269
384 270
380 270
376 270
372 270
369 270
365 270
362 269
359 269
355 269
351 269
348 269
344 269
340 269
336 269
332 268
328 268
324 268
319 268
315 268
311 268
307 268
303 268
299 268
295 268
293 267
289 267
285 267
282 267
278 267
275 267
271 267
267 267
264 267
261 267
257 267
254 267
251 267
251 264
251 261
251 258
250 256
250 253
250 250
250 247
250 244
250 241
250 238
250 235
250 232
250 229
250 226
250 223
250 220
250 217
250 214
250 211
250 207
251 205
251 202
251 199
251 195
251 191
251 187
251 184
251 181
252 179
253 177
255 176
257 174
259 173
260 171
262 170
264 169
266 168
268 167
270 166
272 164
274 163
276 162
278 161
280 159
282 158
284 156
286 155
288 154
290 153
292 151
294 150
296 148
298 147
300 146
302 144
304 143
306 142
308 141
310 139
312 138
314 137
316 136
318 135
320 134
322 133
324 132
325 131
