379
294 135
298 134
299 134
300 134
302 134
303 134
304 134
306 134
307 134
309 134
311 134
314 133
316 133
319 133
321 133
324 132
327 132
330 132
333 132
336 131
339 131
342 131
345 131
348 131
351 131
354 130
356 130
359 130
362 130
365 130
368 130
370 129
373 129
375 129
378 129
381 129
383 128
386 128
388 128
390 128
393 127
395 127
397 127
399 126
402 126
404 126
406 126
407 125
409 125
411 125
413 125
414 124
416 124
417 124
419 124
420 124
421 124
422 124
423 124
424 124
425 123
425 124
426 124
427 124
427 125
427 126
427 127
427 128
427 129
427 130
427 131
427 132
428 133
428 134
428 136
428 137
428 139
428 140
428 142
428 144
428 145
428 147
428 148
428 150
428 151
429 153
429 154
429 156
429 157
429 159
429 160
429 161
429 163
429 164
429 166
429 167
429 169
429 170
428 172
428 173
428 175
428 176
428 178
428 179
428 180
428 182
428 183
428 185
428 187
428 188
428 190
428 192
429 193
429 195
429 196
429 198
429 199
429 201
429 203
429 204
429 206
429 207
429 209
430 210
430 212
430 213
430 215
430 216
430 217
430 219
430 220
430 221
430 222
430 223
429 224
429 225
429 226
429 227
429 228
428 228
428 229
427 229
426 229
426 230
425 230
424 230
423 230
422 230
421 230
420 230
418 230
417 230
415 231
413 231
412 231
410 231
408 231
406 232
404 232
402 232
400 232
398 233
396 233
394 233
393 233
391 233
390 234
388 234
387 234
386 234
384 234
383 234
382 234
380 234
379 234
377 234
376 235
375 235
373 235
372 235
370 235
369 235
367 235
366 235
364 236
363 236
361 236
360 236
358 236
356 236
354 237
353 237
351 237
349 237
347 237
346 237
344 238
343 238
341 238
339 238
338 238
336 238
335 238
333 239
332 239
330 239
329 239
327 239
326 239
324 239
323 239
321 239
320 239
318 239
317 239
316 239
314 240
313 240
311 240
310 240
308 240
307 240
305 240
304 240
302 240
300 240
299 241
297 241
295 241
294 241
292 241
291 242
289 242
287 242
285 242
284 242
282 242
280 243
278 243
277 243
275 243
273 243
272 243
270 244
269 244
267 244
266 244
264 244
263 245
262 245
261 245
260 245
259 245
258 245
257 245
256 245
255 245
254 245
253 245
252 246
251 245
251 244
251 243
252 243
252 242
252 241
252 240
252 239
252 238
252 237
252 236
252 234
251 233
251 232
251 230
251 228
251 226
250 225
250 223
250 221
250 219
250 217
249 215
249 214
249 212
249 210
249 209
248 207
248 206
248 205
248 203
248 202
247 201
247 200
247 198
247 197
247 196
247 195
247 194
246 193
246 191
246 190
246 189
246 188
246 187
246 186
246 185
246 184
246 183
246 182
246 181
246 180
246 179
246 178
246 177
246 176
246 175
246 174
246 173
246 172
246 171
245 170
245 169
245 168
245 167
245 166
245 165
246 165
247 165
247 164
248 164
249 163
250 163
251 162
252 162
253 161
254 160
255 160
256 159
257 158
258 157
259 156
261 156
262 155
263 154
264 153
265 152
267 151
268 151
269 150
270 149
271 149
273 148
274 147
275 147
276 146
278 145
279 145
280 144
281 144
282 143
283 142
284 142
285 141
286 140
287 140
288 139
289 139
290 138
291 137
292 137
293 136
294 136
294 135
295 135
296 135
296 134
297 134
298 133
