218
212 80
218 80
219 80
221 80
222 80
224 80
226 80
229 80
231 79
234 79
237 79
240 79
244 78
247 78
251 78
255 78
259 78
263 77
267 77
271 77
275 77
279 77
283 76
286 76
290 76
293 76
297 75
299 75
302 75
305 75
307 75
309 74
310 74
312 74
313 74
314 74
314 73
315 73
315 74
315 75
315 76
315 77
315 78
315 79
316 81
316 82
316 83
316 85
316 87
316 89
317 91
317 94
317 96
317 99
317 102
318 105
318 109
318 112
318 115
319 119
319 123
319 126
320 130
320 133
321 137
321 141
322 144
322 148
323 151
323 154
323 158
324 161
324 164
325 167
325 170
325 172
326 175
326 177
326 179
327 181
327 183
327 184
327 186
327 187
328 188
328 189
328 190
328 191
327 191
326 191
325 191
324 191
323 191
321 191
319 192
317 192
315 193
313 193
310 194
307 194
303 195
300 196
296 197
292 198
287 199
283 200
278 201
273 202
268 203
263 204
257 205
252 206
247 207
242 208
237 209
232 210
226 211
222 212
217 213
212 214
207 215
203 216
199 217
195 217
191 218
188 219
184 219
182 220
179 220
177 221
175 221
174 221
173 221
172 221
171 221
170 221
169 220
169 219
169 218
168 217
168 215
168 214
167 212
167 210
166 208
166 205
165 203
165 200
164 197
163 194
163 191
162 188
161 185
160 182
159 179
159 176
158 173
157 170
156 167
155 165
154 162
154 160
153 158
153 156
152 154
152 153
151 151
151 150
150 149
150 147
150 146
149 146
149 145
149 144
148 143
149 143
149 142
150 141
151 140
152 139
153 138
154 137
156 136
157 134
159 133
161 131
164 129
166 127
168 125
171 123
173 121
176 119
178 117
180 114
183 112
185 111
187 109
190 107
192 105
194 104
196 102
197 101
199 99
201 98
202 97
204 95
205 94
206 93
207 92
208 91
209 90
210 90
211 89
211 88
212 88
213 87
212 87
211 87
