326
341 140
344 138
346 138
348 137
351 137
353 137
356 136
359 136
362 136
365 136
368 136
371 135
374 135
378 135
381 135
384 134
387 134
391 134
394 134
397 133
400 133
404 133
407 133
410 132
412 132
415 132
418 132
420 131
423 131
425 131
427 131
429 130
431 130
433 130
435 130
437 130
439 129
440 129
441 129
443 129
444 129
445 129
446 129
447 129
448 129
449 129
450 129
450 128
451 128
451 129
452 129
453 129
453 130
454 130
454 131
455 132
455 133
455 134
456 135
456 136
456 137
457 138
457 139
458 141
458 142
458 144
459 145
459 147
459 149
460 150
460 152
460 154
460 156
460 158
461 160
461 161
461 163
461 165
461 167
461 169
461 171
461 173
461 174
461 177
461 178
461 180
461 182
461 184
461 186
461 189
461 190
461 192
461 194
461 196
461 198
461 199
461 201
461 203
461 204
461 206
461 207
462 208
462 210
462 211
462 212
463 213
463 214
463 216
463 217
463 218
463 219
463 221
463 222
464 223
464 224
464 225
464 226
464 227
463 228
463 229
463 230
462 231
461 231
460 231
459 231
457 231
456 232
455 232
454 232
452 232
450 232
448 233
447 233
444 233
442 233
440 234
438 234
435 234
433 234
431 234
428 234
426 234
424 234
422 234
420 234
418 234
416 234
414 234
412 234
410 235
407 235
405 235
403 235
401 235
399 235
397 235
395 235
393 236
391 236
389 236
387 236
385 236
383 236
381 237
379 237
377 237
376 237
374 237
372 237
370 238
368 238
367 238
365 238
363 238
361 238
359 239
358 239
356 239
354 239
353 239
351 239
349 240
348 240
346 240
345 240
343 240
341 240
340 240
338 240
336 241
335 241
333 241
331 241
330 241
328 242
326 242
325 242
323 242
322 243
321 243
319 243
318 243
317 244
315 244
314 244
313 244
312 245
310 245
309 245
308 246
306 246
305 246
304 246
303 246
302 246
301 247
300 247
299 247
298 247
297 247
296 247
295 247
295 246
294 246
293 245
293 244
292 244
292 243
291 241
290 240
290 239
289 237
289 236
288 234
287 232
287 231
286 229
286 227
285 226
285 224
284 222
284 221
284 219
284 217
283 216
283 214
283 212
283 211
282 210
282 208
282 207
282 206
282 205
281 203
281 202
281 201
281 200
281 199
280 198
280 196
280 195
280 194
280 193
279 192
279 191
279 190
279 189
278 188
278 187
278 186
278 185
279 185
279 184
280 184
281 184
281 183
282 183
283 182
284 182
285 181
286 180
288 180
289 179
290 178
292 177
294 176
295 175
297 174
299 173
300 172
302 170
304 169
306 168
307 167
309 166
311 164
312 163
314 162
315 161
317 160
319 159
320 158
321 157
323 156
324 155
326 154
327 153
328 153
330 152
331 151
332 150
333 150
334 149
335 149
335 148
336 148
337 147
338 147
338 146
339 146
340 146
340 145
341 145
342 144
343 143
343 142
