246
184 60
189 62
191 62
192 62
194 62
196 62
198 63
201 63
203 63
206 63
209 63
212 63
216 63
219 63
223 63
227 62
231 62
235 62
240 62
244 62
249 62
253 61
258 61
262 61
267 61
271 60
275 60
280 60
284 60
288 59
292 59
295 59
299 59
302 58
305 58
307 58
310 58
312 58
314 57
315 57
317 57
318 57
319 57
320 57
321 57
321 58
322 58
322 59
322 60
322 61
322 62
322 63
322 65
323 66
323 68
323 70
323 71
323 73
323 76
323 78
324 80
324 83
324 86
324 89
324 92
324 95
324 98
324 101
324 105
324 108
324 112
323 115
323 119
323 122
323 126
323 129
323 133
323 137
322 140
322 143
322 147
322 150
322 153
321 156
321 159
321 162
321 164
321 167
321 169
321 172
321 174
321 176
321 178
321 179
321 181
321 182
321 184
321 185
321 186
321 187
321 188
321 189
321 190
320 190
319 190
318 190
317 190
316 190
315 190
314 190
312 191
311 191
309 191
306 192
304 192
301 192
299 193
296 193
292 194
289 194
285 195
282 195
278 196
274 197
270 197
266 198
262 199
257 200
253 200
249 201
245 202
240 202
236 203
232 203
227 204
223 205
219 205
214 206
210 206
206 206
201 207
197 207
193 207
189 207
186 208
182 208
178 208
175 208
172 208
168 208
165 208
163 208
160 207
158 207
155 207
153 207
151 207
149 207
148 207
146 206
145 206
144 206
143 206
142 206
141 206
140 206
140 205
140 204
140 203
140 202
140 201
140 200
140 198
139 197
139 195
139 193
139 190
139 188
139 185
138 183
138 180
138 177
138 174
137 170
137 167
137 164
136 161
136 158
136 156
135 153
135 150
134 148
134 145
134 143
133 141
133 139
133 137
133 136
133 134
132 133
132 132
132 131
131 130
132 130
132 129
133 129
133 128
134 128
134 127
135 127
136 126
137 125
138 124
140 122
141 120
143 119
145 117
147 115
149 112
152 110
154 107
157 105
160 102
163 100
166 97
168 94
171 92
174 89
177 86
179 84
182 82
184 80
186 78
188 76
190 74
192 72
194 71
195 69
196 68
197 67
198 66
199 65
200 65
200 64
201 63
200 64
