235
348 140
352 140
354 140
357 140
360 139
363 139
366 139
369 138
373 138
376 138
380 137
383 137
387 137
390 136
394 136
397 136
400 136
404 136
407 135
409 135
412 135
415 135
417 135
419 135
421 135
423 135
425 135
427 135
429 135
430 135
431 134
433 134
434 134
435 134
436 134
437 134
438 134
439 134
440 134
440 135
441 135
441 136
441 137
441 138
441 139
442 140
442 141
442 142
442 143
442 144
442 145
442 147
442 148
442 150
442 152
442 153
442 155
442 157
442 159
442 161
442 163
442 165
442 167
442 169
442 172
442 174
442 176
442 178
442 181
442 183
442 185
443 187
443 189
443 191
443 193
443 194
443 196
443 198
443 199
443 201
443 203
443 204
443 206
443 207
443 209
443 210
443 211
443 213
443 214
443 215
443 216
442 217
442 218
442 219
442 220
442 221
441 222
441 223
440 224
439 224
438 225
437 225
436 225
435 225
434 225
432 225
431 225
430 225
428 225
426 225
424 225
423 225
421 225
419 225
417 225
414 225
412 225
410 225
408 225
406 225
404 225
401 225
399 225
396 225
394 225
391 225
388 225
385 225
383 225
380 225
377 225
374 225
372 225
369 225
366 225
363 225
360 225
357 225
354 225
351 225
348 225
345 225
342 225
339 226
337 226
334 226
331 226
329 226
326 226
324 226
322 227
320 227
318 227
316 227
314 227
313 227
311 227
310 227
309 227
308 227
307 227
306 227
305 226
304 226
304 225
304 224
303 223
303 222
303 221
302 220
302 218
301 216
301 214
301 212
300 210
300 208
300 206
300 204
299 202
299 200
299 198
298 196
298 194
298 192
297 190
297 188
297 187
296 185
296 184
296 183
296 182
295 180
295 179
295 178
295 177
295 176
295 175
295 174
296 174
297 173
298 173
299 172
300 172
301 171
302 171
303 170
304 169
306 169
307 168
309 167
311 166
313 164
315 163
317 162
320 160
322 159
325 158
327 156
330 155
333 154
335 152
338 151
340 150
342 149
344 148
346 147
347 146
349 146
350 145
351 145
351 144
352 144
353 143
354 143
355 142
