366
449 110
454 110
455 110
456 110
457 110
458 110
460 110
461 110
463 110
464 110
466 110
468 110
470 110
472 110
474 110
476 110
478 110
480 110
482 109
485 109
487 109
489 109
492 110
494 110
496 110
498 110
501 110
503 110
505 110
508 110
510 110
513 110
515 110
518 110
520 110
523 110
525 110
528 110
530 110
533 110
536 110
538 110
541 110
544 110
546 110
549 110
552 110
554 110
557 110
559 110
562 110
564 110
566 110
569 110
571 110
573 110
575 110
576 110
578 110
579 110
580 110
581 110
582 110
582 111
582 112
582 113
582 114
582 115
582 116
582 117
582 118
582 119
582 121
582 122
582 123
582 124
582 126
582 127
582 128
582 129
582 131
582 132
582 134
582 135
582 137
582 138
582 140
582 142
582 143
582 145
582 147
582 149
582 150
582 152
582 154
582 156
582 157
582 159
582 161
582 163
582 164
582 166
582 168
582 170
582 172
582 173
582 175
582 177
582 179
582 181
582 183
582 185
582 186
582 188
582 190
582 192
582 194
582 196
582 198
582 200
582 202
582 204
582 206
582 208
582 210
582 212
582 214
582 216
582 218
582 220
582 222
582 223
582 225
582 227
582 229
582 230
582 231
582 233
581 234
581 235
581 236
581 237
581 238
581 239
581 240
580 241
579 241
578 241
577 241
576 241
575 242
574 242
573 242
572 242
571 242
569 242
568 243
566 243
565 243
563 243
562 243
560 243
558 243
557 243
555 244
553 244
551 244
550 244
548 244
546 244
544 244
542 244
540 244
538 244
535 244
533 244
531 244
529 244
526 244
524 244
522 244
519 244
517 244
514 244
511 244
509 244
506 244
504 244
501 244
498 244
495 244
493 244
490 244
487 244
484 244
481 244
478 244
476 244
473 244
470 244
467 244
464 244
461 244
458 244
455 244
452 244
450 244
447 244
444 244
441 244
438 244
435 244
432 244
429 244
426 245
423 245
420 245
417 245
414 245
411 245
408 245
405 246
402 246
398 246
395 246
392 246
389 247
386 247
383 247
380 247
377 247
374 247
371 247
369 247
367 247
365 247
363 247
362 247
360 247
359 247
358 247
357 247
356 247
356 246
356 245
356 244
356 243
356 242
356 241
356 240
356 239
356 238
356 237
356 236
356 235
356 233
356 232
356 231
356 230
356 229
356 227
356 226
356 224
356 223
356 221
356 220
356 219
356 217
356 216
356 215
356 213
356 212
357 211
357 209
357 208
357 207
357 205
357 204
357 202
357 201
357 200
357 198
357 197
357 196
358 194
358 193
358 192
358 191
358 190
359 189
359 188
359 187
359 186
359 185
359 184
359 183
360 183
360 182
360 181
361 180
361 179
362 179
363 178
364 177
365 176
366 175
367 174
368 174
370 173
371 172
372 171
374 170
375 169
377 168
378 167
380 166
381 165
383 165
385 164
386 163
388 162
390 161
391 159
393 158
395 157
397 156
399 155
401 154
402 153
404 152
406 150
408 149
410 148
412 147
414 145
416 144
418 143
420 141
422 140
423 139
425 138
427 136
429 135
430 134
432 133
434 132
436 131
437 130
439 128
440 127
442 126
443 125
445 124
446 123
447 122
449 122
450 121
451 120
452 119
453 118
454 117
455 117
456 117
456 118
455 118
455 118
