284
365 155
370 154
373 154
376 154
380 154
383 154
386 154
389 154
392 154
395 154
398 154
401 154
404 154
407 154
410 154
413 154
416 154
420 154
422 155
425 155
429 155
432 155
436 155
440 155
444 155
448 154
451 154
454 154
457 154
460 154
464 154
467 154
470 154
473 154
476 154
476 157
476 160
476 163
475 166
475 169
475 172
474 176
474 180
474 184
473 186
473 189
473 192
473 195
473 199
473 202
473 205
472 208
472 211
472 214
472 217
471 220
471 223
470 225
470 228
469 230
469 233
468 235
468 238
467 241
467 244
467 247
466 249
466 253
465 255
465 258
464 260
464 263
463 265
463 268
462 271
462 274
461 277
461 280
460 283
460 286
460 289
459 291
459 294
458 297
458 300
457 303
457 306
456 308
456 311
456 314
455 316
455 319
454 321
454 324
453 327
453 330
452 333
452 336
452 339
451 341
451 344
448 344
445 344
442 344
439 344
436 344
433 344
431 343
428 343
425 343
422 343
419 343
416 343
413 343
410 343
406 343
402 343
399 343
395 343
392 343
388 343
384 343
380 343
377 343
373 342
369 342
365 342
362 342
359 342
355 342
351 342
348 342
345 342
341 342
338 342
334 342
331 342
328 342
325 342
322 342
318 342
315 342
312 341
309 341
305 341
302 341
299 341
296 341
292 341
288 341
285 341
282 341
279 341
275 341
271 341
267 341
263 341
261 340
258 340
255 340
252 340
249 340
246 340
243 340
241 339
238 339
235 339
232 339
228 339
225 338
222 338
219 338
215 338
213 337
210 337
207 337
205 336
205 333
206 331
206 328
207 326
207 323
207 320
208 318
208 315
208 312
209 310
209 307
209 304
210 302
210 299
210 296
211 294
211 291
211 288
212 286
212 283
212 280
213 278
213 275
214 273
214 270
215 268
215 265
215 262
216 260
216 257
217 254
217 251
218 249
218 246
219 244
220 242
220 239
221 237
222 234
222 231
223 229
223 226
224 223
224 220
225 218
225 215
225 212
226 210
228 209
230 208
232 207
234 206
237 205
239 204
242 203
244 202
247 201
249 200
252 199
254 198
257 197
259 196
261 195
265 194
267 193
269 192
272 192
275 191
277 190
279 189
281 188
283 187
286 186
289 185
292 184
295 183
297 182
301 181
303 180
305 179
307 178
311 177
313 176
316 175
319 175
321 174
323 173
326 172
328 171
330 170
333 170
335 169
337 168
339 167
342 166
344 165
347 164
350 163
352 162
355 161
357 160
360 159
362 158
365 157
368 156
370 155
371 155
