229
174 79
180 78
181 78
183 77
185 77
188 76
190 76
193 75
197 75
200 74
204 73
208 72
212 71
216 70
221 69
225 68
230 67
235 66
239 66
244 65
248 64
253 63
257 62
261 62
265 61
269 61
273 60
276 60
279 60
282 59
284 59
286 59
288 59
290 59
291 59
292 59
293 59
293 60
293 61
294 61
294 62
294 63
294 64
294 65
294 67
294 68
295 70
295 72
295 75
295 77
295 80
295 82
296 85
296 88
296 91
297 95
297 98
297 102
298 106
298 109
298 113
299 117
299 121
299 125
299 129
300 133
300 137
300 141
300 145
300 148
300 152
300 155
301 158
301 161
301 163
301 166
301 168
301 170
301 172
301 174
302 176
302 177
302 178
302 179
302 180
302 181
302 182
303 182
302 182
301 183
300 183
299 183
298 183
297 183
295 183
293 183
291 183
289 184
286 184
283 184
280 184
277 184
273 185
270 185
266 185
262 185
258 186
253 186
249 187
245 187
240 188
236 189
231 189
227 190
222 191
218 192
214 192
210 193
206 194
202 194
198 195
195 195
191 196
188 196
185 197
182 197
179 198
176 198
173 199
170 199
167 200
164 200
161 201
159 201
156 202
153 202
151 202
148 203
146 203
143 204
141 204
139 205
137 205
135 205
134 206
132 206
131 206
130 206
129 206
128 206
127 206
126 206
126 205
126 204
126 203
125 202
125 201
125 199
124 198
124 196
124 194
123 192
123 190
122 187
121 184
121 181
120 178
120 175
119 172
118 169
118 166
117 162
116 159
115 156
115 152
114 149
113 146
113 143
112 141
111 138
111 136
110 134
110 132
109 130
109 128
108 127
108 126
108 125
108 124
107 124
107 123
108 123
109 123
109 122
110 122
111 121
112 121
113 120
114 119
116 118
118 116
120 115
122 113
124 112
127 110
129 108
132 106
135 104
139 102
142 100
145 98
148 96
151 94
154 92
157 90
160 89
162 87
165 86
167 85
169 84
170 83
172 82
173 82
174 81
175 80
176 80
175 80
175 81
174 81
