232
347 156
352 155
354 155
356 155
358 155
360 154
363 154
366 154
368 153
371 153
374 153
377 152
380 152
383 151
386 151
390 151
393 150
396 150
399 150
402 149
405 149
408 149
411 148
413 148
416 148
418 148
421 147
423 147
425 147
426 147
428 147
430 147
431 147
433 146
434 146
435 146
437 146
438 146
439 146
440 146
441 147
441 148
441 149
441 150
442 150
442 151
442 153
442 154
442 155
443 157
443 159
443 161
443 163
443 165
443 168
443 170
443 172
442 175
442 177
442 179
442 181
442 183
442 185
442 187
443 190
443 192
443 194
444 196
444 198
444 200
445 202
445 204
445 206
446 207
446 209
446 210
446 212
446 213
446 215
446 217
446 218
446 220
446 222
446 223
446 225
446 226
446 227
446 228
446 229
446 230
446 231
446 232
445 233
445 234
444 235
443 235
442 235
441 235
439 235
438 235
437 235
435 235
433 235
431 235
429 235
427 236
425 236
423 236
420 236
418 236
415 236
413 236
410 236
408 236
405 236
403 237
400 237
398 237
395 237
393 237
391 237
388 237
386 237
383 238
381 238
379 238
377 238
375 238
372 238
370 238
368 238
366 238
364 238
362 239
359 239
357 239
354 239
352 239
349 239
347 239
344 240
342 240
339 240
337 240
334 241
332 241
330 242
327 242
325 243
323 243
320 243
319 244
317 244
315 244
314 244
313 244
312 245
311 245
310 245
310 244
309 244
308 244
308 243
308 242
307 242
307 241
306 239
306 238
305 237
305 235
304 233
304 231
303 229
303 227
302 225
301 223
301 221
300 219
300 216
299 214
299 212
298 210
298 209
297 207
297 205
296 204
296 202
295 201
295 199
294 198
294 197
294 196
293 195
293 194
293 193
293 192
294 192
294 191
295 191
296 190
297 190
298 189
299 188
300 187
302 186
303 185
305 184
306 182
309 181
311 179
313 177
315 176
317 174
320 172
322 171
324 169
327 167
329 166
331 164
333 163
335 162
337 161
339 160
340 159
341 158
342 158
343 157
344 156
345 156
345 155
346 155
346 154
