272
193 107
198 107
199 107
201 107
203 107
205 106
207 106
209 106
212 106
215 106
218 106
221 106
224 105
228 105
232 105
236 105
240 104
245 104
249 104
253 104
258 103
263 103
267 103
272 102
276 102
280 102
285 102
289 101
293 101
297 101
300 101
304 101
307 100
310 100
313 100
315 100
318 100
320 99
322 99
323 99
325 99
326 99
327 99
328 99
329 99
330 99
330 100
330 101
331 102
331 103
331 104
331 105
331 106
331 107
332 109
332 110
332 112
332 114
332 116
332 119
333 121
333 123
333 126
333 129
334 131
334 134
335 137
335 140
336 143
336 146
336 149
337 152
337 156
337 159
337 163
337 166
337 170
338 173
338 177
338 180
338 183
338 187
338 190
338 193
338 196
338 200
338 202
338 205
338 208
338 211
338 213
338 215
338 218
338 220
338 222
338 223
338 225
338 226
338 227
338 228
338 229
337 230
337 231
337 232
336 232
336 231
335 231
334 231
333 231
332 231
331 231
330 231
329 231
327 231
325 231
323 231
321 231
318 231
315 231
312 231
309 231
305 231
302 232
298 232
294 232
290 233
286 233
281 233
276 234
272 234
267 235
262 235
258 235
253 236
248 236
243 236
238 236
234 237
229 237
224 237
220 237
215 237
211 237
206 237
202 237
198 237
193 237
189 236
185 236
181 236
177 236
174 235
170 235
166 235
163 234
159 234
156 234
152 233
149 233
146 232
143 232
140 231
137 231
135 231
132 230
129 230
127 229
125 229
122 229
121 229
119 228
117 228
116 228
114 228
113 228
112 228
111 228
110 228
109 228
109 227
109 226
108 225
108 224
108 223
108 222
108 220
107 219
107 217
107 215
106 213
106 210
105 208
105 205
105 202
104 199
104 196
104 193
103 190
103 188
102 185
102 182
101 179
101 177
100 174
100 172
99 170
99 168
98 166
98 164
97 162
97 161
97 159
97 158
96 157
96 156
96 155
96 154
96 153
96 152
96 151
97 151
98 151
99 151
100 150
101 150
102 149
103 149
104 148
106 147
108 147
110 146
112 145
115 144
117 142
120 141
123 140
126 139
129 137
132 136
135 135
139 133
142 132
145 130
149 129
152 127
155 126
158 124
161 123
164 122
167 120
170 119
172 118
175 116
177 115
179 114
181 114
182 113
184 112
185 111
186 111
188 110
189 110
189 109
190 109
191 109
192 108
193 108
193 107
194 107
193 108
192 108
191 108
