295
374 141
379 140
382 140
385 140
388 140
391 140
394 140
396 141
399 141
402 141
405 141
408 141
411 141
414 141
416 142
419 142
422 142
426 142
430 142
433 142
436 142
440 142
443 143
446 143
449 143
452 143
455 143
458 143
462 143
465 143
468 143
471 143
474 143
477 143
480 143
483 143
486 143
489 143
491 144
492 146
492 149
492 152
492 156
492 159
492 162
492 166
493 170
493 173
493 176
493 179
493 182
492 184
492 187
492 190
492 194
492 197
492 200
491 203
491 206
491 210
490 212
490 215
490 218
490 221
489 223
489 226
489 229
489 233
488 236
488 239
488 242
488 245
488 248
488 251
488 254
488 257
487 259
487 262
486 265
486 268
486 271
486 274
485 276
485 279
485 283
485 286
485 289
485 292
484 295
484 298
484 301
484 304
483 306
483 309
483 312
482 314
482 318
481 321
481 324
481 327
481 330
481 333
481 336
481 339
481 342
481 345
482 348
482 351
483 353
481 354
478 354
475 354
473 353
470 353
467 353
464 353
461 353
457 352
454 352
450 352
446 352
443 352
441 351
437 351
433 351
429 351
425 350
421 350
418 350
416 349
413 349
410 348
406 348
402 348
399 348
395 348
393 347
390 347
387 347
383 347
379 347
376 346
372 346
369 346
367 345
364 345
360 345
356 345
353 344
349 344
346 344
343 344
341 343
338 343
335 343
331 343
328 342
325 342
322 342
318 341
315 341
312 341
309 341
306 341
303 340
300 340
297 340
294 340
291 339
287 339
283 339
280 339
277 339
275 338
272 338
269 338
266 338
263 338
261 337
258 337
254 337
251 337
248 337
245 336
242 336
239 336
236 336
232 336
230 335
227 335
224 335
225 333
225 330
226 327
226 324
227 322
227 319
227 316
227 313
227 310
227 307
227 304
228 301
228 298
228 295
228 292
228 289
228 286
229 283
229 280
229 277
229 274
229 271
230 269
230 266
231 263
232 260
232 257
233 253
233 250
233 247
234 245
234 242
234 239
235 237
235 234
236 231
236 228
237 226
237 223
238 220
238 216
239 214
240 211
240 208
241 206
241 202
242 200
242 197
242 194
242 191
243 189
244 187
247 186
250 185
252 184
256 183
258 182
261 181
264 181
267 180
270 179
273 178
276 177
278 176
280 175
282 174
285 174
287 173
289 172
291 171
294 170
296 169
298 168
301 167
304 166
306 165
309 164
312 163
314 162
317 161
320 160
322 159
325 158
327 157
330 156
333 155
337 154
340 153
342 152
345 151
348 150
351 149
354 149
356 148
358 147
361 146
364 145
367 144
370 143
374 142
377 141
380 141
382 140
383 140
