337
448 115
453 114
454 114
455 114
456 114
457 114
459 114
460 114
462 114
464 114
466 114
468 114
470 114
472 113
474 113
476 113
478 113
480 113
483 113
485 113
488 113
490 113
493 113
495 113
498 113
500 113
503 112
505 112
508 112
510 112
513 112
515 112
517 112
520 112
522 112
524 112
527 112
529 112
531 112
534 112
536 112
538 112
540 112
542 112
545 112
547 111
549 111
550 111
552 111
554 111
555 111
556 111
558 111
559 111
560 111
560 112
561 112
562 112
562 113
562 114
562 115
562 116
562 117
562 118
562 119
562 121
562 122
562 123
562 124
561 126
561 127
561 128
561 130
561 131
561 133
561 134
561 136
561 137
561 139
562 141
562 142
562 144
562 146
562 148
562 150
561 152
561 154
561 156
561 157
561 159
561 161
561 163
561 165
561 167
561 169
561 171
561 173
561 175
561 177
561 179
561 181
561 183
561 185
561 187
561 188
561 190
561 192
561 194
560 196
560 198
560 200
560 202
560 204
560 206
560 208
559 210
559 212
559 214
559 215
559 217
559 219
559 220
558 222
558 223
558 224
558 226
558 227
558 228
557 229
557 230
557 231
556 230
555 230
554 230
553 230
552 230
551 231
550 231
549 231
547 231
546 231
544 231
543 231
541 232
539 232
538 232
536 232
534 232
532 232
531 232
529 232
527 233
525 233
523 233
521 233
519 233
517 233
515 233
512 233
510 233
508 233
505 233
503 233
500 233
498 233
495 233
492 233
490 233
487 233
484 233
481 233
478 233
475 233
472 233
469 233
466 233
463 233
459 233
456 234
453 234
450 234
446 234
443 234
440 234
436 234
433 234
430 234
427 234
423 235
420 235
417 235
414 235
411 235
408 235
405 235
402 235
399 236
396 236
393 236
390 236
387 236
384 236
381 236
378 236
375 237
373 237
370 237
367 237
365 237
363 238
360 238
358 238
356 238
354 238
353 238
351 238
350 238
349 239
348 238
347 239
346 239
345 239
345 238
345 237
345 236
344 236
344 235
344 234
344 233
344 232
344 231
344 230
344 228
344 227
344 226
344 224
344 223
344 222
344 220
344 219
344 217
344 216
344 214
344 213
344 211
344 210
344 208
344 207
344 205
344 204
344 202
344 201
344 199
345 197
345 196
345 194
345 193
345 191
345 190
345 188
346 187
346 186
346 184
346 183
346 182
347 180
347 179
347 178
347 177
347 176
347 175
347 174
347 173
348 172
348 171
348 170
348 169
348 168
349 167
350 167
350 166
351 166
351 165
352 165
353 164
354 163
355 163
356 162
357 161
358 161
359 160
361 159
362 158
363 157
365 156
367 155
368 154
370 153
372 152
374 151
376 150
378 149
380 148
382 147
384 146
386 144
388 143
390 142
392 141
394 140
397 139
399 138
401 137
403 136
405 135
408 134
410 133
412 132
414 130
416 129
418 128
421 127
423 126
425 125
427 125
429 124
431 123
432 122
434 121
436 120
437 120
438 119
439 119
440 118
441 118
442 118
442 118
