287
364 158
368 157
370 156
373 156
376 156
378 155
381 155
385 155
388 155
391 155
394 155
396 154
399 154
402 154
406 154
409 154
411 153
414 153
417 153
420 153
423 153
425 152
428 152
431 152
434 152
437 151
440 151
443 151
446 151
449 150
452 150
455 150
458 150
461 150
465 150
467 149
470 149
473 149
477 149
480 149
482 148
485 148
486 150
486 153
486 156
487 158
487 161
488 163
488 166
488 169
489 171
489 174
489 177
489 181
489 185
489 188
489 191
489 194
490 196
490 199
490 202
490 205
490 208
490 211
489 214
489 217
489 220
489 223
489 226
488 230
488 233
488 236
488 239
488 242
488 245
488 248
488 251
488 254
488 257
488 260
488 264
488 268
488 272
488 276
487 278
487 281
487 284
487 287
487 290
487 294
487 297
487 300
486 303
486 306
486 310
486 313
486 316
486 319
486 322
486 325
486 328
486 331
486 335
486 338
487 342
487 345
487 348
488 351
488 354
488 357
487 359
484 359
481 359
478 359
474 359
471 358
468 358
465 358
461 358
457 358
453 358
449 358
445 358
443 357
440 357
436 357
432 357
428 357
424 357
422 356
419 356
415 356
412 356
408 356
405 356
403 355
400 355
396 355
393 355
390 355
387 355
384 355
381 355
378 355
376 354
373 354
370 354
367 354
363 354
360 354
357 354
354 354
350 354
347 354
344 354
340 354
337 354
334 354
330 354
327 354
324 354
320 354
317 354
314 354
311 354
308 354
305 354
302 354
299 354
295 354
292 354
289 354
286 354
283 354
280 354
276 354
273 354
270 354
267 354
264 354
261 354
258 354
255 354
252 354
252 351
252 348
252 345
252 342
252 339
252 336
252 333
252 330
252 327
252 324
252 321
252 318
252 315
252 312
252 309
253 307
253 304
253 301
253 298
253 295
254 293
254 290
255 288
255 285
256 282
256 279
256 276
257 274
257 271
258 269
258 266
259 263
259 260
259 257
259 254
259 251
260 249
260 246
260 243
260 240
261 238
261 235
261 232
261 228
262 226
262 223
262 220
263 218
263 215
263 212
264 210
266 208
268 207
270 206
272 205
274 204
276 203
278 202
280 201
282 199
284 198
286 197
288 196
290 195
292 194
294 193
297 192
299 191
302 190
304 189
306 188
308 187
310 186
312 185
315 184
317 183
320 182
323 181
325 180
328 178
330 177
332 176
335 175
337 174
339 173
341 172
343 171
346 170
348 169
350 168
352 167
354 166
356 165
358 164
360 163
362 162
364 161
366 160
368 159
370 158
372 157
375 157
376 156
