199
207 68
213 67
214 67
216 66
218 66
220 66
223 66
225 66
228 65
231 65
234 65
237 65
241 65
244 64
247 64
251 64
254 64
258 64
261 64
264 63
267 63
270 63
273 63
276 63
279 63
281 62
283 62
285 62
287 62
288 62
290 62
291 62
292 62
293 62
294 62
294 63
294 64
294 65
294 66
294 67
294 68
294 70
294 71
294 73
294 75
294 77
295 79
295 81
295 84
295 86
295 89
296 92
296 96
296 99
296 102
297 106
297 109
297 113
297 117
298 120
298 124
298 127
298 131
298 134
299 137
299 140
299 143
299 146
299 149
299 152
299 154
299 156
299 159
298 160
298 162
298 164
298 165
298 166
298 168
298 169
298 170
298 171
298 172
298 173
297 173
296 173
296 172
295 172
294 172
292 172
291 172
289 172
287 172
285 172
282 172
279 172
276 172
273 173
269 173
265 173
261 173
256 174
252 174
247 175
242 176
237 176
232 177
227 178
223 178
218 179
213 180
208 181
203 181
199 182
194 182
190 183
186 183
182 184
179 184
176 184
173 185
170 185
168 185
166 185
164 185
163 186
161 186
160 186
159 186
159 185
158 184
158 183
158 182
158 181
158 180
158 178
157 176
157 174
157 172
157 170
156 167
156 165
156 162
156 159
155 156
155 153
155 150
154 147
154 144
154 142
153 139
153 137
153 135
152 133
152 132
152 130
152 129
151 128
151 127
151 126
150 125
151 125
151 124
152 123
152 122
153 121
154 120
155 118
156 117
157 115
159 113
160 111
162 109
164 107
166 105
169 102
171 100
173 97
176 95
178 92
180 90
182 88
185 85
187 83
189 81
191 80
193 78
195 76
196 75
198 73
199 72
201 71
202 70
203 69
204 68
205 67
206 66
206 65
205 66
