362
231 77
235 78
236 78
237 78
239 78
240 78
242 78
244 78
246 79
248 79
250 79
252 79
255 79
257 79
259 79
262 79
264 79
267 79
269 80
272 80
274 80
277 80
279 80
282 80
284 80
286 80
289 80
291 80
293 80
296 80
298 80
301 80
303 80
305 80
307 80
309 80
311 80
313 80
315 80
317 80
320 80
322 80
324 80
326 80
328 80
330 80
332 80
333 80
335 80
336 80
338 80
339 80
340 80
341 80
342 80
343 80
344 80
344 81
344 82
344 83
343 83
343 84
343 85
342 86
342 87
342 88
341 89
341 90
341 91
340 92
340 93
340 94
340 95
339 96
339 97
339 99
339 100
339 102
339 103
339 105
339 107
339 108
339 110
339 112
339 114
339 115
339 117
339 119
339 121
338 123
338 125
338 127
338 129
338 131
338 133
338 135
337 137
337 139
337 141
337 143
337 145
337 147
336 149
336 151
336 153
336 155
336 157
336 159
336 161
336 163
336 165
336 167
336 170
335 172
335 174
335 176
335 178
335 180
335 182
334 184
334 186
334 188
334 190
334 193
334 195
334 197
334 199
333 201
333 203
333 205
333 207
333 209
333 210
333 212
332 214
332 216
332 218
332 220
332 222
332 223
332 224
332 226
332 227
333 228
333 229
333 230
333 231
333 232
333 233
333 234
333 235
332 235
332 236
332 237
331 237
330 237
329 237
328 237
327 236
325 236
324 236
323 236
321 236
319 236
317 236
315 235
314 235
312 235
310 235
308 235
306 234
304 234
302 234
300 234
298 234
296 233
293 233
291 233
289 233
287 232
284 232
282 232
279 231
277 231
274 231
272 231
269 230
266 230
263 230
261 230
258 229
255 229
252 229
249 228
246 228
243 228
240 228
237 228
234 228
231 227
227 227
224 227
221 227
218 227
215 227
212 227
208 227
205 227
202 227
199 227
196 227
193 227
190 227
187 227
184 227
181 227
178 227
176 227
174 227
172 228
169 228
168 228
166 228
164 228
162 228
161 228
159 228
158 228
157 228
156 228
155 228
154 228
153 227
152 227
152 226
152 225
151 225
151 224
151 223
151 222
150 221
150 220
150 219
149 218
149 217
149 216
148 214
148 213
148 212
148 210
147 209
147 208
147 207
147 205
146 204
146 203
146 202
146 200
146 199
145 198
145 197
145 195
145 194
144 193
144 192
144 191
144 190
144 189
144 188
144 187
143 187
143 186
143 185
143 184
142 184
142 183
143 183
143 182
143 181
144 181
144 180
145 180
145 179
146 178
147 177
147 176
148 175
149 174
149 172
150 171
150 170
151 169
152 167
153 166
154 165
155 164
155 162
157 161
158 160
159 158
160 157
162 156
163 154
165 153
166 151
168 149
169 148
170 146
171 145
173 143
174 142
175 140
176 139
178 138
179 137
180 135
182 134
183 133
185 132
186 130
188 129
189 127
191 126
193 124
194 123
195 121
197 120
198 119
199 118
201 116
202 115
204 114
205 113
207 112
209 111
210 109
212 108
213 107
215 105
216 104
217 103
218 101
219 100
220 99
221 98
222 97
223 95
224 94
225 94
226 93
226 92
227 91
228 90
229 90
229 89
230 89
231 88
232 88
232 87
233 87
233 86
234 85
