298
348 137
351 135
352 134
355 134
357 133
359 133
362 132
365 132
368 131
371 131
374 130
377 130
380 130
383 129
386 129
389 129
391 128
394 128
397 128
400 127
402 127
405 127
408 127
410 126
412 126
415 126
417 125
419 125
422 125
424 125
426 125
428 124
430 124
432 124
434 124
436 124
437 123
439 123
440 123
442 123
443 123
444 122
446 122
447 122
448 122
449 122
450 122
451 122
452 122
453 122
454 121
455 122
455 123
456 124
456 125
456 126
457 127
457 128
457 129
458 130
458 132
458 133
458 135
458 136
458 138
458 140
459 142
459 144
459 145
459 147
459 149
459 151
459 152
460 154
460 155
460 157
460 158
460 160
460 161
460 163
460 164
460 166
461 167
461 168
461 170
461 171
461 173
461 174
461 176
461 177
461 178
462 180
462 182
462 183
462 185
463 187
463 189
463 190
463 192
463 194
463 196
464 197
464 199
464 201
464 202
464 204
464 205
464 207
464 208
464 209
464 210
464 212
464 213
464 214
464 215
464 216
464 217
464 218
464 219
463 219
462 219
461 219
460 220
459 220
458 220
457 220
456 220
455 220
454 220
452 220
451 220
449 220
448 220
446 220
444 220
442 220
441 221
439 221
437 221
435 221
434 221
432 221
430 221
428 221
427 221
425 221
423 221
421 221
419 221
418 222
416 222
414 222
412 222
411 222
409 222
407 222
406 222
404 222
402 222
400 222
398 222
397 222
395 222
393 222
391 222
389 223
387 223
385 223
384 223
382 223
380 223
378 223
376 223
373 223
371 223
369 224
367 224
365 224
363 224
361 224
360 224
358 225
356 225
354 225
352 225
350 225
348 226
346 226
345 226
343 226
342 226
340 227
339 227
337 227
336 227
334 228
332 228
331 228
329 228
328 229
327 229
325 229
324 229
323 230
322 230
321 230
320 230
319 230
318 230
318 229
317 229
317 228
316 228
316 227
315 226
315 225
314 224
314 223
313 222
313 220
312 219
312 217
311 215
311 214
310 212
310 210
309 208
309 206
308 204
308 203
307 201
307 199
306 197
306 195
305 194
305 192
304 190
304 189
304 187
303 186
303 184
303 183
303 182
302 181
302 180
302 179
302 178
302 177
302 176
302 175
301 174
301 173
301 172
301 171
302 171
303 171
304 170
305 170
305 169
306 169
307 168
308 167
310 166
311 165
312 164
314 163
315 162
316 161
318 160
319 159
321 157
323 156
324 155
326 154
328 153
329 152
331 151
333 150
334 149
336 148
337 147
339 146
341 145
342 144
344 143
345 142
346 141
347 140
348 139
349 139
349 138
350 138
350 137
351 137
351 136
352 136
352 135
353 135
