214
245 91
249 90
250 90
251 90
253 90
255 90
257 90
259 90
262 90
265 90
269 89
272 89
276 89
281 89
285 88
290 88
295 88
300 87
304 87
309 87
314 86
319 86
324 86
329 86
334 86
338 85
342 85
346 85
350 85
354 85
357 85
360 85
362 85
364 85
366 85
368 85
369 85
371 85
372 85
373 85
373 86
374 86
374 87
374 88
374 89
374 90
374 91
374 92
375 94
375 96
375 98
375 100
376 103
376 105
377 108
377 111
377 114
378 117
378 121
378 125
378 128
379 132
379 136
379 140
379 143
379 147
380 151
380 155
380 158
381 162
381 165
381 169
382 172
382 175
383 178
383 180
383 183
384 185
384 187
384 188
384 190
385 191
385 192
385 193
385 194
385 195
384 195
383 195
382 195
381 196
379 196
377 197
375 197
372 197
369 198
366 199
363 199
359 200
355 200
351 201
346 201
342 202
337 202
332 203
327 203
322 204
317 204
311 205
305 205
300 206
294 206
288 206
282 207
276 207
270 208
265 208
259 208
253 209
247 209
242 209
236 210
231 210
226 210
221 211
216 211
212 211
208 212
204 212
200 212
197 212
194 213
192 213
189 213
187 213
186 214
184 214
183 214
182 214
182 215
181 215
181 214
181 213
180 212
180 211
180 209
180 208
179 206
179 204
179 202
178 199
178 196
177 193
177 190
176 187
175 183
175 180
174 176
173 173
173 170
172 166
171 163
171 160
170 158
170 155
169 153
168 151
168 149
167 147
167 146
166 145
166 144
166 143
165 142
165 141
165 140
166 140
167 139
168 138
169 138
170 137
172 135
174 134
176 133
178 131
181 130
184 128
187 126
190 124
193 122
197 120
201 119
204 117
208 115
211 113
215 112
218 110
221 109
224 107
227 106
230 104
233 103
235 102
238 101
240 100
242 98
244 98
245 97
246 96
248 95
249 95
250 94
249 93
248 93
247 93
