315
442 110
448 109
449 109
451 108
452 108
454 108
456 108
458 108
460 108
463 108
465 108
468 108
470 108
473 107
476 107
479 107
482 107
485 107
488 107
491 107
495 107
498 107
501 107
504 107
507 107
511 107
514 107
517 107
520 107
523 107
527 107
530 107
533 108
536 108
539 108
542 108
545 108
548 108
550 108
553 108
555 108
557 108
559 108
561 108
562 108
564 108
565 108
566 108
567 108
567 109
567 110
567 111
567 112
567 113
567 114
567 115
567 116
566 117
566 119
566 120
566 121
566 123
566 124
566 126
566 127
566 129
566 131
566 132
566 134
566 135
566 137
565 139
565 141
565 143
565 145
565 147
565 149
565 151
565 153
565 155
565 157
565 159
565 161
565 163
565 164
565 167
565 169
565 171
565 173
565 175
565 177
565 180
565 182
565 184
565 186
565 188
565 190
565 190
565 192
565 194
564 195
564 197
564 197
564 199
564 201
564 202
564 203
564 205
564 206
564 207
564 208
564 209
563 209
563 210
562 210
561 210
560 210
559 210
558 210
557 210
556 210
555 211
554 211
552 211
551 211
550 211
548 212
546 212
545 212
543 213
541 213
539 213
537 213
535 214
533 214
531 214
529 214
527 214
525 214
523 214
521 214
518 215
516 215
513 215
511 215
508 215
506 215
503 215
500 215
498 215
495 215
492 215
489 215
487 215
484 215
481 216
477 216
474 216
471 216
468 216
465 216
462 216
459 217
455 217
452 217
449 217
446 217
443 218
440 218
437 218
433 218
430 218
427 219
424 219
421 219
418 219
415 219
411 220
408 220
405 220
402 220
399 220
397 221
394 221
391 221
389 221
386 221
384 221
382 222
379 222
377 222
375 222
374 222
372 222
370 223
369 223
368 223
367 223
366 223
365 223
364 223
363 223
362 223
362 222
362 221
362 220
362 219
363 218
363 217
363 216
363 215
363 214
363 213
363 212
363 211
363 209
363 208
363 207
363 206
363 204
363 203
363 201
363 200
363 198
363 197
363 195
363 194
363 193
363 191
363 190
363 188
363 187
363 186
363 184
363 183
363 181
363 180
363 178
362 177
362 176
362 174
362 173
362 171
362 170
362 169
362 167
362 166
362 165
362 164
362 163
362 162
361 162
361 161
361 160
361 159
361 158
361 157
362 156
363 156
364 155
365 155
366 154
367 154
368 153
369 153
370 152
371 151
372 151
373 150
374 149
376 149
377 148
378 147
380 146
382 146
383 145
385 144
387 143
389 142
391 141
392 140
394 139
397 138
399 137
401 136
403 135
406 134
408 133
410 132
413 131
415 130
417 129
419 127
421 126
423 126
425 125
427 124
429 123
431 121
433 121
434 120
436 119
437 118
439 117
440 116
441 116
442 115
443 115
444 114
445 114
445 113
446 113
447 113
446 114
446 114
