213
176 66
181 65
183 65
184 64
186 64
188 64
190 63
193 63
195 63
198 62
201 62
205 61
208 61
212 61
215 61
219 60
223 60
227 60
231 59
235 59
239 59
243 59
247 58
251 58
255 58
258 58
261 57
265 57
267 57
270 57
273 57
275 57
277 57
278 56
280 56
281 56
282 56
283 56
284 56
284 57
284 58
284 59
284 60
284 61
284 62
284 63
284 65
284 66
285 68
285 69
285 71
285 73
285 75
285 77
285 80
286 82
286 85
286 88
286 91
286 94
286 97
286 100
287 103
287 106
287 109
287 112
287 115
288 118
288 121
288 124
288 127
288 130
288 133
289 135
289 138
289 140
289 142
289 144
289 146
289 148
289 150
289 152
289 153
289 154
289 155
289 156
289 157
289 158
289 159
289 160
288 159
287 160
286 159
285 159
283 159
282 159
281 159
279 159
277 159
275 159
272 159
270 159
267 159
264 159
261 160
257 160
254 160
250 160
247 160
243 160
239 161
235 161
231 161
227 162
222 162
218 162
214 163
210 163
205 163
201 164
197 164
193 164
188 164
184 165
180 165
176 165
172 165
168 166
165 166
161 166
158 166
155 167
152 167
149 167
147 167
145 168
142 168
141 168
139 168
138 168
136 168
135 168
134 168
134 167
134 166
134 165
134 164
134 163
134 161
134 160
134 158
134 156
134 154
134 152
134 149
134 147
134 144
133 142
133 139
133 137
133 134
133 132
132 129
132 127
132 125
131 123
131 121
131 119
131 117
131 115
130 114
130 113
130 112
130 111
130 110
130 109
130 108
130 107
131 107
131 106
132 106
133 105
133 104
134 103
136 102
137 101
139 100
140 98
142 96
145 94
147 92
149 90
152 88
155 86
157 84
160 82
163 80
165 78
168 76
171 74
173 72
175 70
177 69
179 68
180 66
182 65
183 64
184 64
185 63
186 62
187 62
188 62
188 61
