251
197 92
202 90
203 90
204 90
206 90
208 90
210 89
212 89
215 89
217 89
220 89
223 89
227 88
230 88
234 88
238 88
241 88
245 88
249 88
253 88
257 88
262 88
266 88
270 88
274 88
278 88
282 88
286 88
290 87
294 87
298 87
301 87
304 87
307 87
309 87
312 87
314 86
316 86
317 86
318 86
319 86
320 86
321 86
322 86
322 87
322 88
322 89
322 90
322 91
322 92
322 93
323 94
323 95
323 97
324 98
324 100
324 102
325 104
325 105
325 108
326 110
326 112
326 114
327 117
327 120
327 122
328 125
328 128
328 131
328 134
329 138
329 141
329 144
330 148
330 151
330 154
330 158
331 161
331 165
331 168
331 172
331 175
331 179
331 182
331 185
331 188
331 191
332 194
332 197
332 199
331 201
332 203
332 205
331 207
331 209
331 210
331 211
332 212
332 213
331 213
331 214
331 215
331 214
330 214
329 214
328 214
326 214
325 214
324 214
322 214
321 215
319 215
316 215
314 215
312 215
309 216
306 216
303 216
300 217
297 217
293 217
290 218
286 218
282 219
278 219
274 220
270 220
265 221
261 221
257 222
253 223
249 223
245 224
241 224
237 225
233 225
229 226
225 226
222 227
218 227
214 227
211 228
207 228
204 228
201 229
198 229
195 229
192 229
189 230
186 230
184 230
181 230
179 230
177 231
174 231
172 231
171 231
169 231
167 231
166 231
165 231
164 231
163 231
162 231
161 231
160 231
160 230
160 229
160 228
159 227
159 226
159 225
159 223
158 222
158 220
158 218
157 216
157 214
157 212
156 210
156 207
155 205
155 202
155 199
154 197
154 194
153 191
153 189
152 186
152 184
152 181
151 179
151 176
150 174
150 172
149 170
149 168
148 165
148 164
147 163
147 162
147 161
146 160
146 159
146 158
145 158
146 157
147 156
148 155
148 154
149 153
150 152
151 151
152 150
154 148
155 147
157 145
158 143
160 141
162 139
164 137
166 135
169 133
171 131
173 129
175 127
178 124
180 122
183 120
185 118
187 116
190 114
192 112
195 110
197 108
199 106
201 104
203 103
205 101
207 99
209 98
211 96
212 95
214 94
215 93
216 92
217 91
218 90
219 90
220 89
219 90
