218
361 164
367 163
370 163
372 162
375 162
379 162
383 162
386 161
390 161
393 161
396 161
399 161
403 161
407 160
410 160
414 160
418 160
422 160
426 160
430 160
434 160
438 160
442 160
446 159
450 159
454 159
459 159
463 159
467 159
471 159
475 159
479 159
482 159
485 159
485 162
484 165
484 168
484 171
484 175
484 179
484 183
484 187
485 189
485 192
485 195
485 198
485 201
486 204
486 207
486 210
487 213
487 216
487 220
487 223
487 227
487 230
486 233
486 236
486 240
486 243
486 246
485 249
485 253
485 257
485 260
485 263
484 266
484 269
484 273
484 277
484 280
484 283
484 286
484 289
485 292
485 295
485 298
485 301
485 304
485 307
486 309
486 312
486 316
486 320
486 323
487 325
486 327
484 326
481 326
478 326
475 326
472 326
470 327
467 327
463 327
459 327
456 327
451 327
447 327
444 327
439 326
435 326
432 326
428 326
425 326
421 326
417 326
412 326
408 326
404 326
401 326
397 326
393 326
389 326
386 326
382 326
378 326
374 326
370 327
365 327
361 327
357 327
353 327
349 327
346 327
342 327
338 327
334 327
329 328
325 328
321 328
317 328
313 328
309 329
306 329
303 329
300 329
297 329
294 329
293 327
293 324
293 321
293 318
294 315
294 312
294 309
294 306
295 304
295 301
296 298
296 295
296 292
296 289
297 287
297 284
297 281
297 278
297 275
297 272
297 269
297 266
297 263
297 260
297 257
297 254
298 252
298 249
298 246
298 243
298 240
298 237
298 234
298 231
299 229
299 226
299 223
298 221
300 220
302 219
304 217
306 216
308 215
310 214
312 212
314 211
316 210
318 209
320 208
322 206
325 205
327 203
329 202
331 200
334 199
336 197
338 195
340 194
342 192
344 191
346 189
348 188
350 186
352 185
354 184
356 183
358 181
360 179
362 178
364 176
366 175
367 173
369 172
370 170
372 169
374 167
376 166
378 165
380 164
