453
448 114
442 118
440 120
438 121
436 123
434 125
431 127
428 129
426 131
424 132
422 134
420 135
418 138
416 139
413 141
412 143
410 144
409 146
407 147
405 148
404 150
402 151
400 153
397 156
395 157
392 160
390 161
389 163
387 164
385 165
383 167
380 168
378 170
376 171
374 173
372 174
370 175
368 177
366 178
364 180
362 181
360 183
357 184
355 186
353 188
350 189
348 191
346 192
344 194
342 195
340 197
338 198
336 200
334 201
332 203
330 204
328 206
325 207
323 209
321 210
319 212
317 213
314 216
312 217
310 218
309 220
307 221
305 222
303 224
300 227
298 228
296 230
294 231
292 233
290 234
288 236
286 238
283 241
280 243
278 244
276 246
274 248
272 250
270 251
267 253
265 255
263 256
261 258
259 259
257 261
255 262
253 263
250 265
248 266
246 267
244 268
246 269
250 269
252 268
255 268
258 268
261 267
264 267
268 267
270 266
274 266
278 266
280 265
284 265
288 265
292 265
294 264
298 264
303 264
307 264
312 264
316 264
319 264
323 264
326 264
330 264
333 264
337 264
340 264
345 264
350 264
355 264
360 264
365 264
369 264
372 264
376 264
379 264
381 265
386 265
390 265
394 265
398 265
403 265
407 266
412 266
416 266
421 266
425 267
430 267
434 267
436 268
441 268
445 268
447 269
451 269
453 270
458 270
460 271
464 271
467 271
469 272
473 272
476 273
479 273
482 273
485 273
486 271
484 269
483 267
481 265
479 263
477 261
475 259
472 256
470 254
468 253
465 251
464 249
462 248
460 247
458 246
456 245
454 244
452 243
449 240
447 239
445 238
443 237
441 235
438 234
436 233
434 231
432 230
430 229
428 227
426 226
424 224
422 223
420 221
418 220
416 219
414 217
412 216
410 214
408 213
406 211
404 210
402 208
400 207
398 205
396 204
394 202
392 200
389 199
387 197
385 196
383 194
381 193
379 191
377 190
375 188
372 187
370 185
368 184
366 182
364 181
362 179
360 178
357 176
355 174
353 173
351 171
349 169
347 168
344 166
342 164
340 163
338 161
336 159
334 158
332 156
330 154
328 153
326 151
323 148
321 146
319 145
317 143
315 142
314 140
312 139
310 137
307 135
305 133
302 130
300 129
297 126
295 125
293 123
290 120
288 119
287 117
285 116
282 113
280 112
277 110
274 108
271 106
269 104
267 103
265 102
264 100
262 99
263 101
263 104
264 106
265 108
266 110
267 112
268 115
269 117
270 119
271 121
272 123
273 125
274 127
275 130
276 132
277 134
278 136
279 138
280 140
281 143
283 145
284 147
285 149
286 152
288 154
289 156
290 159
291 161
293 163
294 165
295 168
297 170
298 172
299 174
301 177
302 179
303 181
305 184
306 186
308 188
309 191
310 193
312 195
313 198
314 200
315 203
317 205
318 207
319 210
320 212
322 214
323 217
324 219
326 221
327 224
328 226
329 229
331 231
332 234
333 236
334 238
335 241
336 243
338 245
339 248
340 250
341 253
342 255
343 257
345 260
346 262
347 264
349 267
350 269
352 271
353 273
354 275
356 277
357 280
358 282
360 284
361 286
362 288
363 290
365 292
366 295
367 297
368 299
369 301
370 303
372 306
373 308
374 310
375 312
376 314
377 316
378 318
379 322
380 324
381 326
382 329
383 331
384 334
385 337
386 340
387 343
387 346
388 348
388 345
388 342
389 338
389 335
390 333
391 330
392 326
393 322
394 320
395 315
395 311
396 309
397 305
397 300
398 298
399 294
399 291
400 289
400 286
401 284
402 281
403 276
404 271
405 269
405 266
406 264
407 261
408 258
409 253
410 250
411 245
412 240
413 235
413 232
414 230
414 227
415 225
416 222
417 218
418 215
419 210
420 208
421 205
422 200
423 198
424 195
425 192
426 190
427 187
428 185
429 183
429 180
430 178
431 175
432 173
433 171
433 168
434 166
435 164
435 161
436 159
437 154
438 152
439 147
440 143
441 139
442 137
443 133
444 130
444 127
445 125
445 122
445 119
445 116
447 117
447 118
