427
418 152
415 157
413 159
412 161
410 163
409 165
408 167
406 168
405 170
403 172
401 173
400 175
398 177
396 179
394 181
393 183
391 184
390 186
388 187
387 189
386 191
385 193
383 195
381 197
380 199
378 201
376 203
375 205
374 207
372 209
371 211
370 213
368 215
367 217
366 219
365 221
363 223
362 225
360 227
359 229
358 231
357 233
356 235
354 237
353 239
351 240
349 242
348 244
346 246
344 248
343 250
341 251
340 253
339 255
337 256
336 258
334 259
333 261
331 263
330 265
328 267
326 268
325 270
323 272
321 274
319 276
317 278
315 280
314 282
312 284
310 286
309 288
307 289
306 291
304 292
302 294
300 296
298 297
296 299
294 301
292 302
290 304
288 306
286 308
284 309
282 311
280 313
278 314
276 315
279 315
282 315
285 315
287 314
290 314
293 313
296 313
300 312
303 312
307 312
309 311
312 311
316 311
319 310
322 310
326 310
329 310
333 310
336 309
339 309
342 309
345 309
349 309
352 309
355 309
357 308
360 308
363 308
366 308
370 308
373 308
376 308
379 308
382 308
385 308
388 308
391 308
395 308
398 308
401 308
404 308
407 308
410 308
413 308
416 308
419 308
423 308
426 308
429 308
432 308
434 309
437 309
440 309
443 309
447 309
450 309
454 309
456 310
459 310
462 310
465 310
468 310
470 311
473 311
475 312
478 312
477 310
475 309
474 307
472 306
470 304
468 303
466 302
464 300
462 298
460 297
458 296
456 294
454 293
452 292
450 291
448 289
446 288
444 286
441 285
439 283
437 282
435 281
433 279
431 278
429 277
427 276
425 275
423 273
421 272
419 271
417 269
415 268
413 266
410 265
408 263
405 262
403 260
400 259
398 257
396 255
393 254
391 252
389 251
387 250
385 249
383 247
380 246
377 244
375 243
373 242
370 240
368 239
365 237
363 236
361 234
359 233
357 231
355 229
353 228
350 226
348 225
346 223
344 222
342 220
340 219
338 217
336 215
334 214
332 213
330 212
328 210
326 209
324 208
322 206
320 205
318 204
316 202
314 201
312 199
310 198
308 196
306 195
304 194
302 193
300 192
298 191
296 189
294 188
292 187
290 186
288 184
286 183
284 182
282 181
280 179
277 178
274 177
271 175
268 173
265 172
262 170
259 168
257 167
255 165
253 164
251 163
249 162
250 165
251 167
252 169
253 171
254 173
256 175
257 177
258 179
259 181
261 183
262 185
264 187
265 189
267 192
269 194
271 196
273 198
274 200
276 202
277 204
278 206
280 208
282 210
283 212
285 214
287 216
288 218
289 220
291 222
292 224
294 226
296 228
297 230
299 232
300 234
302 236
304 239
306 241
307 244
309 247
311 249
312 251
314 253
316 255
318 257
319 259
321 262
323 264
324 266
326 268
327 270
329 272
331 275
333 277
334 280
336 282
338 284
339 287
341 289
342 291
344 294
345 296
347 298
348 300
350 302
351 305
353 307
354 310
356 312
357 315
358 317
360 319
361 322
363 324
364 326
366 329
367 331
369 333
371 336
372 338
374 340
376 342
377 344
379 346
381 348
382 350
383 352
385 354
386 356
387 358
388 360
390 362
391 364
392 366
393 368
394 370
395 368
395 365
396 363
396 360
396 357
396 354
397 352
397 349
397 346
397 343
397 340
397 337
397 334
397 331
397 328
398 326
398 323
398 320
398 317
398 314
399 312
399 309
399 305
399 302
399 299
399 296
399 293
399 290
399 287
399 284
400 281
400 277
400 273
400 269
400 265
401 262
401 259
401 256
402 253
402 250
402 247
402 244
403 242
403 239
403 236
403 233
403 230
403 227
403 224
403 220
403 216
402 214
402 211
402 207
402 204
402 200
402 196
402 193
402 190
402 187
402 184
403 182
403 178
403 175
403 172
403 169
403 166
403 163
404 164
