322
241 76
240 80
239 81
238 82
238 84
237 85
236 87
234 89
233 92
232 94
230 97
228 99
226 102
224 106
222 109
220 113
218 116
215 120
212 124
210 128
207 132
204 136
201 141
198 145
195 149
192 154
189 158
186 162
183 166
179 170
176 174
173 178
170 182
168 186
165 189
162 193
159 196
157 200
154 203
151 206
149 209
147 211
144 214
142 216
140 219
138 221
136 223
133 225
131 228
129 230
127 232
125 234
123 236
122 238
120 240
118 242
116 243
115 245
113 246
112 248
111 249
109 250
109 251
108 252
107 252
106 253
105 254
106 254
106 253
107 253
108 253
108 252
109 252
110 251
111 251
112 250
114 249
115 249
117 248
119 247
121 246
123 245
125 244
127 243
130 242
132 240
135 239
138 238
141 237
143 236
146 235
149 233
152 232
156 231
159 230
162 228
165 227
168 226
172 225
175 224
178 223
181 222
184 221
188 220
191 219
194 218
197 217
201 216
204 215
207 214
210 213
213 212
216 211
219 211
222 210
225 209
228 209
230 208
233 207
236 207
238 206
241 205
243 204
245 204
248 203
250 203
252 202
253 202
255 201
256 201
258 200
259 200
260 200
261 199
262 199
263 198
264 198
264 197
264 196
264 195
263 195
263 194
262 193
261 192
260 191
259 191
258 190
257 189
256 188
254 187
253 186
251 185
249 184
247 183
244 181
242 180
239 179
236 178
234 176
230 175
227 173
224 171
220 170
217 168
213 166
209 164
205 162
201 160
196 158
192 156
188 154
184 152
179 149
175 147
170 144
166 142
162 139
157 137
153 134
149 132
145 129
141 127
137 124
133 122
129 120
125 117
122 115
118 113
115 111
112 110
109 108
106 106
103 105
101 103
99 102
97 100
96 99
94 98
93 97
92 97
91 96
91 95
90 95
90 96
91 96
92 97
93 98
93 99
94 100
95 101
96 102
97 103
98 105
99 106
100 108
101 109
103 111
104 113
106 116
108 118
109 121
111 123
113 126
115 129
118 132
120 136
122 139
125 143
127 146
130 150
133 154
135 158
138 162
141 167
144 171
147 175
149 180
152 184
155 189
157 193
160 198
163 203
165 207
167 212
170 216
172 221
174 225
176 229
178 233
180 237
182 241
184 244
186 247
187 250
189 253
190 256
192 258
193 260
194 262
195 263
196 264
196 265
197 266
198 267
198 266
198 265
198 264
198 263
198 262
198 261
198 260
198 258
198 257
198 255
199 253
199 251
200 248
200 246
201 243
202 240
202 236
203 233
204 229
205 225
206 221
207 217
208 212
209 207
210 203
212 198
213 193
215 187
216 182
217 177
219 172
220 166
222 161
223 156
225 150
226 145
227 140
229 135
230 130
231 126
232 121
233 117
234 113
235 109
236 105
237 101
238 98
239 95
240 92
240 90
240 88
241 86
241 85
241 83
241 82
241 81
242 81
242 82
