340
254 69
253 74
253 75
252 76
252 77
251 78
250 80
249 81
248 83
247 85
245 87
244 90
242 93
240 95
237 99
235 102
233 105
230 109
227 113
224 117
221 121
218 125
215 129
211 133
208 138
204 142
200 147
196 151
192 156
188 160
184 165
180 170
176 174
172 179
168 184
164 188
160 193
156 198
152 202
148 206
144 211
141 215
137 219
133 222
130 226
127 229
124 232
121 235
119 237
117 239
115 241
114 243
112 244
111 245
110 245
110 246
109 246
110 246
110 245
111 245
112 245
113 245
114 245
115 245
116 245
117 245
119 245
121 245
123 244
125 244
128 244
131 243
134 242
137 242
140 241
143 240
147 240
151 239
155 238
159 237
163 236
167 236
172 235
176 234
181 234
185 233
190 232
195 232
199 231
204 231
209 230
214 230
218 230
223 229
228 229
233 229
238 228
242 228
247 228
262 227
267 227
272 227
277 227
282 227
286 226
291 226
296 226
300 226
305 225
309 225
314 225
318 224
322 224
326 224
329 224
333 223
336 223
339 223
342 223
344 223
346 222
348 222
350 222
351 222
353 222
354 222
355 222
355 221
354 221
354 220
353 220
352 219
351 218
350 218
349 217
347 216
346 215
344 214
343 212
341 211
339 210
336 208
334 207
331 205
328 203
325 202
321 200
318 198
314 196
310 193
305 191
301 189
296 187
291 184
286 181
281 179
276 176
271 173
265 170
260 167
254 164
249 161
243 158
238 154
232 151
227 148
221 144
216 141
210 137
205 134
199 130
194 127
189 123
183 120
178 117
173 114
168 110
163 107
158 104
154 102
149 99
145 96
141 93
137 91
133 89
129 86
126 84
123 83
120 81
117 79
115 78
113 77
111 75
109 74
108 74
107 73
106 72
105 72
105 71
104 71
105 72
106 73
106 74
107 74
108 75
109 77
110 78
112 79
113 81
114 83
116 84
118 86
119 88
121 91
123 93
125 96
127 99
129 102
132 105
134 108
136 111
139 115
142 119
144 123
147 126
150 130
153 135
156 139
159 143
162 148
165 152
168 157
172 162
175 166
178 171
182 176
185 181
188 185
192 190
195 195
198 200
202 204
205 209
208 214
211 218
214 223
216 228
219 232
221 236
223 241
226 245
228 249
230 253
232 257
233 261
235 264
237 267
238 270
240 273
242 276
243 278
245 281
246 283
247 284
249 286
250 288
251 289
252 290
253 290
253 291
254 291
255 291
256 291
257 290
257 289
257 288
257 287
258 285
258 283
258 282
258 280
258 277
258 275
258 272
258 270
259 267
259 264
259 260
259 257
260 253
260 249
260 245
260 241
261 237
261 232
261 228
261 223
261 218
262 213
262 207
262 202
263 197
263 191
263 186
264 180
264 174
265 168
265 162
266 157
266 151
267 145
267 139
267 133
268 128
268 122
268 116
269 111
269 105
270 100
270 95
271 90
271 86
271 81
272 77
272 74
272 70
273 67
273 64
273 61
273 59
273 57
273 55
273 54
273 53
273 52
273 51
272 50
272 49
272 48
271 47
