456
406 130
403 134
401 136
400 138
398 140
396 142
395 144
393 146
392 148
390 149
389 151
388 153
386 154
385 156
383 158
382 160
380 161
378 163
376 165
374 167
372 169
370 170
369 172
367 174
366 176
364 178
362 180
361 182
360 184
358 185
357 187
355 189
354 191
352 192
351 194
349 196
347 198
345 199
344 201
343 203
341 204
340 206
338 207
336 209
335 211
333 212
331 214
329 216
327 218
325 219
323 221
321 223
320 225
318 226
317 228
315 230
314 232
313 234
311 236
309 238
307 240
306 242
304 244
302 246
300 248
298 250
296 252
294 254
293 256
291 257
290 259
288 261
286 262
285 264
283 265
282 267
280 269
279 271
277 272
275 274
273 276
271 278
269 280
267 282
265 284
263 286
262 288
264 289
267 288
270 288
274 287
277 287
280 287
283 286
287 286
291 286
293 287
296 287
299 287
303 287
306 287
310 287
313 287
316 287
319 287
322 287
325 287
329 287
332 287
336 288
339 288
342 288
345 288
348 288
351 288
355 288
359 288
362 288
366 288
370 288
373 288
376 288
379 288
382 288
385 288
388 288
391 288
395 287
398 287
402 287
405 287
409 287
412 287
416 287
419 287
422 287
425 287
428 287
431 287
434 287
437 287
440 287
443 287
446 287
449 287
452 287
455 286
458 286
461 286
463 287
466 287
469 287
472 287
474 288
474 285
472 283
471 281
469 279
467 277
465 276
463 274
461 273
459 272
457 271
455 269
453 268
451 267
449 266
447 264
445 263
443 262
441 260
439 259
437 258
435 257
433 256
431 255
429 254
427 253
425 252
423 250
421 249
419 248
417 247
415 246
413 245
411 244
410 242
408 241
406 240
404 239
402 238
400 236
398 235
396 234
394 232
392 230
390 229
388 228
386 227
384 226
382 224
380 223
378 221
376 220
374 219
372 217
370 216
368 214
366 213
364 211
362 210
360 208
358 207
356 205
354 204
352 202
350 201
348 200
346 198
344 197
342 195
339 194
337 192
335 190
333 189
331 188
329 186
327 185
325 184
323 182
320 180
318 179
316 177
314 176
312 174
310 173
308 172
306 170
304 169
302 168
300 167
298 166
296 165
294 163
292 162
290 161
288 159
286 158
284 157
282 156
280 154
278 153
276 151
274 150
272 149
270 147
268 146
266 145
264 144
262 142
260 141
258 140
256 138
254 137
252 135
250 134
248 132
246 131
244 130
243 132
244 134
245 136
246 138
247 141
248 144
249 147
250 150
251 152
252 154
253 157
254 159
255 161
256 163
257 165
258 167
260 169
261 172
262 174
263 177
264 179
265 181
266 183
268 185
269 188
271 190
272 193
273 195
275 197
276 200
277 202
278 204
279 206
280 208
281 210
282 212
284 214
285 216
287 218
288 220
289 223
290 225
292 226
293 228
294 230
295 232
296 234
298 236
299 238
300 240
302 241
303 243
304 245
305 247
307 249
308 252
310 254
311 256
313 259
314 261
316 263
317 265
319 268
320 270
322 272
323 274
325 276
326 278
328 280
329 282
330 284
332 286
333 288
334 290
335 292
336 294
338 296
340 298
341 300
342 302
343 304
345 306
346 308
347 310
348 312
350 314
351 316
352 318
354 320
355 322
356 324
358 326
359 328
360 330
361 332
362 335
363 337
364 339
365 341
366 343
367 345
368 347
369 349
370 351
371 354
372 356
373 358
374 356
375 354
375 351
376 349
376 346
377 344
378 342
378 339
379 337
380 334
380 331
381 329
381 326
382 324
382 321
383 319
383 315
383 312
384 310
384 307
384 304
385 302
385 298
385 295
386 292
386 289
386 286
386 283
387 280
387 277
387 274
387 271
388 268
388 265
388 262
388 259
388 255
388 252
388 249
389 247
389 243
389 240
389 237
389 234
389 231
389 228
390 226
390 222
390 219
390 216
390 213
390 210
390 207
390 204
390 201
390 198
390 195
390 192
390 189
390 186
390 183
391 181
391 178
391 175
391 172
391 169
391 165
391 162
392 160
392 157
392 154
392 151
393 148
393 145
393 142
393 139
393 136
395 137
396 137
