752
500 113
496 118
495 119
494 118
493 119
492 121
491 122
489 124
488 126
486 128
485 130
484 135
483 137
481 138
480 140
479 142
478 143
477 145
476 146
475 147
474 149
473 150
472 152
471 153
470 154
469 156
468 157
466 159
465 160
464 161
463 163
462 164
461 165
460 167
459 168
458 170
457 171
456 172
455 174
454 175
453 177
452 178
450 180
449 181
448 182
447 184
446 186
445 187
444 188
443 190
442 191
441 193
440 194
439 196
438 197
436 199
435 200
434 202
433 204
432 205
431 207
430 208
429 209
428 211
427 212
426 214
425 215
424 217
423 218
422 219
421 221
421 222
420 223
418 226
417 227
417 228
416 230
415 231
414 232
413 233
413 235
412 236
411 237
410 238
409 239
408 241
408 242
407 243
406 245
405 246
404 248
403 249
402 250
401 252
400 253
399 254
398 255
397 257
396 258
395 259
394 260
393 262
392 263
391 264
390 266
389 267
388 268
387 270
386 271
385 272
384 274
382 275
381 276
380 278
379 279
378 280
377 281
376 283
375 284
374 285
373 287
372 288
371 289
370 291
369 292
368 293
367 295
366 296
365 297
364 298
363 300
362 301
361 302
361 304
360 305
359 306
358 307
357 309
356 310
355 311
355 312
354 313
353 314
352 315
351 316
350 315
350 314
350 313
349 311
349 310
349 309
349 307
349 305
349 304
349 302
349 300
349 298
348 296
348 294
348 292
348 290
348 288
348 286
347 284
347 282
347 280
347 278
347 276
347 274
346 272
346 270
346 268
346 266
345 264
345 262
345 260
344 258
344 256
344 254
344 252
343 250
343 248
343 246
343 244
343 242
342 240
342 237
342 235
342 233
342 231
342 229
341 227
341 225
341 222
341 220
341 218
341 216
341 214
340 212
340 210
340 208
340 206
340 205
339 203
339 201
339 199
339 198
339 196
338 194
338 193
338 191
338 189
337 187
337 186
337 184
336 182
336 181
336 179
336 178
335 176
335 175
335 173
335 171
334 169
334 167
334 165
333 163
333 161
332 159
332 157
332 155
332 153
331 151
331 150
331 148
331 146
331 144
330 143
330 141
330 139
330 137
330 136
330 134
329 132
329 131
329 129
329 127
329 125
329 124
328 122
328 120
328 118
328 116
328 114
327 113
327 111
327 110
327 108
327 107
326 106
326 104
326 103
326 102
326 101
325 99
325 98
325 97
325 96
325 95
325 94
325 93
324 92
324 91
324 90
324 89
324 88
324 87
324 86
324 85
324 84
325 83
326 83
326 84
327 84
328 84
329 84
330 85
331 85
332 85
333 86
335 86
336 87
338 88
339 88
341 89
342 90
344 91
345 92
347 93
348 94
350 94
352 95
353 96
355 97
357 98
358 99
360 100
362 101
363 102
365 103
366 104
368 106
369 107
371 108
372 109
374 110
375 112
377 113
378 114
380 116
381 117
383 118
385 119
386 120
388 121
389 123
391 124
392 125
394 126
396 127
397 129
399 130
400 131
402 133
404 134
406 136
408 137
410 138
411 139
413 141
415 142
417 143
419 144
421 145
422 147
424 148
426 149
428 150
430 151
432 152
434 153
436 154
437 156
439 157
441 158
443 159
445 160
446 161
448 162
450 164
451 165
453 166
455 167
456 169
458 170
460 171
462 172
463 173
465 175
467 176
469 177
470 178
472 180
474 181
476 182
477 184
479 185
481 186
483 187
484 189
486 190
488 191
490 192
491 194
493 195
495 196
496 198
498 199
499 200
501 201
502 202
503 203
505 205
506 206
508 207
509 208
511 209
512 210
513 211
515 212
516 213
517 214
519 215
520 216
521 218
522 219
523 220
524 221
525 222
526 223
527 224
529 225
530 226
531 226
532 227
533 228
534 229
535 230
536 230
538 231
539 232
540 233
541 234
542 234
543 235
545 236
546 236
547 237
548 238
549 239
550 239
551 240
552 241
553 241
554 242
555 243
556 243
557 244
558 245
559 245
560 246
561 246
562 247
563 247
564 248
565 249
566 250
567 250
568 251
569 251
570 251
570 252
571 252
572 253
573 254
574 254
574 255
575 255
575 256
574 256
573 256
572 255
571 255
570 255
569 255
568 255
567 255
565 255
564 254
562 254
561 254
559 254
558 254
556 254
554 253
553 253
551 253
549 253
547 253
545 252
543 252
540 252
538 251
536 251
534 251
531 250
529 250
527 250
524 249
522 249
520 248
517 248
515 247
512 246
509 246
507 245
504 245
501 244
499 243
496 243
493 242
490 241
488 241
485 240
482 239
480 238
477 237
474 237
472 236
469 235
466 234
463 234
461 233
458 232
455 231
453 230
450 230
447 229
445 228
442 228
440 227
437 226
434 226
432 225
429 224
426 223
424 223
421 222
418 221
416 220
413 220
411 219
408 218
406 217
403 217
400 216
398 215
395 215
393 214
390 214
388 213
385 212
382 212
380 211
377 211
374 210
371 210
369 209
366 209
363 208
360 208
358 207
355 207
352 206
350 206
347 205
344 205
342 204
339 204
337 203
334 203
332 203
329 202
327 202
325 201
322 201
320 200
317 200
315 199
313 199
311 198
308 198
306 197
304 197
301 197
299 196
297 196
294 195
292 195
290 195
288 194
286 194
284 193
281 193
279 193
277 192
275 192
273 192
271 191
269 191
266 191
264 190
262 190
260 190
258 190
256 189
254 189
252 189
250 189
248 188
246 188
244 188
242 188
240 188
239 188
237 188
236 187
234 187
233 187
232 187
231 187
230 187
230 186
231 186
232 185
233 185
234 185
235 185
237 184
238 184
240 183
242 183
244 183
246 182
248 182
250 181
253 181
255 180
257 180
260 179
262 178
265 178
268 177
271 177
273 176
276 176
279 175
282 174
285 174
288 173
290 173
293 172
296 171
299 171
302 170
305 169
308 169
311 168
313 167
316 167
318 166
321 166
324 165
327 164
329 164
332 163
335 163
337 162
339 162
342 161
344 161
346 160
349 160
351 159
353 159
355 158
358 158
360 158
362 157
365 157
367 156
370 156
372 155
374 155
377 154
379 154
382 153
384 152
386 152
389 151
391 151
393 150
396 150
398 149
400 149
402 148
405 148
407 147
409 147
411 146
413 146
415 145
417 145
418 145
420 144
422 144
424 143
426 143
427 143
429 142
431 142
433 141
435 141
436 141
438 140
439 140
441 139
443 139
444 139
445 138
447 138
448 138
450 138
451 137
453 137
454 137
455 136
457 136
458 135
460 135
462 135
463 134
465 134
466 134
467 133
469 133
470 133
471 133
472 132
474 132
475 132
476 131
477 131
478 131
479 131
480 130
481 130
482 130
483 129
484 129
485 129
486 129
487 129
488 129
489 128
490 128
491 128
492 128
493 127
494 126
495 125
495 124
