532
391 97
385 104
384 105
383 106
381 108
380 109
379 110
378 112
376 113
375 114
373 116
371 118
370 119
368 121
366 123
364 124
362 126
360 128
358 130
355 133
353 135
351 137
348 139
346 141
343 143
341 146
338 148
335 150
332 152
330 155
327 157
324 159
321 162
319 164
316 166
313 169
310 171
307 173
304 175
301 178
299 180
296 182
293 184
291 186
288 188
285 191
282 193
280 195
277 197
275 199
272 201
270 203
268 205
265 207
263 208
261 210
259 212
257 214
255 216
253 217
251 219
249 221
248 222
246 224
244 225
243 227
241 228
240 229
238 230
237 231
235 232
234 233
233 234
232 235
231 236
230 236
229 237
229 238
230 238
231 238
232 238
233 237
234 237
235 237
237 237
238 237
239 237
240 237
241 237
243 237
244 236
245 236
247 236
248 236
250 236
252 236
254 236
256 236
258 236
260 236
262 236
264 236
266 236
268 235
270 235
273 235
275 235
277 235
279 235
282 235
284 235
286 235
289 235
291 235
294 234
296 234
298 234
301 234
303 234
306 234
308 234
311 234
313 234
316 234
318 233
321 233
324 233
326 233
329 233
332 233
334 233
337 233
340 232
343 232
346 232
349 232
352 232
354 232
357 231
360 231
363 231
366 231
369 231
372 231
375 231
377 231
380 230
383 230
386 230
389 230
391 230
394 230
397 229
400 229
402 229
405 229
408 229
410 229
413 229
415 229
418 228
421 228
423 228
425 229
427 229
429 229
431 229
433 229
435 229
437 229
438 229
440 229
441 229
442 229
443 229
444 229
445 229
446 229
446 230
447 230
447 229
446 229
445 228
444 228
444 227
443 227
442 227
441 226
440 226
439 225
438 224
437 224
436 223
435 222
434 222
433 221
431 220
430 219
429 219
427 218
425 217
424 215
422 215
420 213
419 212
417 211
415 210
413 209
411 208
409 206
408 205
406 204
404 202
402 201
400 200
398 199
396 198
394 196
392 195
389 194
387 193
385 191
383 190
381 189
379 187
377 186
374 185
372 183
370 182
368 181
365 179
363 178
361 177
358 176
356 174
354 173
352 171
349 170
347 169
345 167
342 166
340 164
337 163
335 162
332 160
330 159
327 157
325 156
322 154
320 153
317 152
315 150
312 149
309 147
307 146
304 144
302 143
299 142
297 140
294 139
291 138
289 136
286 135
284 134
281 133
279 131
276 130
274 129
271 128
269 126
266 125
264 124
262 123
259 122
257 121
255 120
253 118
251 117
249 116
247 115
245 114
244 113
242 112
240 111
239 110
237 110
236 109
235 108
233 107
232 106
231 105
230 105
229 104
228 104
227 103
226 103
226 102
225 102
225 103
226 103
226 104
227 105
227 106
228 107
228 108
229 109
230 110
231 111
231 112
232 113
233 115
234 116
235 118
235 119
236 121
237 122
238 124
239 126
240 127
241 129
242 131
243 133
244 135
245 137
246 138
247 140
248 142
249 144
250 146
251 148
252 150
254 152
255 154
256 156
257 158
258 160
259 162
260 164
261 167
263 169
264 171
264 173
265 175
266 177
267 180
268 182
269 184
270 186
271 189
272 191
273 193
273 196
274 198
275 200
276 202
277 205
278 207
279 209
280 211
281 213
282 216
283 218
284 220
285 223
286 225
287 227
288 229
289 232
291 234
292 236
293 239
294 241
295 243
296 246
297 248
298 251
299 253
300 256
301 258
302 261
303 263
304 265
305 268
306 270
307 273
308 275
309 277
310 279
311 281
312 284
312 285
313 287
314 289
315 291
316 293
316 295
317 296
318 298
318 299
319 300
320 301
320 302
320 303
321 304
321 305
322 306
322 307
322 308
323 308
323 309
323 308
323 307
323 306
324 306
324 305
324 304
324 303
324 302
325 301
325 300
325 299
326 298
326 297
327 295
327 294
328 292
328 291
329 289
329 288
330 286
330 284
331 283
331 281
332 280
332 278
333 276
333 275
334 273
334 271
335 269
335 267
336 265
337 263
337 261
338 260
338 258
339 256
339 254
340 252
340 250
341 248
342 246
342 244
343 241
344 239
345 237
345 234
346 232
347 230
348 228
349 225
350 223
350 221
351 218
352 216
353 214
354 211
354 209
355 207
356 204
357 202
357 200
358 198
359 195
360 193
360 193
360 191
361 188
362 186
363 184
363 184
364 182
365 179
365 177
366 175
367 173
368 170
369 168
369 166
370 164
371 162
371 160
372 158
372 156
373 154
373 152
373 150
374 148
374 146
375 144
375 143
375 141
375 139
376 137
376 135
377 133
377 131
377 129
378 127
378 125
378 124
379 122
379 120
380 118
380 117
381 115
381 114
381 112
382 110
382 109
383 108
383 106
383 105
383 104
384 103
384 102
384 101
384 100
384 99
384 100
384 101
384 101
