517
394 50
391 54
390 55
390 56
389 57
388 58
387 59
387 61
386 62
385 64
384 65
383 66
382 68
381 69
381 69
380 71
379 72
378 74
377 75
376 77
375 78
374 80
373 81
372 83
371 84
369 86
368 87
367 89
365 90
364 92
363 93
361 95
360 97
358 98
357 100
356 102
354 103
353 105
351 107
350 109
349 111
347 113
346 115
344 117
343 119
341 121
340 122
338 124
337 126
335 129
334 131
332 133
331 135
329 137
327 139
326 142
324 144
322 146
320 148
319 150
317 153
315 155
313 157
311 160
309 162
307 165
305 167
303 169
301 172
300 174
298 176
296 179
295 181
293 183
291 186
289 188
287 191
285 193
283 195
281 197
280 199
278 201
276 203
274 205
272 207
271 210
269 212
267 214
265 216
263 218
260 220
258 222
256 224
254 225
252 227
250 229
248 230
246 232
245 233
244 234
242 235
241 236
240 237
239 238
239 239
240 239
241 239
242 239
243 238
244 238
245 238
246 238
247 238
248 238
249 238
250 238
251 238
253 238
254 238
256 238
257 238
259 238
261 238
263 238
265 237
267 237
269 237
271 237
274 237
276 237
278 237
281 237
284 236
286 236
289 236
292 236
295 236
298 236
301 236
305 235
308 235
311 235
315 235
318 235
322 235
325 235
329 234
332 234
336 234
339 234
343 234
346 234
350 234
354 234
357 234
361 234
364 234
368 234
371 234
375 234
378 234
382 234
385 234
388 235
392 235
395 235
399 235
402 235
405 235
409 236
412 236
416 236
419 236
423 236
426 237
430 237
433 237
436 238
440 238
443 238
446 239
449 239
451 239
454 239
456 239
458 240
460 240
461 240
463 240
464 240
465 240
466 240
467 240
467 239
467 238
466 238
466 237
465 237
465 236
464 236
463 235
462 234
461 233
460 232
459 232
458 231
457 229
455 228
454 227
453 226
451 225
450 224
448 222
446 221
444 220
442 218
441 217
439 215
437 213
435 212
433 210
430 208
428 206
426 204
424 203
421 201
419 199
416 197
413 195
411 193
408 191
406 190
403 187
400 185
398 183
395 181
392 179
389 177
386 175
383 172
381 170
378 168
375 166
372 164
369 161
366 159
363 157
360 154
358 152
355 150
352 148
349 145
347 143
344 141
341 138
338 136
336 134
333 131
330 129
327 127
327 127
325 125
322 122
319 120
316 118
316 118
313 116
311 114
308 111
305 109
302 107
299 105
297 102
294 100
291 98
288 96
285 94
283 92
280 90
277 88
274 86
272 84
269 82
267 80
264 79
262 77
259 75
257 73
254 71
252 70
250 68
248 66
246 65
244 64
242 62
241 61
239 60
238 59
236 58
235 57
234 56
233 55
232 55
231 54
230 54
230 55
230 56
230 57
231 58
231 60
231 61
232 62
233 64
234 65
234 67
235 69
236 71
237 73
238 75
239 77
240 80
241 82
243 85
244 87
245 90
246 92
247 95
249 98
250 100
251 103
253 106
254 109
256 112
257 115
259 118
260 121
262 123
263 126
265 129
266 132
268 135
269 138
270 141
272 144
273 147
275 151
276 154
278 157
279 160
281 163
282 166
284 169
285 173
287 176
288 179
290 183
291 186
292 189
294 193
295 196
296 199
298 202
299 206
300 209
302 212
303 216
305 219
306 222
308 225
309 229
311 232
312 235
314 239
315 242
317 246
318 249
319 253
321 256
322 260
323 264
324 267
325 271
326 274
327 278
328 282
329 285
330 289
331 292
332 296
333 299
334 302
335 305
336 308
337 311
338 314
339 317
340 320
341 322
341 325
342 327
343 329
344 331
344 333
345 334
346 336
346 337
347 338
347 339
348 340
349 341
350 341
351 341
351 340
352 339
352 338
352 337
353 336
353 335
353 334
354 332
354 331
355 329
355 328
356 326
356 324
357 322
357 320
358 318
358 315
359 313
359 311
360 308
360 306
361 304
361 301
362 299
362 296
362 294
363 291
363 288
363 286
364 283
364 280
364 277
365 274
365 271
366 268
366 265
367 262
367 259
367 256
368 253
368 250
369 247
369 243
370 240
371 237
371 234
372 231
372 227
373 224
373 221
374 217
374 214
375 210
375 207
376 203
376 200
377 197
377 193
378 189
379 186
379 182
380 179
380 175
381 171
381 168
381 164
382 160
382 157
383 153
383 150
383 146
383 143
384 139
384 136
384 133
384 129
385 126
385 123
385 120
385 116
386 113
386 110
387 107
387 104
388 100
388 97
389 94
390 91
391 89
391 86
392 83
393 80
394 78
394 75
395 73
395 71
396 70
396 68
396 67
396 66
397 65
396 65
396 64
395 64
395 64
