470
440 130
437 134
436 136
434 138
432 140
430 141
429 143
427 144
426 146
424 148
422 150
420 152
419 154
417 156
415 157
413 159
411 161
409 163
407 165
405 166
403 167
401 169
399 171
397 172
394 174
392 176
390 178
388 179
386 181
384 183
382 184
380 186
378 187
376 189
373 191
371 193
368 194
366 196
363 198
361 200
358 202
356 204
353 206
351 208
349 209
346 211
343 213
340 215
338 217
336 218
333 220
331 222
329 223
327 225
325 226
323 228
321 229
319 231
317 233
315 235
313 237
311 239
309 241
307 242
305 244
302 246
300 248
298 250
295 252
293 254
291 256
289 258
287 260
285 262
283 264
281 265
279 267
276 269
274 271
272 272
269 274
267 275
264 276
263 278
259 279
256 281
253 283
250 284
248 286
245 287
243 288
245 287
248 288
251 288
254 288
257 288
259 289
262 289
265 289
268 289
271 289
274 289
277 289
280 289
283 289
287 289
290 289
293 289
297 289
300 289
304 289
307 289
310 289
313 289
316 289
319 289
322 289
325 289
329 289
332 289
335 289
338 290
341 290
344 290
347 290
350 290
354 290
357 290
360 290
364 290
367 289
370 289
373 289
377 289
380 289
384 289
387 289
390 288
393 288
396 288
399 288
402 288
405 288
408 288
411 288
413 287
416 287
419 287
422 287
425 287
428 287
431 287
434 287
438 286
441 286
444 286
447 285
450 285
454 285
458 285
461 285
464 285
467 285
469 286
472 286
475 286
474 283
472 281
470 280
468 279
466 277
464 275
462 274
460 272
458 271
456 270
454 269
451 267
449 266
446 265
444 264
442 262
440 261
438 259
435 258
433 256
431 255
429 253
426 252
424 250
422 249
420 248
418 246
415 244
413 243
411 241
409 239
407 238
405 237
402 235
400 233
398 231
395 229
393 227
391 226
389 224
387 223
385 222
383 221
381 219
378 218
376 216
373 214
371 213
369 212
367 211
365 210
363 208
361 207
359 206
357 205
355 203
353 202
351 201
348 199
346 198
343 197
341 195
338 194
336 193
333 191
330 190
328 188
326 187
323 186
320 184
317 183
315 181
313 180
311 179
309 178
307 176
305 175
303 173
300 172
298 171
295 169
292 168
289 166
287 165
285 164
283 163
280 161
278 160
275 158
273 157
270 155
268 154
266 153
264 151
261 150
259 148
257 147
255 145
253 144
251 143
249 142
247 141
245 140
243 139
244 141
245 144
245 147
246 149
247 151
248 153
249 155
251 157
252 159
253 161
255 163
256 166
258 168
259 170
261 173
262 175
263 178
265 180
266 182
267 184
268 187
269 189
271 191
272 194
273 196
274 198
276 201
277 203
278 206
279 208
280 210
281 213
282 215
283 217
284 220
285 222
286 225
287 227
288 230
289 233
290 235
291 238
292 240
293 242
294 244
295 247
296 250
297 252
298 255
299 258
300 261
301 264
302 267
303 270
304 272
305 275
306 278
307 281
309 284
310 286
311 289
312 292
313 294
314 297
315 299
316 301
317 303
318 306
319 308
320 311
321 314
322 318
323 320
324 323
325 327
326 329
327 331
328 334
329 336
330 339
331 341
332 345
333 347
334 350
335 352
336 355
337 358
337 361
338 363
339 365
339 368
340 370
341 372
342 375
343 378
344 381
345 384
345 387
346 389
347 387
348 385
349 383
350 381
351 379
352 377
354 375
355 373
356 371
357 369
358 367
359 365
360 363
361 361
362 359
363 357
365 354
366 352
367 350
368 348
369 346
370 343
372 341
373 339
374 336
375 333
377 330
378 328
379 326
380 323
381 321
382 319
383 316
384 313
385 310
386 308
387 305
388 302
388 299
389 296
390 293
391 290
392 287
393 283
393 280
394 278
395 275
395 271
396 269
397 266
398 264
399 260
400 258
401 254
402 252
403 250
404 246
405 244
406 241
407 239
408 237
409 235
410 233
411 229
413 226
414 222
415 220
416 218
417 215
418 213
419 211
420 207
421 205
422 201
423 199
424 195
425 193
426 191
427 189
428 186
429 184
430 182
431 180
432 177
433 173
434 171
435 168
436 165
436 162
437 159
438 156
439 154
439 151
440 149
441 147
442 144
442 141
443 139
444 136
445 133
446 131
