635
447 75
445 78
445 79
444 80
444 81
444 83
444 84
443 86
443 88
442 90
442 92
441 94
441 96
440 98
440 99
440 101
439 103
439 105
438 107
438 108
437 110
437 112
436 114
436 116
435 118
435 120
434 121
434 123
434 124
433 126
433 127
432 129
432 130
431 132
431 134
431 135
430 137
430 138
429 140
429 142
428 144
428 145
428 147
427 149
427 150
426 152
426 153
425 155
425 156
424 158
424 160
424 161
423 163
423 165
422 166
421 168
421 170
420 171
419 173
419 174
418 176
417 177
417 179
416 180
415 182
415 183
414 185
413 186
413 188
412 189
411 190
410 192
410 193
409 195
408 196
407 198
407 199
406 201
405 202
405 204
404 205
403 206
403 208
402 209
401 211
401 212
400 213
399 215
399 216
398 218
397 219
397 221
397 222
396 224
396 225
395 227
395 228
394 229
394 230
393 232
393 233
392 234
392 235
391 237
391 238
390 240
390 241
389 243
389 245
388 246
387 248
387 250
386 251
385 253
385 255
384 256
383 258
383 260
382 261
382 263
381 264
381 265
381 267
380 268
380 269
379 271
379 272
379 273
378 274
378 275
377 276
377 277
376 278
375 278
375 277
374 277
374 276
373 275
373 274
372 273
371 272
371 270
370 269
369 267
368 266
367 264
367 262
366 260
365 259
364 257
363 255
362 253
361 250
359 248
358 246
354 240
353 238
352 236
351 234
349 231
348 229
347 227
346 224
344 222
343 219
342 217
341 214
339 212
338 209
337 207
336 205
335 203
333 200
332 198
331 196
330 193
329 191
327 188
326 186
325 183
324 181
322 178
321 176
320 174
319 172
318 169
317 167
316 165
315 163
314 161
313 158
312 156
311 154
310 152
309 150
308 149
307 147
306 145
305 143
304 141
303 139
303 137
302 136
301 134
300 132
299 130
298 129
297 127
296 125
295 124
294 122
294 120
293 118
292 117
291 115
291 113
290 111
289 110
288 108
288 106
287 104
286 103
286 101
285 100
285 99
284 97
283 96
283 95
282 93
282 92
281 91
281 89
280 88
280 87
279 86
279 85
279 84
278 83
278 82
278 81
278 80
279 80
280 79
281 79
282 79
283 79
284 80
285 80
287 80
288 80
289 80
291 80
292 81
294 81
296 81
297 82
299 82
300 82
302 83
304 83
306 84
307 84
309 85
310 85
312 86
314 87
315 87
317 88
318 89
320 90
322 90
323 91
325 92
327 93
328 93
330 94
332 95
334 95
335 96
337 97
339 98
341 98
343 99
345 100
347 100
349 101
351 102
353 102
355 103
357 104
360 104
362 105
364 106
366 107
368 108
370 108
372 109
375 110
377 111
379 112
381 113
383 114
386 115
388 116
390 116
392 117
394 118
396 119
398 120
400 120
403 121
405 122
407 123
409 124
411 124
413 125
415 126
417 127
418 128
420 129
422 130
424 131
426 132
428 133
430 133
432 134
434 135
437 136
439 137
441 138
443 139
445 140
447 141
449 142
451 143
453 144
455 145
458 145
460 146
462 147
465 148
467 149
469 150
471 151
474 152
476 153
478 153
481 154
483 155
485 156
488 157
490 157
492 158
495 159
497 160
499 160
501 161
504 162
506 163
508 164
510 164
512 165
514 166
516 167
518 167
520 168
522 169
523 169
525 170
527 171
528 171
530 172
531 172
533 173
534 173
535 174
537 175
538 175
539 176
540 176
542 177
543 177
544 177
545 178
546 178
546 179
547 179
548 179
549 180
550 181
551 181
551 182
552 182
552 183
551 183
550 184
549 184
548 184
547 185
545 185
544 185
542 185
541 186
539 186
537 186
535 186
533 187
531 187
528 187
526 188
524 188
521 188
519 188
516 189
514 189
511 189
508 189
505 190
502 190
499 190
496 191
493 191
490 191
487 191
483 192
480 192
477 192
474 192
471 192
468 192
465 192
462 192
460 193
456 193
453 193
450 193
448 193
445 193
442 193
439 193
436 194
433 194
430 194
427 194
424 194
421 194
418 194
415 194
412 195
409 195
406 195
403 195
401 195
398 195
395 195
392 195
389 195
386 195
383 195
380 195
377 195
374 196
371 196
368 196
365 196
362 197
359 197
357 197
354 197
351 198
348 198
345 198
342 198
339 198
336 199
333 199
330 199
327 200
324 200
321 200
319 200
316 201
313 201
310 201
308 201
305 201
302 202
300 202
297 202
295 202
292 203
290 203
288 203
286 203
283 203
281 203
279 204
277 204
275 204
273 204
271 204
269 204
267 205
265 205
264 205
262 205
261 205
260 205
259 205
258 205
257 205
256 205
255 205
255 204
254 204
254 203
254 202
255 201
255 200
256 199
257 198
258 197
259 196
260 195
262 194
263 193
265 191
267 190
268 189
270 187
272 186
274 184
277 183
279 181
281 180
283 178
286 177
288 175
290 174
293 172
295 171
298 169
300 167
303 166
305 164
308 163
310 162
312 160
314 159
317 157
319 156
321 155
323 154
326 152
328 151
330 150
332 148
335 147
337 145
339 144
341 142
344 141
346 139
348 138
351 136
353 134
355 133
358 132
360 130
362 129
365 127
367 126
369 124
371 123
374 122
376 121
378 119
380 118
382 117
385 116
387 115
389 113
390 112
392 111
394 110
396 109
398 108
399 107
401 106
403 105
404 104
406 103
407 103
409 102
410 101
411 100
413 100
414 99
415 98
416 98
417 97
418 96
419 96
420 95
421 95
422 94
423 94
424 93
425 93
426 92
427 92
428 91
429 91
430 90
431 90
431 89
432 89
433 88
434 88
435 87
436 87
437 86
438 86
439 86
440 85
441 85
442 85
442 84
443 84
444 84
444 83
445 83
446 82
447 80
447 79
