500
464 108
459 112
457 114
455 115
453 116
451 118
449 120
446 122
443 124
440 126
437 129
434 131
432 132
429 135
427 136
425 137
422 140
420 141
418 143
416 144
413 147
411 148
409 149
408 151
406 152
404 153
402 155
399 157
397 159
394 161
392 163
389 166
387 167
385 168
384 170
382 171
380 172
378 173
375 176
373 177
371 178
369 179
367 181
365 182
363 183
360 186
358 187
356 188
354 189
352 190
350 191
348 192
346 194
344 195
342 196
339 197
337 199
335 200
333 201
331 203
329 204
327 205
325 207
323 208
321 209
319 210
317 212
315 213
313 214
310 216
308 218
305 220
303 221
300 223
298 225
295 227
293 228
292 230
290 231
287 234
285 235
284 237
282 238
279 241
277 242
274 245
272 246
270 248
268 249
266 251
264 252
262 254
260 256
258 257
256 259
254 260
252 262
249 263
247 264
244 266
242 267
240 268
238 269
241 269
244 269
247 269
249 268
252 268
254 267
258 266
261 266
265 266
268 265
273 265
277 264
280 264
285 264
290 263
295 263
300 263
305 263
307 262
310 262
314 262
317 262
322 262
327 261
330 261
334 261
337 261
341 261
344 261
349 261
354 261
359 260
362 260
367 260
372 260
375 260
380 260
385 260
390 260
394 260
397 260
402 260
407 260
411 260
414 260
418 260
421 260
426 260
430 260
433 260
438 260
442 260
446 261
450 261
454 261
458 261
462 261
464 262
468 262
472 263
476 263
480 264
484 264
487 265
490 265
492 266
495 266
493 264
491 262
489 260
487 258
485 256
482 255
479 253
476 251
473 249
470 247
467 245
465 244
463 243
460 241
458 240
456 239
454 238
452 237
450 236
447 235
445 234
443 232
441 231
439 230
437 229
434 228
432 226
430 225
428 224
426 223
424 222
422 220
420 219
418 218
416 217
414 216
412 214
410 213
408 212
406 210
404 209
401 207
399 206
397 204
395 203
393 201
391 199
388 198
386 196
384 195
382 193
380 192
378 190
375 189
373 187
371 186
369 184
367 183
364 181
362 180
360 178
358 176
355 175
353 173
351 172
348 170
346 169
344 167
341 166
339 164
337 163
334 161
332 160
330 158
327 157
325 155
323 153
321 152
318 150
316 149
314 147
312 145
309 144
307 142
305 141
303 140
300 138
298 137
296 135
294 134
292 133
289 131
287 130
285 129
283 127
281 126
279 125
277 124
275 122
273 121
271 120
269 119
267 118
265 117
263 116
261 115
259 114
257 113
254 111
251 110
248 109
246 108
244 107
242 106
242 109
244 112
245 114
246 117
248 120
249 123
250 125
251 127
253 130
254 132
255 134
256 136
257 138
258 140
260 142
261 144
262 146
263 149
265 151
266 153
267 155
269 158
270 160
271 162
273 164
274 166
275 168
277 170
278 173
279 175
281 177
282 179
283 181
284 184
286 186
287 188
288 190
289 192
290 194
292 196
293 199
294 201
295 203
297 205
298 207
299 210
301 212
302 214
303 216
304 218
305 220
307 222
308 224
309 227
310 229
311 231
312 233
314 235
315 238
316 240
317 242
318 244
320 247
321 249
322 251
323 254
325 256
326 258
327 261
329 263
330 266
331 268
332 270
334 273
335 275
336 277
337 280
339 282
340 284
341 287
342 289
344 291
345 294
346 296
348 298
349 300
350 302
352 305
353 307
354 309
355 312
357 314
358 316
359 319
360 321
361 323
362 325
363 327
364 329
365 331
366 334
367 336
368 338
369 340
370 344
371 346
372 348
373 350
374 352
375 356
376 358
377 360
378 364
379 366
380 370
381 373
382 376
383 378
384 380
384 377
385 374
385 371
386 369
386 366
387 363
388 361
389 358
390 354
391 351
392 347
393 344
394 340
395 338
396 334
397 330
398 326
399 324
400 320
401 318
402 314
403 312
404 310
405 307
406 303
407 301
408 299
409 295
410 293
411 290
412 286
413 284
414 281
415 277
416 274
417 272
418 270
419 267
420 265
421 262
422 260
423 257
424 255
425 253
426 250
427 248
428 246
429 243
430 241
431 239
432 237
433 234
434 232
435 228
436 226
437 224
437 221
438 219
439 217
440 215
441 211
442 209
443 206
444 204
444 201
445 199
446 196
447 194
448 192
448 189
449 187
450 185
451 182
452 178
452 175
453 173
454 169
454 166
455 162
456 157
457 153
457 148
458 146
459 142
460 140
461 136
462 133
463 131
463 128
464 126
465 124
465 121
465 118
466 116
466 113
467 115
468 117
