492
339 60
337 63
336 64
336 65
335 66
334 67
334 68
333 69
333 70
332 71
331 72
330 73
330 74
329 76
328 77
326 79
325 80
324 82
323 84
321 86
320 87
319 89
318 90
316 92
315 94
314 96
313 97
312 100
310 102
309 104
308 106
307 108
305 111
304 113
303 115
301 117
300 119
299 121
297 123
295 126
294 128
292 130
291 133
289 135
287 137
286 140
284 142
282 144
280 147
278 149
276 152
274 154
272 157
270 159
268 161
266 164
264 167
262 169
260 172
258 174
257 177
255 179
253 182
251 184
249 186
247 189
246 191
244 193
243 195
242 197
241 199
240 201
239 202
238 204
237 205
236 206
236 207
235 207
235 208
234 209
234 210
233 210
234 210
233 210
233 209
232 209
231 208
230 207
229 206
228 205
228 204
227 204
226 203
225 203
225 202
224 201
223 201
222 200
221 199
220 197
219 196
218 195
217 194
216 192
215 191
213 190
212 188
211 187
209 186
208 185
207 183
205 182
204 181
202 179
201 178
200 177
199 175
197 173
196 171
195 170
193 168
192 166
191 164
189 163
188 161
186 160
184 158
183 157
181 155
180 153
178 152
177 150
176 148
174 146
173 144
172 142
170 140
169 139
168 137
166 136
164 134
163 132
161 131
160 129
158 127
157 125
156 123
154 122
153 120
152 118
151 117
149 115
148 114
147 112
145 110
144 109
143 107
141 105
140 104
139 102
137 100
136 99
135 97
133 96
132 94
131 93
130 92
129 90
128 89
127 88
126 87
125 86
124 85
123 83
122 82
121 81
120 80
119 79
118 78
117 77
116 76
115 75
114 75
114 74
113 74
113 73
113 72
113 73
113 72
112 73
113 73
112 73
113 73
112 73
113 73
112 73
112 72
113 72
112 72
113 72
113 73
113 72
113 73
112 73
112 72
113 72
113 73
112 73
113 73
113 72
113 73
112 73
113 72
113 73
113 72
113 73
114 73
114 74
115 74
116 74
117 75
118 75
119 75
120 76
122 76
124 76
125 77
127 77
128 78
130 78
132 79
133 80
135 81
137 81
139 82
142 83
144 84
146 85
148 85
150 86
153 87
155 88
157 89
160 89
162 90
165 91
167 92
170 93
173 93
175 94
178 95
181 96
184 97
187 98
190 99
193 100
196 101
200 103
203 104
206 105
209 106
213 108
216 109
220 110
223 111
227 112
230 113
233 114
237 115
240 116
244 117
247 118
251 119
254 121
257 122
261 123
264 125
268 126
271 128
274 129
278 130
281 132
285 133
288 134
291 135
295 136
298 137
301 138
304 139
307 140
310 141
313 142
316 144
319 145
322 146
325 147
328 148
331 149
333 150
336 151
338 152
340 153
342 154
344 154
346 155
348 156
350 156
351 157
352 157
353 158
354 158
355 158
355 159
356 159
355 159
354 159
353 159
352 159
351 159
350 159
348 159
346 159
344 159
342 159
340 159
338 159
335 159
332 159
330 159
327 160
324 160
321 160
318 160
315 160
311 160
308 161
305 161
301 161
298 161
294 161
291 161
287 160
283 161
279 160
276 160
272 160
268 160
264 159
260 159
256 159
252 159
248 159
244 159
239 160
235 160
231 160
227 160
222 160
218 160
214 160
209 161
205 161
202 161
198 161
194 161
190 161
186 162
183 162
179 162
176 162
173 162
170 162
167 162
164 162
161 163
159 163
156 163
154 163
152 163
151 163
149 163
148 163
146 163
145 163
144 163
143 163
142 163
141 163
140 163
139 163
138 163
137 163
136 163
137 162
138 161
139 161
140 160
141 160
142 159
144 159
145 158
147 158
148 157
149 157
151 156
152 156
154 155
155 154
156 153
158 152
160 151
162 150
164 149
166 148
168 147
170 146
172 145
175 144
177 143
179 142
182 141
184 140
187 139
189 137
192 136
195 135
197 134
200 133
203 132
205 131
208 129
211 128
214 127
216 125
219 124
222 123
225 121
228 120
230 118
233 117
236 116
239 115
242 114
244 113
247 111
250 110
253 109
255 108
258 106
261 105
263 103
266 102
269 100
271 99
273 98
276 96
278 95
281 94
283 93
285 92
287 91
289 90
291 89
293 88
295 87
298 86
300 85
302 83
304 82
306 81
307 80
309 79
310 78
312 77
313 76
314 76
315 75
316 74
317 74
318 73
319 72
320 72
320 71
321 71
321 70
322 70
322 69
322 70
322 69
323 69
324 69
325 69
