751
529 100
526 105
525 106
524 107
523 108
522 109
522 111
521 112
520 114
518 115
517 117
516 119
515 121
513 123
512 125
511 126
509 128
508 130
507 132
505 134
504 136
502 138
501 140
500 142
499 144
497 146
496 148
495 150
493 152
492 154
491 156
490 157
488 159
487 161
486 163
485 165
483 167
482 169
481 171
480 172
479 174
478 176
477 178
476 179
475 181
474 182
473 184
472 186
471 187
470 189
469 190
468 192
467 193
466 195
465 196
464 198
463 199
462 201
461 202
459 203
458 204
457 205
456 206
456 208
455 209
454 210
453 211
452 212
451 213
451 215
450 216
449 217
448 218
448 220
447 221
446 222
445 223
445 225
444 226
443 227
443 228
442 229
441 230
441 231
440 232
439 232
438 233
437 234
437 235
436 236
435 237
434 238
434 239
433 240
432 241
432 242
431 243
430 244
430 246
429 247
428 248
427 249
427 250
426 251
425 252
425 253
424 254
423 255
422 256
422 257
421 257
421 258
420 259
419 259
419 260
418 257
417 257
416 257
415 257
415 256
414 259
414 258
413 258
413 257
412 256
412 255
411 254
410 253
410 252
409 251
409 250
408 249
408 248
407 247
406 245
406 244
405 243
405 242
404 240
404 239
403 237
402 236
402 234
401 233
401 232
400 230
399 229
399 228
398 226
398 225
397 223
397 222
396 220
395 218
395 217
394 215
393 213
393 211
392 210
392 208
391 206
390 205
390 203
389 201
389 200
388 198
388 196
387 194
386 193
386 191
385 189
385 187
384 186
383 184
383 182
382 181
381 179
381 178
380 176
379 174
379 172
378 171
378 169
377 167
377 166
376 164
376 162
375 161
374 159
374 157
373 156
373 154
372 152
371 151
371 149
370 147
369 146
368 144
368 142
367 141
366 139
365 138
365 136
364 134
364 133
363 131
362 129
362 128
361 126
361 125
360 123
360 122
359 120
359 119
358 117
358 116
358 114
357 113
357 111
357 110
357 108
356 107
356 105
356 104
356 102
355 101
355 100
355 99
355 97
354 96
354 95
354 93
354 92
354 90
353 89
353 87
353 85
353 84
353 82
352 81
352 79
352 78
351 77
351 75
351 74
351 72
350 71
350 69
350 68
350 66
349 65
349 63
349 61
349 59
348 57
348 56
348 54
347 53
347 51
347 50
346 49
346 48
346 47
346 46
346 45
347 45
348 45
349 46
350 46
350 47
352 48
353 49
354 50
355 51
356 52
357 53
358 54
359 55
361 56
362 57
363 58
364 59
365 60
366 61
368 62
369 63
370 64
371 65
373 66
374 67
375 69
376 70
378 71
379 72
381 73
382 74
383 75
385 76
386 77
387 78
389 79
390 80
391 81
392 82
394 83
395 84
396 85
397 86
399 87
400 88
401 89
403 90
404 91
406 92
407 93
409 94
410 95
412 96
413 96
415 97
416 98
417 99
419 100
420 101
421 102
423 103
424 104
426 104
427 105
429 106
430 107
432 108
434 109
435 110
437 111
438 112
440 113
441 114
442 115
444 116
445 117
446 118
448 119
449 120
451 121
452 122
454 123
455 124
457 125
458 125
460 126
461 127
463 128
464 129
466 130
467 131
469 132
471 133
472 133
474 134
475 135
476 136
478 138
479 139
481 140
482 141
484 142
485 143
487 144
488 145
489 146
491 148
492 149
493 150
495 151
496 152
497 154
499 155
500 156
501 158
503 159
504 161
506 162
507 163
508 165
510 167
511 168
513 169
514 171
516 172
517 174
519 175
520 176
522 178
523 179
525 180
526 181
528 183
529 184
531 185
532 186
534 188
536 189
537 190
539 191
540 193
542 194
543 195
545 196
546 197
547 199
548 200
550 201
551 202
552 203
553 204
554 206
556 207
557 208
558 209
559 210
560 211
561 212
562 213
563 214
564 215
564 216
565 216
566 217
567 218
567 219
568 220
569 220
569 221
570 222
571 223
571 224
572 225
572 226
572 225
571 225
570 225
569 225
568 225
567 224
566 224
565 224
564 224
563 224
562 224
561 223
560 223
558 223
557 223
556 223
554 222
553 222
551 222
550 222
548 221
547 221
545 221
544 221
542 220
540 220
539 220
537 219
535 219
533 219
531 219
529 218
527 218
525 218
524 218
521 217
519 217
517 217
515 216
513 216
511 216
509 215
507 215
505 215
503 214
501 214
499 214
497 213
495 213
493 213
491 212
489 212
487 212
485 211
483 211
481 210
479 210
477 210
475 209
473 209
471 209
469 208
467 208
465 207
463 207
461 206
458 206
456 205
454 205
452 204
449 204
447 204
445 203
442 203
439 202
437 202
434 202
432 201
429 201
427 200
424 200
422 199
419 199
417 198
414 198
412 197
409 197
407 196
404 196
402 195
399 195
397 194
395 194
392 194
390 193
388 193
386 192
384 192
381 191
379 191
377 191
375 190
373 190
371 190
369 189
366 189
364 189
362 189
360 189
358 188
356 188
353 188
351 188
349 188
347 188
344 187
342 187
340 187
338 187
336 187
334 187
332 187
329 186
327 186
325 186
323 186
320 186
318 185
316 185
314 185
311 185
309 185
307 184
305 184
302 184
300 184
298 184
296 184
293 183
291 183
289 183
287 183
285 183
283 183
280 183
278 183
277 183
275 183
273 183
270 183
268 183
267 182
266 182
265 182
264 182
263 182
262 182
263 182
264 182
265 182
266 181
267 181
268 181
269 180
270 180
271 179
273 179
275 178
276 177
278 177
280 176
282 175
284 175
286 174
288 173
291 172
293 171
295 170
298 169
300 168
303 167
305 166
308 165
310 164
313 164
315 163
318 162
320 161
323 160
325 159
328 158
330 158
332 157
335 156
337 155
339 155
342 154
344 153
346 152
348 152
351 151
353 150
355 149
357 149
359 148
362 147
364 147
366 146
368 145
370 145
372 144
374 143
376 142
378 142
380 141
383 140
385 139
387 139
389 138
391 137
394 136
396 136
398 135
400 134
402 134
404 133
406 132
409 132
411 131
413 130
415 130
417 129
419 129
421 128
423 127
425 127
427 126
429 125
431 125
432 124
434 123
436 123
438 122
440 121
442 121
444 120
446 119
448 119
450 118
451 117
453 117
455 116
457 115
459 115
461 114
463 113
465 113
466 112
468 111
470 111
472 110
473 110
475 109
476 108
478 108
480 107
481 107
483 107
484 106
486 106
488 105
489 105
491 105
492 104
494 104
496 103
497 103
498 102
500 102
501 102
502 101
504 101
505 100
506 100
507 100
508 99
509 99
510 98
511 98
512 98
513 98
514 97
515 97
516 97
517 97
518 96
519 96
520 96
521 96
522 95
523 95
524 95
525 95
526 94
527 94
528 94
529 94
530 94
531 94
531 93
532 93
533 92
