573
316 63
315 66
315 67
315 68
314 69
314 70
314 71
314 72
313 73
313 74
313 75
312 76
312 77
311 78
311 79
310 81
310 82
309 84
309 85
308 86
308 88
307 89
307 90
306 92
305 93
305 95
304 97
303 99
302 101
301 103
300 105
299 107
298 109
297 111
296 113
295 115
294 116
293 119
292 121
291 123
291 125
290 128
289 130
288 132
287 135
286 137
285 139
284 141
283 143
282 146
281 148
280 151
279 153
277 155
276 157
275 160
274 162
273 164
272 166
271 169
269 171
268 174
267 176
266 179
265 181
264 183
263 185
262 187
261 190
260 192
259 194
258 197
256 199
255 201
254 203
252 205
251 207
250 209
249 211
248 213
247 216
246 218
245 220
244 222
243 224
242 226
241 228
240 229
239 231
239 233
238 235
237 236
236 238
235 240
235 242
234 243
233 245
232 246
232 247
231 249
230 250
230 251
230 252
229 252
229 253
229 254
229 255
228 255
228 256
228 257
228 258
228 257
227 257
227 256
226 256
226 255
225 254
225 253
224 252
224 251
223 250
223 249
222 249
222 248
221 247
221 246
220 245
219 244
219 243
218 241
218 240
217 238
216 237
216 235
215 234
214 232
213 231
212 230
211 228
211 227
210 226
209 224
208 223
207 221
206 219
205 217
204 216
203 214
202 212
201 210
200 208
199 207
198 205
197 203
196 201
195 199
195 198
194 196
193 194
192 191
191 189
190 187
188 185
187 183
186 182
185 180
184 177
183 175
181 173
180 171
180 168
179 166
177 164
177 162
176 160
175 158
174 155
173 153
172 151
171 149
170 146
169 144
168 142
167 140
166 137
164 135
163 133
162 131
161 129
160 126
159 124
158 122
157 119
156 117
155 115
154 113
153 112
152 110
151 107
150 106
149 104
149 102
148 100
147 98
146 96
145 94
144 93
143 91
142 89
141 88
140 87
139 85
138 84
138 82
137 81
136 79
136 78
135 76
134 75
134 74
133 73
133 72
132 71
132 70
131 69
131 68
130 68
130 67
130 66
129 66
129 65
129 64
128 63
128 62
127 61
127 60
126 59
126 58
126 57
125 57
125 56
125 55
124 55
124 54
124 55
125 55
125 56
126 56
126 57
127 58
128 58
128 59
129 59
129 60
130 61
131 61
132 62
133 63
134 63
136 64
137 65
138 65
140 66
141 67
142 68
144 69
145 69
147 70
148 71
150 72
151 73
152 74
154 75
155 76
156 77
158 78
160 79
161 80
163 81
165 83
166 84
168 85
170 86
171 87
173 88
174 89
176 90
177 91
179 92
181 93
183 94
185 95
187 96
189 97
191 99
193 100
195 101
196 102
198 104
200 105
202 106
204 108
207 109
209 110
211 111
213 112
216 113
218 115
220 116
222 117
225 118
227 119
229 121
232 122
234 123
236 125
239 126
241 128
243 130
245 131
248 132
250 134
252 135
255 137
257 138
260 139
262 141
264 142
267 144
269 145
271 147
274 148
277 150
279 152
282 153
284 155
287 156
289 157
292 159
294 160
297 161
299 163
302 164
304 165
306 167
308 168
310 169
312 171
314 172
316 173
318 174
320 176
322 177
324 178
326 179
327 179
329 180
330 181
332 181
333 182
334 182
335 183
336 183
336 184
337 184
338 185
338 186
339 186
339 187
340 187
339 187
339 186
338 186
337 186
336 186
335 186
334 186
333 186
332 186
331 186
330 186
329 186
328 186
327 186
325 186
323 186
321 186
319 186
317 186
315 185
314 185
312 185
309 185
307 185
305 185
303 185
301 185
298 185
296 185
294 184
291 184
288 184
286 184
283 184
281 184
278 183
275 183
272 183
270 183
267 183
264 183
262 183
259 183
256 183
253 183
250 183
247 183
244 183
241 183
238 183
235 183
232 183
229 183
225 184
222 184
218 184
215 184
211 184
208 184
204 184
201 184
197 185
194 185
190 185
187 185
183 185
180 185
176 185
173 185
169 185
166 185
163 185
160 185
156 185
153 185
150 185
147 185
144 185
140 185
137 186
135 186
132 186
129 186
126 186
124 186
121 186
119 186
117 186
115 186
113 186
112 186
110 186
109 186
108 186
107 186
106 186
106 185
105 185
106 185
107 185
107 184
108 183
109 183
109 182
110 182
111 181
112 181
114 180
115 180
116 179
118 179
119 178
121 177
123 176
124 176
126 175
128 174
130 173
131 172
133 171
135 169
138 168
140 167
142 166
144 165
147 164
149 163
151 162
154 161
156 160
159 159
161 157
164 156
166 155
169 154
172 153
174 151
177 150
179 149
182 147
185 146
188 144
190 143
193 141
196 140
199 139
202 137
205 136
208 135
211 133
214 132
217 131
220 130
222 128
225 127
228 125
231 123
234 122
236 121
239 119
242 118
244 116
247 115
249 114
252 113
255 111
257 110
259 108
262 107
264 105
267 104
269 102
271 101
273 100
276 98
278 97
280 96
282 95
284 94
286 92
288 92
289 91
291 90
292 89
294 88
296 87
297 86
299 85
300 85
302 84
303 83
304 82
305 82
305 81
306 81
306 80
307 80
307 79
307 80
307 81
308 81
308 80
309 79
