469
441 114
439 118
438 120
436 121
435 123
434 125
432 127
430 129
428 131
427 133
425 134
424 136
422 138
421 140
419 141
418 143
416 145
414 147
413 149
411 151
409 153
407 155
405 157
402 159
400 161
398 162
395 164
393 166
391 168
389 169
387 171
385 172
383 173
380 175
378 177
375 179
373 180
371 182
369 184
367 185
365 187
363 188
361 190
359 192
357 193
355 195
353 196
351 198
349 199
347 201
345 202
343 204
340 206
338 208
336 210
334 211
332 212
330 214
328 216
326 217
324 218
322 219
320 221
318 222
316 224
314 225
312 227
310 228
308 230
305 232
303 234
301 235
299 237
296 239
294 241
292 242
290 244
287 246
285 248
283 250
280 252
278 254
276 256
274 258
272 261
270 262
268 264
265 265
263 267
261 268
259 270
257 271
254 273
252 275
249 276
247 277
249 278
251 277
254 277
257 277
260 277
263 276
267 276
269 275
272 275
275 275
279 275
281 274
284 274
288 274
292 273
296 273
300 273
304 273
308 272
311 272
315 272
318 272
322 272
326 272
329 272
332 272
335 272
338 272
341 272
345 272
349 272
353 272
356 272
360 272
363 272
367 272
371 272
375 272
379 272
382 272
386 272
389 272
393 272
397 272
400 272
403 272
406 272
409 271
412 271
415 271
418 271
421 271
424 271
428 271
431 271
434 271
437 271
440 271
444 272
448 272
451 272
454 272
457 272
461 273
464 273
467 273
470 273
472 274
475 274
477 275
476 272
474 271
473 269
471 268
469 267
467 266
465 264
463 263
461 262
459 261
457 260
455 259
453 258
451 257
449 255
447 254
445 252
443 251
441 250
439 248
437 247
434 246
432 244
430 243
428 242
425 240
423 238
421 237
419 236
416 234
414 232
412 231
410 229
407 228
405 227
402 225
400 223
398 222
395 220
392 218
389 217
386 215
383 213
380 211
377 210
374 208
371 206
369 204
366 203
364 201
361 199
359 198
357 196
355 195
353 194
350 193
348 191
346 190
343 189
341 187
339 186
337 184
335 183
333 182
331 180
328 179
326 177
324 175
321 174
319 172
317 171
315 170
313 168
311 167
309 165
306 164
304 162
302 160
300 159
298 158
296 156
293 155
291 153
289 152
287 150
285 149
283 147
281 146
279 144
277 143
274 141
273 139
270 137
267 136
264 134
262 132
259 130
257 129
255 127
253 126
252 124
250 123
251 125
252 127
253 129
254 131
255 134
256 136
257 138
258 140
259 142
260 144
260 147
261 149
262 151
263 153
264 155
265 158
266 160
267 162
268 165
269 167
270 170
271 172
273 174
274 177
275 179
276 182
278 184
279 186
280 188
281 190
282 192
283 194
285 197
286 199
287 201
288 204
289 207
290 210
291 213
292 216
293 219
294 222
295 224
296 227
297 229
298 232
299 234
300 236
301 238
302 240
303 242
304 244
305 247
306 249
307 251
308 253
309 255
310 258
311 261
312 263
313 266
314 269
315 271
316 273
317 275
318 278
319 280
320 282
321 285
322 287
324 290
325 292
327 294
328 296
329 298
330 300
331 302
332 304
333 306
334 308
335 310
336 312
337 314
338 317
339 319
340 321
341 323
342 325
344 327
345 329
346 331
347 333
348 336
349 338
350 340
351 342
352 344
354 346
355 349
356 351
356 354
357 357
358 359
359 361
360 364
361 366
361 363
362 360
362 357
363 355
364 353
365 351
366 349
366 346
367 344
368 341
368 338
369 335
370 333
370 330
371 328
372 325
373 323
373 320
374 317
375 315
375 312
376 309
377 307
377 304
378 302
379 299
379 295
380 293
381 290
382 286
383 282
383 279
384 276
385 273
386 270
387 267
388 264
389 261
390 259
391 256
392 254
393 250
394 247
395 245
396 242
397 240
398 236
399 234
400 231
401 229
402 226
403 222
404 219
405 217
406 214
407 210
408 207
409 205
410 202
411 198
412 195
412 192
413 190
414 188
415 185
416 182
417 179
418 176
419 173
419 170
420 168
421 166
422 164
423 162
424 159
425 157
426 155
427 153
428 150
429 148
430 146
431 144
432 141
433 139
434 137
435 135
436 133
437 131
438 129
439 126
439 123
440 121
441 119
441 116
441 117
