473
455 111
451 116
449 118
447 120
445 122
443 124
440 126
439 128
436 130
433 132
432 134
430 135
428 136
425 138
424 140
422 141
419 143
416 145
415 147
412 149
411 151
409 152
406 154
405 156
403 157
401 159
399 160
397 162
395 164
392 166
390 168
388 169
385 172
382 174
379 176
376 178
374 180
372 181
369 183
367 184
364 186
362 188
359 190
357 191
355 192
353 193
351 195
348 197
346 198
344 199
341 202
339 203
336 205
334 207
332 208
330 210
327 212
324 214
322 215
321 217
319 218
316 220
313 222
312 224
309 226
306 228
304 231
302 232
299 235
297 236
295 237
294 239
292 240
290 241
289 243
287 244
285 245
282 248
279 250
278 252
276 253
274 254
273 256
271 257
268 260
266 261
265 263
263 264
260 266
258 268
255 270
253 271
250 273
247 275
245 276
243 277
241 278
242 280
245 280
248 280
250 279
253 279
256 279
259 278
263 278
267 278
271 277
274 277
278 277
282 276
286 276
291 276
295 276
299 276
301 275
305 275
309 275
312 275
315 275
319 275
323 275
326 274
330 275
333 275
337 275
341 275
344 275
348 275
351 276
355 276
358 276
362 276
364 277
367 277
370 277
373 278
377 278
381 279
385 279
388 280
391 280
393 281
396 281
400 282
403 282
406 282
409 283
412 283
415 284
419 285
422 285
425 286
428 286
431 287
435 287
438 288
441 288
444 289
447 290
450 290
452 291
451 288
449 286
448 284
446 283
445 281
443 279
440 277
438 275
436 274
434 272
431 270
429 268
427 267
424 265
422 263
420 261
417 258
414 255
411 253
410 251
408 250
406 248
403 245
401 244
400 242
398 241
396 239
395 237
393 236
392 234
390 232
387 229
386 227
384 226
382 224
381 222
379 221
378 219
376 217
374 216
373 214
371 213
370 211
368 210
367 208
365 207
364 205
361 202
358 200
357 198
355 197
353 195
351 193
348 191
345 189
343 186
341 185
339 183
337 181
335 179
334 177
332 176
330 174
329 172
327 171
325 169
322 167
320 165
318 164
316 161
314 160
312 158
310 157
308 155
306 154
305 152
302 150
300 148
298 147
297 145
295 143
293 142
291 140
289 137
287 135
285 133
283 131
281 128
279 126
276 124
274 122
272 119
270 117
267 115
265 113
263 111
262 109
260 107
258 105
256 104
256 107
257 109
257 112
258 114
259 117
259 120
260 122
261 126
262 130
263 132
264 136
265 138
266 140
267 142
268 144
269 146
270 148
271 150
272 153
273 155
274 157
275 159
277 161
278 163
279 165
280 167
281 169
282 172
283 174
284 176
285 178
287 180
288 182
289 184
290 187
291 189
292 191
293 193
295 195
296 198
297 200
298 203
299 205
301 207
302 210
303 212
304 214
305 217
306 219
307 221
308 224
309 226
310 229
311 231
312 233
313 236
314 238
315 240
316 243
317 245
318 247
318 250
319 252
320 254
321 257
322 259
323 261
323 264
324 266
325 268
326 270
327 274
328 276
329 280
330 282
331 284
332 287
333 289
334 293
335 296
336 298
337 301
338 303
339 306
340 309
341 311
342 314
343 318
343 321
344 324
345 326
345 329
346 332
347 334
348 337
348 340
349 342
350 345
350 349
351 351
352 354
353 358
353 361
354 363
355 367
356 370
356 374
357 377
358 380
358 383
359 385
359 388
360 390
360 387
361 385
361 382
362 380
363 378
364 375
365 373
366 370
367 368
368 366
369 364
370 361
371 359
372 357
373 355
374 353
375 349
376 347
377 345
378 343
379 340
380 338
381 333
382 331
383 328
384 324
385 321
386 316
387 314
388 311
389 306
390 304
390 301
391 299
392 296
393 294
393 291
394 289
394 286
395 284
396 282
396 279
397 277
398 274
399 269
400 267
401 264
401 261
402 259
403 256
404 253
405 251
406 248
407 246
408 243
409 241
410 238
411 233
412 231
413 228
414 226
414 223
415 221
416 218
417 216
418 213
418 210
419 208
420 206
421 203
422 200
423 198
423 195
424 193
425 190
425 187
426 185
427 183
427 180
428 178
429 175
430 170
431 168
432 163
433 159
434 155
435 151
436 147
437 144
437 140
438 138
438 135
439 133
439 130
440 128
440 125
441 123
442 121
442 124
