465
438 158
436 162
434 163
433 165
431 166
430 168
428 169
426 171
424 173
422 174
420 176
418 177
416 179
414 180
413 182
411 184
409 186
407 188
406 190
404 191
403 193
401 195
400 197
398 199
396 201
395 203
393 205
392 207
390 209
388 211
386 212
384 214
382 216
380 218
378 219
377 221
375 222
373 224
372 226
370 227
369 229
367 231
365 233
363 235
361 237
359 238
357 240
355 242
353 243
351 245
349 246
347 248
345 249
343 251
341 253
339 255
337 256
335 258
333 260
331 262
329 263
327 264
325 266
323 267
321 269
319 271
317 272
315 273
313 274
311 276
309 277
308 279
306 280
304 282
302 283
301 285
299 286
297 288
295 289
293 290
291 292
289 293
287 294
285 295
283 297
281 298
278 299
276 300
273 301
271 302
269 303
267 304
265 305
268 305
271 305
273 304
277 304
280 303
283 303
286 303
288 302
292 302
295 302
297 301
301 301
304 301
308 301
311 301
313 300
316 300
319 300
323 300
326 300
329 300
333 299
336 299
339 299
343 299
346 299
350 299
354 299
357 299
359 298
362 298
365 298
368 298
371 298
375 298
379 298
382 298
385 298
388 298
391 298
394 298
397 298
399 299
402 299
405 299
408 299
411 299
414 299
417 299
420 299
423 299
426 299
429 299
432 299
435 299
437 300
440 300
443 300
446 300
448 301
451 301
454 301
457 302
461 302
464 302
467 303
470 303
473 303
476 303
478 304
477 301
475 299
473 298
471 297
470 295
468 294
466 293
464 291
462 290
460 289
458 287
456 286
454 284
452 283
451 281
449 280
447 278
445 276
443 275
441 274
439 272
437 271
435 269
433 268
431 267
429 266
427 265
425 264
422 263
420 262
418 261
415 260
413 259
411 258
409 257
407 256
404 255
402 253
400 252
398 250
396 249
394 248
392 247
390 246
388 245
387 243
385 242
383 241
381 240
379 239
377 238
375 237
373 236
371 235
369 234
368 232
366 231
364 230
362 228
360 227
358 225
356 224
354 223
352 221
350 220
348 219
346 218
344 216
342 215
340 213
338 212
336 211
334 209
332 208
330 207
328 205
326 204
324 203
322 202
320 200
318 199
316 197
313 196
311 195
309 194
307 193
305 191
302 190
300 189
298 187
295 186
293 185
291 184
289 183
287 182
285 181
283 179
280 178
278 176
275 174
273 173
271 172
269 170
267 169
265 168
263 167
260 166
258 164
255 163
253 162
251 161
249 160
247 159
244 159
245 161
246 163
247 165
248 167
249 169
250 171
251 173
252 175
253 177
255 179
256 182
258 184
259 186
261 188
262 190
263 192
266 194
268 197
270 199
272 202
274 204
276 206
277 208
279 210
281 212
282 214
284 216
285 218
287 220
288 222
289 224
291 226
292 228
294 230
295 232
297 235
298 237
300 238
301 240
302 242
304 244
305 246
306 248
307 250
308 252
310 254
311 257
312 259
314 261
315 263
316 266
318 268
319 270
320 272
322 274
323 276
325 278
326 280
327 282
329 284
330 287
331 289
332 291
333 293
334 296
335 298
336 300
337 302
338 304
339 307
340 309
341 311
342 314
343 316
344 318
345 320
347 322
348 325
349 327
350 330
351 332
352 335
354 337
355 340
356 343
357 345
358 347
359 350
360 352
361 354
362 357
363 359
364 361
365 363
366 366
367 368
368 370
369 372
370 374
371 376
372 378
373 376
374 373
375 370
376 367
377 364
378 362
379 359
380 356
381 354
382 352
382 349
383 347
384 345
385 343
386 341
387 338
388 335
389 333
389 330
390 328
391 326
392 324
393 322
394 319
395 316
396 314
397 312
398 309
399 306
400 304
401 302
402 299
403 296
404 294
405 292
406 290
407 287
408 285
408 282
409 280
410 277
411 274
412 271
413 268
413 265
414 263
415 260
416 257
416 254
417 252
418 250
419 247
419 244
420 242
421 239
421 236
422 234
422 231
422 228
423 226
423 223
424 221
424 218
425 216
425 213
426 211
427 208
427 205
428 203
429 201
429 198
430 196
431 193
432 190
433 187
433 184
434 182
435 179
435 176
436 174
437 172
438 169
438 166
439 164
439 161
441 160
443 160
