269
251 76
249 79
248 80
246 82
245 83
243 85
241 87
238 89
236 91
234 94
231 96
228 99
225 102
222 105
219 108
215 111
211 114
208 118
204 121
199 125
195 128
191 132
186 136
182 140
177 144
172 147
167 151
163 155
158 159
153 163
148 167
144 171
139 175
135 179
130 183
126 186
122 190
118 193
114 196
111 199
107 201
104 204
101 206
99 208
96 210
94 211
92 212
91 213
89 214
88 215
87 216
86 216
86 217
85 217
86 217
87 217
88 217
89 217
91 216
92 216
93 216
95 215
97 215
99 214
102 213
104 213
107 212
111 211
114 211
118 210
122 209
127 208
131 207
136 206
141 205
146 204
151 203
156 202
161 201
166 200
172 199
177 198
183 197
188 197
193 196
198 195
203 194
208 193
213 193
218 192
222 192
227 191
231 190
235 190
238 189
241 189
244 188
247 188
249 187
251 187
253 187
254 186
255 186
256 186
256 185
256 184
255 183
254 183
254 182
253 181
252 180
251 179
249 178
248 177
246 176
244 174
242 173
240 171
238 170
235 168
233 166
230 164
227 162
224 160
221 157
217 155
214 152
210 149
206 146
202 143
198 139
194 136
190 133
186 129
182 125
178 121
174 118
170 114
166 110
162 106
158 102
155 98
151 95
147 91
144 88
141 85
138 81
135 78
132 76
130 73
128 71
126 68
124 66
123 65
121 63
120 62
119 61
118 60
117 59
117 60
118 61
118 62
119 63
119 64
120 65
121 67
121 68
122 70
123 72
124 75
125 77
125 80
126 83
127 86
128 90
129 94
130 98
131 102
132 107
133 112
135 117
136 122
138 127
139 133
141 138
142 144
144 150
146 156
147 162
149 168
150 174
151 181
153 187
154 193
156 199
157 205
158 211
159 217
160 222
162 227
163 232
164 237
165 241
166 245
167 248
168 251
169 254
170 257
171 259
171 260
172 262
173 263
174 263
175 263
176 263
177 262
178 261
178 260
179 258
180 257
180 255
181 252
182 250
184 247
185 244
186 241
188 237
190 233
192 229
194 225
196 220
198 216
200 211
202 206
205 200
207 195
209 189
212 184
215 178
217 172
220 166
222 160
225 155
227 149
230 143
232 138
234 133
236 127
237 122
239 118
241 113
242 109
244 105
245 101
246 98
247 95
248 92
248 90
249 88
249 86
250 85
250 84
250 83
250 82
249 82
249 83
250 84
249 84
249 85
