517
456 94
454 97
453 99
452 101
450 103
449 105
448 107
446 109
445 111
443 113
442 115
440 116
438 119
436 121
434 123
432 125
431 127
429 128
427 131
424 134
422 137
420 138
419 140
417 142
415 144
413 146
411 148
410 150
408 152
406 155
404 157
402 158
401 160
399 162
397 163
395 165
393 166
391 169
389 170
386 172
383 175
381 176
378 179
376 180
373 182
370 184
369 186
367 187
365 189
363 190
362 192
360 193
357 195
355 197
352 200
350 201
349 203
347 204
346 206
344 207
342 208
340 211
338 212
335 214
334 216
332 217
329 220
326 223
324 224
321 227
318 230
315 232
314 234
312 235
311 237
309 238
308 240
306 241
305 243
303 245
301 246
299 248
297 250
296 252
294 254
292 256
290 258
288 259
285 261
283 263
281 265
279 267
276 269
274 270
272 272
270 273
267 275
264 276
262 277
261 279
264 279
267 279
271 279
274 279
277 278
281 278
284 278
286 279
290 279
294 279
297 279
301 279
306 279
310 279
314 279
317 280
321 280
324 280
329 280
334 280
339 280
343 280
346 280
351 280
356 280
358 281
363 281
368 281
373 281
377 281
379 282
382 282
386 282
390 283
394 283
398 284
402 284
406 285
410 285
414 285
416 286
420 286
424 286
428 287
432 287
436 287
439 288
443 288
447 289
451 289
454 289
458 290
462 290
466 290
468 291
472 291
476 292
479 292
483 293
488 293
492 294
496 294
501 295
504 295
506 296
509 296
512 297
515 297
514 295
512 294
510 293
509 291
507 290
505 288
503 286
501 284
498 282
496 279
493 277
490 275
489 273
487 272
484 270
482 268
480 267
478 266
477 264
475 263
473 261
471 260
469 258
467 256
465 254
463 253
461 251
458 249
456 247
454 246
452 244
450 242
448 240
446 238
443 237
441 235
439 233
437 231
434 229
432 227
430 225
428 223
425 221
423 220
421 218
419 216
417 215
415 213
413 211
410 210
408 208
406 206
404 204
401 202
399 201
397 199
395 197
393 196
391 194
389 192
387 191
385 189
383 188
381 186
379 185
377 183
375 181
373 180
371 178
369 176
367 175
365 173
363 172
361 170
359 168
357 167
355 165
353 164
351 162
349 161
347 159
345 158
343 156
341 154
339 153
337 151
335 150
332 148
330 147
328 145
326 144
324 142
322 141
320 139
318 138
316 137
314 135
312 134
311 132
309 131
307 130
305 128
303 127
301 125
299 124
297 122
294 119
292 118
290 117
287 114
285 113
282 111
279 109
278 107
276 106
274 104
272 103
269 101
267 100
265 98
263 97
261 96
262 99
263 101
264 105
265 107
266 111
267 114
268 116
269 118
270 122
271 124
272 126
273 130
274 132
275 134
276 136
277 138
278 140
279 142
280 147
281 149
282 151
283 153
284 155
285 158
286 160
288 162
289 164
290 166
291 168
292 171
293 173
294 175
295 177
296 180
298 182
299 184
300 186
301 189
303 191
304 193
305 195
306 198
307 200
308 202
309 204
310 207
311 209
312 211
313 213
314 216
315 218
316 220
317 223
318 228
319 230
320 232
321 235
322 237
323 240
325 242
326 244
327 247
328 249
329 251
330 254
331 256
332 259
333 261
334 264
335 266
336 269
337 271
338 273
339 276
340 278
341 281
342 283
342 286
343 288
344 291
345 293
346 296
347 298
348 300
349 303
350 305
351 307
352 310
353 312
354 314
355 316
356 319
357 321
358 325
359 328
360 330
361 334
362 339
363 341
364 343
365 347
366 350
367 354
367 358
368 360
368 364
369 367
370 371
370 374
371 377
371 381
372 383
372 387
373 391
373 395
373 399
374 402
374 405
375 407
376 410
377 412
378 410
379 408
379 405
380 403
381 401
382 399
383 396
384 393
386 390
387 386
388 384
389 381
390 379
391 375
392 373
393 371
394 367
395 365
396 360
397 358
398 354
399 352
400 348
401 345
402 341
403 336
404 334
405 329
406 327
407 324
408 322
409 317
410 315
411 312
412 310
413 307
414 305
415 302
416 297
417 295
418 293
419 290
420 285
421 283
422 281
422 278
423 276
424 273
425 268
426 265
427 263
428 260
429 257
430 254
431 252
432 249
433 247
434 244
435 242
436 239
437 234
438 232
439 229
439 226
440 224
441 221
442 217
443 214
444 210
444 207
445 205
446 200
446 195
447 193
447 190
448 185
448 180
449 178
449 175
449 171
450 168
450 163
451 161
451 158
452 153
452 148
453 146
453 143
454 141
454 138
455 136
455 133
456 129
456 126
457 124
457 119
458 117
459 112
459 108
460 106
460 103
461 101
461 98
461 95
462 93
461 94
