734
503 81
501 84
501 85
501 87
500 88
500 89
499 90
498 92
498 93
497 95
496 97
495 98
495 100
494 102
493 104
492 106
491 108
490 110
489 112
488 114
487 116
486 118
485 120
485 122
484 124
483 126
482 128
482 129
481 131
480 133
480 135
479 136
478 138
478 140
477 142
477 144
476 146
475 147
475 149
474 151
473 153
473 154
472 156
471 158
470 160
470 162
469 164
468 166
467 167
466 169
465 171
465 173
464 175
463 177
462 179
461 181
460 183
459 185
458 187
457 189
456 191
455 193
455 195
454 197
453 199
452 201
452 203
451 204
450 206
450 208
449 209
448 211
448 213
447 215
446 217
445 218
445 220
444 222
443 224
443 226
442 227
441 229
440 231
440 232
439 234
438 235
437 237
436 239
435 240
435 242
434 243
433 245
433 246
432 248
431 250
431 251
430 253
429 254
428 256
428 257
427 259
426 260
426 262
425 263
424 265
424 266
423 268
422 269
422 271
421 273
420 274
420 276
419 278
418 280
418 282
417 284
416 286
416 288
415 290
414 292
413 294
413 296
412 298
411 300
410 301
410 303
409 304
409 306
408 307
407 308
407 309
406 310
406 311
405 311
405 312
404 312
404 313
403 313
402 313
402 312
401 311
400 310
399 309
399 307
398 306
397 305
396 303
395 301
395 300
393 297
392 295
391 292
390 290
389 287
387 284
386 282
385 279
384 277
382 275
381 272
380 270
379 268
378 266
377 264
376 262
375 260
374 258
373 256
372 254
371 252
370 250
369 248
369 246
368 244
367 242
366 240
365 238
364 236
363 234
362 232
361 230
360 229
359 227
359 225
358 223
357 221
356 219
355 218
354 216
354 214
353 212
352 210
351 208
350 206
349 205
348 203
347 201
347 199
346 197
345 195
344 193
344 191
343 189
342 187
341 185
340 183
340 181
339 179
338 177
337 175
336 173
336 172
335 170
334 168
333 166
332 164
331 162
331 160
330 158
329 156
328 155
327 153
326 151
326 149
325 147
324 145
323 143
323 142
322 140
321 138
321 136
320 134
319 132
319 130
318 128
318 127
317 125
317 123
316 121
316 119
315 117
314 116
314 114
313 112
312 110
312 108
311 107
311 105
310 103
310 102
309 100
309 98
308 97
308 95
307 93
306 92
306 90
305 88
305 87
304 85
304 84
303 82
302 80
302 79
302 77
301 76
301 74
300 73
300 72
300 71
299 70
299 69
299 68
298 67
298 66
298 65
299 65
300 65
301 65
302 65
303 66
304 66
306 66
307 67
309 67
310 68
312 68
313 69
315 69
317 70
318 71
320 72
322 72
324 73
326 74
328 75
330 76
331 77
334 78
336 79
338 80
340 81
341 82
343 83
345 84
347 86
349 87
351 88
353 89
355 91
357 92
359 93
361 94
363 95
365 97
367 98
369 99
371 100
373 101
375 102
377 103
379 104
381 105
383 106
385 107
387 108
389 109
391 110
393 111
395 113
397 114
399 115
401 116
403 117
405 118
407 120
409 121
411 122
413 123
415 125
417 126
419 127
421 128
423 129
425 130
427 131
429 132
431 133
433 134
435 136
437 137
438 138
440 139
442 140
444 142
446 143
448 144
449 145
451 146
453 147
455 148
457 149
459 150
460 151
462 152
464 153
466 154
468 156
470 157
472 158
474 159
476 160
478 161
480 162
482 163
484 164
486 165
489 166
491 168
493 169
495 170
497 171
500 172
502 173
504 174
506 176
508 177
511 178
513 179
515 180
518 181
520 182
522 183
524 184
527 185
529 186
531 187
533 189
535 190
538 191
540 192
542 193
544 194
546 196
548 197
550 198
552 199
553 200
555 201
557 202
559 202
560 203
562 204
563 205
565 206
566 207
568 208
569 209
570 210
572 210
573 211
574 212
575 213
576 213
577 214
578 215
579 216
580 216
580 217
581 218
582 218
583 219
583 220
584 220
585 221
586 222
585 222
584 222
583 222
582 222
581 222
580 222
579 222
578 222
576 222
575 222
573 222
572 222
570 222
568 222
566 222
564 222
562 222
560 222
558 222
555 222
553 222
551 222
548 222
546 222
543 222
540 222
538 222
535 222
532 222
530 222
527 222
524 222
521 222
518 222
516 221
513 221
510 221
507 220
504 220
501 219
499 219
496 218
493 218
490 218
487 217
484 217
481 216
478 216
475 216
472 215
469 215
466 215
463 214
460 214
457 214
454 213
451 213
448 213
445 213
442 212
439 212
435 212
432 212
429 211
426 211
423 211
420 211
416 210
413 210
410 210
407 210
404 209
401 209
398 209
395 209
392 208
389 208
387 208
384 207
381 207
379 207
376 206
373 206
371 206
368 205
366 205
363 205
361 204
358 204
356 204
353 204
351 204
348 203
346 203
344 203
341 203
339 202
337 202
334 202
332 202
330 202
328 202
325 202
323 201
321 201
319 201
317 201
315 201
312 201
310 200
308 200
306 200
304 200
302 200
300 200
298 200
296 199
294 199
292 199
290 199
288 199
286 198
285 198
283 198
281 198
279 197
277 197
275 197
273 197
271 196
269 196
268 196
266 196
264 196
262 195
260 195
259 195
257 195
255 195
253 194
252 194
250 194
248 194
246 194
245 194
243 194
242 194
240 193
238 193
237 193
236 193
235 193
234 193
233 193
232 192
231 192
230 192
229 192
229 191
230 191
230 190
231 190
232 190
234 189
235 189
236 189
237 188
239 188
241 187
243 187
244 186
246 186
248 185
250 184
252 184
255 183
257 182
259 182
261 181
263 180
266 179
268 179
271 178
273 177
276 176
278 175
281 174
284 173
287 172
289 171
292 170
295 169
298 168
300 167
303 166
306 165
309 164
312 163
315 162
318 161
321 160
324 159
327 158
330 157
333 156
336 155
339 154
342 153
345 152
348 151
351 150
354 149
357 148
360 147
363 146
366 145
368 144
371 143
374 141
377 140
380 139
383 138
386 137
389 136
391 135
394 134
397 133
399 132
402 132
405 131
407 130
410 129
412 128
415 128
417 127
419 126
421 125
423 125
426 124
428 123
430 123
432 122
434 121
436 121
438 120
440 119
442 118
444 118
446 117
448 116
449 115
451 115
453 114
454 113
456 112
457 112
459 111
460 110
462 110
463 109
465 108
466 108
467 107
468 106
469 106
471 105
472 105
473 104
474 104
475 103
476 103
477 103
478 102
480 102
481 101
483 101
484 100
485 100
487 99
488 99
489 98
491 98
492 97
493 97
494 97
495 96
496 96
497 96
497 95
498 95
499 95
499 94
500 94
501 93
502 92
503 91
504 90
505 89
