498
385 71
383 76
383 77
382 78
381 78
381 80
380 81
379 82
378 83
377 85
375 86
374 88
373 89
371 91
370 93
368 94
367 96
365 98
363 100
361 102
360 104
358 106
356 108
354 110
352 112
349 115
347 117
345 119
342 122
340 124
337 126
335 129
332 132
330 134
328 137
325 139
323 142
321 144
318 147
316 149
314 152
311 155
309 157
307 160
304 163
302 165
299 168
297 170
297 170
294 173
292 175
289 178
286 180
286 180
284 183
281 185
279 188
276 190
274 193
272 195
269 197
267 199
265 201
263 204
260 206
258 208
256 210
254 213
251 215
249 217
247 219
245 221
243 223
241 225
239 227
237 229
235 230
233 232
232 234
230 235
228 237
227 238
225 239
224 240
223 241
222 242
221 243
221 244
220 244
220 245
219 245
219 246
220 246
221 246
221 247
222 246
223 246
224 246
225 246
226 246
227 246
229 246
230 246
232 246
234 246
235 246
237 246
239 246
241 245
243 245
246 245
248 245
250 245
253 244
256 244
258 244
261 244
264 243
266 243
269 243
272 243
274 243
277 242
280 242
282 242
285 242
288 241
291 241
294 241
297 241
300 240
303 240
305 240
308 240
311 240
314 239
317 239
320 239
323 239
326 239
329 238
332 238
335 238
338 238
342 238
345 238
348 238
350 238
353 237
356 237
359 237
362 237
365 237
369 237
372 236
375 236
377 236
380 236
383 236
386 236
389 236
391 236
394 236
397 237
399 237
402 237
405 237
408 237
410 237
413 237
415 237
418 237
420 237
423 238
425 238
427 238
429 238
431 238
432 238
434 238
435 239
437 239
438 239
439 239
440 239
440 238
439 238
439 237
438 237
437 236
436 235
435 234
434 234
433 233
432 232
431 231
430 230
428 230
427 229
426 228
424 227
423 226
421 225
420 224
418 223
416 222
415 221
413 220
411 219
410 218
408 217
406 215
405 214
403 213
401 211
399 210
397 208
395 207
393 205
391 204
389 202
387 201
385 199
383 198
381 196
379 195
376 193
374 191
372 190
369 188
367 186
364 185
362 183
359 181
356 179
354 178
351 176
348 174
345 173
342 171
339 169
336 168
333 166
330 164
328 162
325 160
322 158
319 156
316 154
313 152
310 150
307 148
305 147
302 145
299 143
296 141
294 139
291 137
288 135
285 133
283 131
280 129
277 127
275 125
272 123
269 121
267 119
264 117
262 115
259 114
257 112
254 110
252 108
250 106
247 104
245 102
243 100
241 99
239 97
237 95
235 94
233 93
232 91
230 90
229 89
227 88
226 87
225 86
224 85
223 84
222 83
221 83
222 84
222 85
223 86
223 87
224 89
225 90
226 92
227 93
228 95
229 97
230 99
231 101
232 103
233 105
234 107
235 109
236 112
237 114
239 117
240 119
241 122
242 124
243 127
244 130
245 132
246 135
247 138
248 141
249 143
250 146
251 149
252 152
253 155
254 158
255 161
257 164
258 167
259 170
260 173
261 176
262 179
263 182
264 185
265 188
266 191
267 194
268 196
270 199
271 202
272 205
273 208
274 211
275 214
276 217
277 220
278 223
279 227
280 230
281 233
283 236
284 239
285 242
286 246
288 249
289 252
290 255
291 257
292 260
293 264
295 266
296 269
297 272
298 275
299 278
300 281
301 284
303 286
304 289
305 291
306 293
307 296
308 298
309 300
310 302
311 303
312 305
312 306
313 307
314 308
314 309
315 310
315 311
316 312
316 313
317 314
317 313
317 312
317 311
318 310
318 309
318 308
318 307
318 306
319 304
319 303
319 302
320 300
320 298
321 297
321 295
322 293
322 291
323 289
324 287
324 285
325 283
326 281
326 279
327 277
328 274
329 272
329 270
330 268
330 266
331 263
332 261
332 259
333 256
333 254
334 252
334 250
335 247
335 245
336 242
337 240
337 238
338 235
339 233
339 230
340 228
341 225
342 223
343 220
343 218
344 215
345 213
346 210
346 207
347 205
348 202
348 199
349 197
349 194
350 191
351 189
351 186
352 183
352 181
353 178
353 175
354 173
354 170
355 167
355 164
356 161
356 159
357 156
357 153
358 151
358 149
359 146
359 144
360 141
360 139
361 137
361 134
362 132
362 129
363 127
364 124
364 122
365 120
365 117
366 115
367 113
367 111
368 109
369 106
370 104
370 102
371 100
372 98
373 96
373 94
374 93
375 91
375 90
376 89
376 88
376 87
377 86
377 85
377 84
378 84
377 83
377 83
