485
389 62
381 69
380 70
379 71
377 73
376 74
374 76
373 78
371 80
369 82
368 83
366 85
364 87
362 89
360 91
359 93
357 95
355 97
353 99
351 101
350 103
348 106
346 108
344 110
342 112
340 115
338 117
336 119
334 121
331 124
329 126
326 128
324 131
322 133
319 136
317 138
315 140
312 143
310 145
308 148
305 150
303 153
301 155
299 157
296 160
294 162
292 165
289 167
287 170
285 172
282 175
280 177
278 179
276 182
273 184
271 187
269 189
266 192
264 194
262 196
259 198
257 200
254 203
252 205
250 207
247 209
245 211
243 212
241 214
238 216
236 217
234 219
232 220
231 221
229 222
227 223
226 224
225 224
224 224
224 225
223 225
224 226
225 226
225 225
226 225
227 225
228 225
229 225
230 225
232 225
233 225
234 224
236 224
237 224
239 224
241 224
243 224
244 224
246 224
248 224
250 224
252 223
254 223
256 223
259 223
261 223
263 223
266 223
268 223
271 223
273 223
276 223
278 223
281 222
284 222
287 222
290 222
293 222
296 222
299 222
302 222
306 222
309 222
313 222
316 221
320 221
323 221
327 221
330 221
334 221
338 221
341 221
345 221
348 221
352 221
356 220
360 220
363 220
367 220
371 220
375 220
379 220
383 220
386 220
390 220
394 220
397 220
401 220
404 220
408 220
411 220
414 220
417 220
420 220
423 220
425 220
428 221
430 221
432 221
434 221
436 221
438 221
440 221
441 221
442 221
443 221
444 221
445 221
445 220
445 219
444 219
444 218
443 218
442 217
442 216
441 215
440 215
439 214
438 213
437 212
435 211
434 210
432 208
431 207
429 206
427 205
425 204
423 202
421 201
419 200
417 198
415 197
412 195
410 194
408 192
405 190
403 189
401 187
398 185
396 183
393 181
390 179
388 177
385 175
382 173
380 171
377 169
374 167
371 165
368 162
365 160
362 158
359 156
356 154
353 152
350 150
347 148
344 146
341 144
338 142
335 140
332 138
329 136
326 134
323 131
320 129
317 127
314 125
310 123
307 121
304 119
301 117
298 115
295 113
292 111
289 109
286 107
283 105
280 103
277 101
275 99
272 97
269 95
266 93
264 91
261 89
258 87
255 86
253 84
250 82
248 80
245 79
243 77
241 76
239 74
237 73
235 71
233 70
231 69
230 68
228 67
227 66
225 65
224 65
223 64
223 63
222 63
221 63
220 62
220 63
220 64
221 64
221 65
221 66
221 67
221 69
222 70
222 72
223 73
223 75
224 77
224 79
225 81
226 83
226 85
227 87
228 89
229 91
229 94
230 96
231 98
232 100
233 103
234 105
235 108
236 110
237 112
238 114
239 117
240 119
241 121
242 124
243 126
244 128
245 131
246 133
246 136
247 139
248 141
249 144
250 147
251 149
252 152
253 155
254 158
255 161
256 164
257 167
258 170
259 173
261 176
262 179
263 183
264 186
265 189
267 192
268 195
269 199
270 202
272 205
273 208
274 211
275 214
277 217
278 220
279 223
281 225
282 228
283 231
285 234
286 237
287 240
289 242
290 245
291 248
292 251
293 253
294 256
295 258
296 261
297 263
298 266
299 268
300 271
301 273
301 273
302 276
303 278
304 280
305 282
305 282
306 285
307 287
308 289
309 291
310 293
311 295
311 296
312 298
313 300
314 301
314 302
315 303
316 304
316 305
317 306
317 307
318 307
318 308
319 308
319 309
320 308
320 307
321 307
321 306
321 305
321 304
322 303
322 302
322 301
323 300
323 299
324 297
324 296
325 294
326 293
326 291
327 289
328 287
329 285
330 283
330 282
331 280
332 278
333 276
334 274
335 272
336 270
336 267
337 265
338 263
339 261
339 259
340 256
341 254
341 252
342 249
343 247
344 244
345 242
345 239
346 237
347 234
348 231
349 229
350 226
350 224
351 221
352 218
353 216
354 213
354 210
355 207
356 204
356 201
357 198
358 195
359 192
359 188
360 185
361 182
362 179
362 175
363 172
364 169
365 166
366 162
367 159
368 156
369 152
370 149
371 146
372 142
373 139
374 136
375 133
376 129
377 126
378 123
379 120
379 117
380 114
381 112
382 109
383 106
383 103
384 101
385 98
386 96
387 93
388 91
388 89
389 87
390 85
391 83
391 81
392 80
392 78
392 77
393 76
393 75
393 74
393 73
393 72
393 72
