338
247 69
243 75
242 76
241 78
239 80
238 82
236 84
234 86
232 88
231 91
229 94
226 97
224 100
222 103
219 107
216 110
214 114
211 118
208 122
205 126
202 130
199 134
196 138
193 142
190 147
187 151
183 155
180 159
177 164
174 168
170 172
167 176
164 181
161 185
158 189
154 193
151 197
148 201
145 204
143 208
140 211
137 214
134 217
132 220
129 223
127 226
125 229
122 231
120 234
118 236
116 238
114 240
112 242
111 244
109 246
107 247
106 249
104 251
103 252
102 254
100 255
99 256
98 258
98 259
97 260
96 260
95 261
95 262
94 262
94 263
94 262
95 262
95 261
96 261
97 261
98 260
99 260
100 259
101 258
103 258
104 257
106 256
108 255
110 254
113 252
115 251
118 250
120 249
123 247
126 246
129 245
132 244
135 242
138 241
141 240
145 239
148 237
151 236
154 235
158 234
161 232
165 231
168 230
171 229
175 228
178 226
182 225
185 224
189 223
192 222
196 221
199 220
203 219
206 218
210 217
213 215
216 214
220 213
223 212
227 211
230 210
233 209
237 207
240 206
243 205
246 204
249 203
251 202
254 201
256 201
258 200
260 199
262 199
263 198
265 198
266 197
267 197
268 197
269 197
269 196
270 196
270 195
269 194
268 193
267 192
266 191
265 190
264 190
263 189
262 188
261 187
259 186
258 185
256 184
254 183
252 181
249 180
247 179
244 177
242 176
239 174
236 172
232 170
229 169
226 167
222 165
218 163
215 161
211 159
207 157
203 155
199 153
195 151
191 149
187 146
183 144
178 142
174 140
170 137
166 135
162 133
158 131
154 128
150 126
146 124
143 122
139 120
135 118
132 116
128 114
125 112
122 110
119 109
116 107
114 106
111 105
109 103
107 102
105 101
103 100
102 99
101 98
100 98
99 97
98 97
98 96
98 97
99 97
99 98
100 99
101 100
102 101
102 102
103 103
104 104
105 105
106 106
107 107
108 109
109 110
111 112
112 114
113 116
115 118
116 120
118 122
120 125
122 128
123 131
125 134
127 137
129 140
132 143
134 147
136 150
139 154
141 158
143 162
146 166
148 170
150 173
153 177
155 181
157 186
160 190
162 194
164 198
166 202
169 206
171 211
173 215
175 219
177 223
179 227
180 230
182 234
184 238
186 241
188 244
189 247
191 250
192 253
193 255
195 258
196 260
197 262
198 264
198 265
199 266
200 268
200 269
201 269
201 270
201 271
202 271
202 270
201 270
201 269
201 268
201 267
201 266
201 264
201 263
201 262
201 260
201 258
201 256
201 253
202 251
202 248
202 245
203 242
203 238
203 235
204 231
205 227
205 223
206 218
207 214
207 209
208 205
209 200
210 195
211 190
212 185
213 180
214 175
215 170
216 165
218 160
219 155
220 150
221 145
222 141
223 136
224 131
225 126
226 122
227 117
228 113
229 108
229 104
230 100
231 96
232 93
233 89
233 86
234 83
235 80
235 78
235 76
236 74
236 73
236 72
236 71
236 70
236 69
237 69
