340
250 62
249 67
249 68
248 69
248 70
247 71
246 73
245 75
243 77
242 79
241 81
239 83
237 86
236 89
234 92
232 95
230 98
227 101
225 104
222 108
220 112
217 115
214 119
211 123
208 127
205 131
202 135
199 139
195 143
192 147
188 152
185 156
181 160
178 165
174 169
170 174
167 178
163 182
159 187
156 191
152 195
148 199
145 203
141 207
138 211
135 215
131 219
128 223
125 226
122 230
119 233
117 236
114 239
112 241
110 243
108 245
106 247
104 249
103 250
102 251
101 252
100 253
99 254
99 255
98 255
98 256
97 256
97 257
98 257
99 256
100 256
100 255
101 255
102 254
103 254
105 253
106 252
108 251
109 250
111 249
114 247
116 246
118 245
121 243
123 242
126 240
129 238
132 237
135 235
138 233
141 231
145 230
148 228
151 226
155 224
158 223
161 221
165 219
168 218
172 216
175 215
178 213
182 212
185 210
189 209
192 208
195 206
199 205
202 204
206 202
209 201
212 200
216 198
219 197
223 196
226 194
230 193
233 191
237 190
240 189
244 187
247 186
251 185
254 184
257 183
260 181
263 180
266 179
269 178
272 177
274 176
277 176
279 175
281 174
283 174
284 173
286 173
287 173
288 172
289 172
290 172
290 171
289 170
288 170
288 169
287 169
287 168
286 168
285 167
283 166
282 165
280 164
279 163
277 162
274 161
272 160
269 159
267 157
264 156
261 154
257 153
254 151
250 149
247 147
243 145
239 143
235 141
230 139
226 137
222 135
217 133
213 130
208 128
204 125
199 123
194 120
189 118
185 115
180 113
175 110
171 107
166 105
161 102
157 100
152 97
147 94
142 92
138 90
134 87
129 85
125 83
121 81
117 79
113 77
109 75
106 73
102 71
99 70
96 68
94 67
91 66
89 65
87 64
86 63
84 62
83 62
82 61
81 61
82 62
83 63
84 64
85 65
87 66
88 67
89 69
91 70
93 72
94 74
96 76
98 78
100 81
102 83
105 85
107 88
109 91
112 94
114 97
117 101
120 104
122 108
125 112
127 116
130 120
133 124
135 128
138 133
141 137
144 142
146 147
149 152
152 156
154 161
157 166
160 171
163 176
165 181
168 186
171 191
173 196
176 201
178 206
180 211
183 216
185 220
188 225
190 230
192 234
194 238
196 242
198 246
199 250
201 253
202 256
204 259
205 262
206 265
208 267
209 268
210 270
211 271
212 272
212 273
213 273
214 273
215 272
215 271
215 270
215 269
215 267
215 266
215 264
215 262
215 260
215 257
216 254
216 252
216 249
217 245
217 242
218 238
218 235
219 231
219 227
220 223
220 219
221 215
222 210
223 206
223 201
224 196
225 192
226 187
227 182
227 177
228 173
229 168
230 163
231 159
232 154
233 150
234 145
234 141
235 136
236 131
237 127
238 123
239 118
240 114
241 110
242 106
243 102
244 98
245 95
246 92
247 88
248 85
248 83
249 80
250 78
250 76
251 74
251 72
251 71
251 70
252 69
252 68
252 67
252 68
253 69
253 70
