539
311 55
310 59
309 60
309 61
309 62
309 63
308 64
308 65
307 66
307 67
306 68
305 69
305 70
304 71
303 73
302 74
301 76
300 77
299 79
298 81
297 82
296 84
295 86
294 87
293 89
292 91
291 92
290 94
289 96
288 98
287 100
286 102
285 104
284 106
284 108
283 110
281 112
280 113
279 115
278 117
276 119
275 121
274 124
272 126
271 128
270 130
268 132
267 135
266 137
264 139
263 141
262 143
260 146
258 148
257 151
255 153
253 156
252 158
250 161
248 163
246 166
245 168
243 171
242 173
240 176
238 178
237 181
235 183
233 186
231 188
229 191
228 194
226 196
225 199
223 201
222 203
220 206
219 208
218 210
216 212
215 215
214 217
212 219
211 221
209 224
208 226
207 228
205 230
204 232
203 234
201 235
200 238
199 240
198 241
197 243
196 245
195 247
194 248
194 249
193 250
192 251
192 252
192 253
191 253
191 254
190 255
189 255
189 254
188 254
188 253
187 253
186 252
186 251
185 251
185 250
184 249
183 248
183 247
182 246
181 245
181 244
180 243
179 241
178 240
178 238
177 237
176 235
175 234
175 232
174 231
173 229
172 228
171 226
170 224
169 223
168 221
167 219
166 217
164 215
163 213
162 211
161 209
160 207
158 205
157 203
156 201
155 198
154 196
153 194
152 191
151 189
149 187
148 185
147 182
146 180
144 177
143 175
142 172
141 170
139 167
138 165
137 162
135 160
134 157
133 155
132 152
131 150
130 147
128 145
127 142
126 140
124 138
123 135
121 133
120 131
118 128
117 126
115 124
114 121
113 119
111 117
110 115
109 112
107 110
106 108
105 106
104 104
103 101
102 99
100 97
99 95
98 93
96 91
95 90
94 88
93 86
92 85
91 83
89 81
88 79
87 77
87 76
86 74
85 73
84 71
83 70
83 69
82 67
82 66
81 65
81 64
80 62
79 61
79 60
78 59
78 58
77 57
77 56
76 56
76 55
76 54
75 54
76 54
77 54
77 55
78 55
79 55
79 56
80 56
81 56
82 57
83 57
84 58
85 58
86 59
88 60
89 60
91 61
93 62
95 62
97 63
99 64
101 65
102 65
105 66
106 67
108 67
110 68
112 69
114 70
117 71
119 72
121 74
124 75
126 76
129 78
131 79
133 80
136 82
138 83
141 85
143 86
146 88
148 89
151 91
153 92
156 93
159 95
161 96
164 97
167 99
169 100
172 102
175 104
177 105
180 107
183 109
185 110
188 111
191 113
194 114
197 116
200 117
202 119
205 120
208 122
211 124
214 125
217 127
219 129
222 130
225 132
228 133
231 135
234 136
237 138
240 139
242 140
245 142
248 143
251 145
254 146
256 148
259 150
262 151
264 153
267 154
270 156
272 157
275 159
277 160
280 161
282 163
285 164
287 165
289 167
291 168
294 170
296 171
298 173
300 174
302 175
304 177
306 178
308 179
310 179
311 180
313 181
314 182
315 182
316 183
317 183
318 184
319 184
320 185
321 186
322 186
321 186
320 186
319 186
318 186
317 186
316 186
315 186
314 186
312 186
310 186
308 187
306 187
304 187
301 187
299 187
296 187
293 187
290 187
287 186
284 186
281 186
278 186
275 186
271 186
268 186
264 186
260 186
256 186
252 186
248 186
244 186
240 185
236 185
231 185
227 185
223 185
218 185
214 185
209 185
205 185
200 185
196 185
191 185
187 184
182 184
177 184
173 184
168 184
164 184
160 184
156 184
151 184
147 184
143 184
139 184
135 184
131 185
126 185
123 185
119 185
115 185
112 185
108 185
105 185
102 185
99 185
96 185
93 185
90 185
88 185
86 185
85 185
83 185
82 185
81 185
80 185
79 185
80 184
81 183
82 183
83 182
84 181
85 181
86 180
88 180
89 179
90 178
92 177
94 176
96 175
98 174
99 173
101 172
103 171
105 169
107 168
109 167
110 166
112 165
114 164
116 163
118 162
121 161
123 159
125 158
127 157
129 156
131 155
134 154
136 152
138 151
141 149
143 148
146 147
148 145
151 144
153 142
156 141
158 140
161 139
163 137
166 136
168 135
170 134
173 132
175 131
177 130
179 128
182 127
184 125
187 124
189 122
192 121
194 119
197 118
199 117
201 116
203 115
206 114
208 113
211 112
213 111
215 110
217 108
220 107
222 106
224 105
226 103
228 102
230 101
233 99
235 98
237 97
239 96
241 95
243 94
245 93
246 92
248 91
250 90
251 89
253 88
255 87
256 86
258 85
259 84
261 82
262 81
263 80
264 79
266 78
267 77
268 76
269 75
270 74
272 73
273 72
274 72
276 71
277 70
279 70
280 69
282 68
283 67
284 67
286 66
287 66
289 65
290 64
292 63
293 63
294 62
296 61
297 60
298 60
299 59
300 59
301 58
302 58
302 57
302 58
302 57
