304
261 67
257 71
256 72
255 73
254 74
253 76
252 77
250 79
249 81
247 83
245 85
243 88
240 90
238 93
235 96
232 99
230 102
227 106
224 109
221 113
217 116
214 120
210 124
207 128
203 132
199 136
195 141
191 145
187 149
183 154
179 158
175 162
171 167
167 171
163 175
158 179
154 184
150 188
146 192
142 196
139 200
135 204
131 207
128 211
125 214
122 218
119 221
116 224
113 226
111 229
109 231
107 233
105 235
103 237
102 239
101 240
100 241
99 242
98 242
98 243
98 242
99 242
100 241
101 241
102 241
103 240
104 239
105 239
107 238
109 237
111 236
113 235
116 234
119 233
122 232
125 230
128 229
132 227
136 226
139 224
144 223
148 221
152 220
157 218
162 217
166 215
171 214
176 212
181 211
186 209
191 208
195 207
200 205
205 204
210 203
215 202
220 201
224 200
229 199
233 198
237 197
242 196
246 195
249 195
253 194
257 194
260 193
263 193
266 192
269 192
271 191
273 191
275 190
277 190
278 190
279 190
280 189
281 189
282 189
282 188
281 188
281 187
280 187
279 186
278 185
277 185
276 184
275 183
273 182
272 181
270 180
268 179
266 177
264 175
262 174
259 172
256 170
254 168
250 166
247 163
244 161
240 159
237 156
233 154
229 151
224 148
220 146
216 143
211 140
207 137
202 134
197 131
192 128
188 125
183 121
178 118
173 115
169 112
164 109
160 106
155 103
151 100
147 97
143 94
139 91
135 89
132 86
128 84
125 82
123 80
120 78
117 76
115 75
113 73
111 72
110 71
108 70
107 69
106 69
106 68
105 68
104 67
105 68
105 69
106 70
107 71
107 72
108 73
109 74
110 76
111 77
112 79
113 80
114 82
115 84
117 87
118 89
119 92
121 95
122 98
124 101
126 105
128 109
130 113
132 117
134 121
136 126
139 131
141 136
144 141
146 146
149 151
151 157
153 162
156 168
158 174
160 179
162 185
164 191
166 197
168 202
170 208
172 213
173 219
175 224
177 229
178 233
180 237
181 242
182 245
183 249
185 252
186 255
186 258
187 261
188 263
189 265
190 267
190 268
191 269
191 270
192 271
192 272
193 272
193 271
194 271
194 270
194 268
195 267
195 265
196 263
197 261
197 259
198 256
199 253
200 250
201 247
202 243
203 239
204 236
206 232
207 227
208 223
210 218
211 213
213 208
214 203
216 198
217 193
219 188
221 182
222 177
224 172
226 167
227 161
229 156
230 151
232 146
233 141
235 136
236 131
238 126
239 121
241 117
242 113
244 108
245 104
246 100
248 96
249 93
250 89
251 86
251 84
252 81
253 79
253 77
254 75
254 74
254 73
254 72
254 71
254 72
255 72
255 73
