703
516 76
511 78
510 78
509 79
508 80
507 81
507 82
506 83
506 84
506 85
506 86
505 87
505 88
504 89
504 91
504 92
503 94
502 95
501 97
501 98
500 100
499 102
498 103
497 105
496 107
495 108
495 110
494 112
492 114
491 116
490 117
489 119
488 120
487 122
486 123
486 125
485 126
484 128
483 129
482 130
481 132
480 133
480 135
479 136
478 138
477 139
476 141
476 143
474 146
473 148
472 149
471 151
470 152
470 154
469 155
468 157
467 158
466 160
466 162
465 163
464 165
463 166
462 168
462 170
461 171
460 173
459 174
458 176
458 177
457 179
456 180
455 182
454 184
454 185
453 187
452 188
451 190
450 192
449 193
449 195
448 196
447 198
446 199
445 201
444 202
443 203
443 205
442 206
441 207
440 209
439 210
438 212
437 213
436 215
435 216
434 218
433 219
432 221
431 222
430 224
430 225
429 227
428 228
427 230
426 231
425 232
424 234
423 235
423 237
422 238
421 240
420 241
420 242
419 244
418 245
417 247
416 248
415 250
414 252
413 253
412 255
411 257
410 259
409 260
407 262
406 264
405 266
404 267
403 269
402 271
401 272
400 274
399 276
398 277
397 279
396 280
395 282
394 284
393 285
392 287
391 288
390 289
390 291
389 292
388 293
387 294
387 295
386 296
385 296
385 297
384 297
384 298
383 298
382 297
381 296
381 295
381 294
380 292
380 291
379 289
379 287
379 285
378 283
378 281
377 279
377 276
377 273
376 271
376 268
376 265
375 262
375 259
375 256
375 254
375 251
374 248
374 246
374 243
374 240
374 238
374 235
374 232
374 229
374 227
373 224
373 221
373 219
373 216
373 213
373 211
373 208
373 206
373 204
373 202
374 199
374 197
374 195
374 193
374 191
374 188
374 186
374 184
374 182
374 180
374 178
374 176
374 174
374 172
373 170
373 168
373 167
373 165
373 163
373 161
373 159
373 157
373 156
373 154
373 152
373 150
373 149
373 147
373 145
373 143
373 141
373 139
373 137
373 135
373 133
373 131
373 129
373 127
373 125
373 123
373 122
373 120
373 118
373 116
373 114
374 112
374 110
374 108
374 107
374 105
374 103
374 101
374 99
374 98
375 96
375 94
375 92
375 90
375 88
375 86
375 85
375 83
375 82
375 80
375 78
375 77
375 75
375 74
375 72
375 71
375 69
375 68
375 66
375 65
375 64
375 62
375 61
376 60
376 59
376 58
376 57
376 56
376 55
376 54
376 53
376 52
377 52
378 52
379 52
380 53
381 53
382 54
383 55
384 56
385 57
387 58
388 59
389 60
391 62
392 63
394 64
395 66
397 67
398 68
400 69
401 71
403 72
404 73
406 75
408 76
409 78
411 79
412 81
414 82
415 84
417 85
418 87
420 89
421 90
423 92
424 93
426 94
427 96
428 97
430 99
431 100
432 101
434 103
435 104
437 106
438 107
439 108
441 110
442 112
443 113
445 115
446 116
447 118
448 119
450 121
451 123
452 124
453 126
454 127
456 128
457 130
458 131
459 133
461 134
462 135
463 137
465 138
466 140
467 141
469 143
470 144
471 146
473 147
474 148
475 150
477 151
478 153
479 154
481 155
482 157
484 158
485 160
487 161
489 162
490 164
492 165
494 166
495 168
497 169
499 171
500 172
502 174
504 175
505 177
507 178
508 179
510 181
512 182
513 184
515 185
516 187
518 188
519 190
521 192
523 193
524 195
526 196
527 198
528 200
530 201
531 203
533 204
534 206
536 207
537 209
539 210
540 212
542 213
543 215
545 216
546 217
548 219
549 220
550 221
552 222
553 224
554 225
555 226
556 227
558 228
559 229
560 230
561 231
562 232
563 233
563 234
564 235
565 235
566 236
567 237
567 238
568 238
569 239
569 240
570 240
570 241
571 242
571 243
570 243
569 243
568 243
567 243
566 242
564 242
563 242
562 241
560 241
559 240
557 240
556 239
554 238
552 238
550 237
548 237
546 236
544 235
542 235
539 234
537 233
535 233
532 232
530 231
528 230
525 230
523 229
520 228
518 228
515 227
513 226
510 225
508 225
505 224
503 223
500 222
497 221
495 220
492 220
489 219
487 218
484 217
482 216
479 216
477 215
474 214
472 213
469 213
466 212
464 211
461 210
459 210
456 209
454 208
451 208
449 207
446 207
444 206
441 206
438 205
436 204
433 204
431 203
428 203
426 202
424 202
421 201
419 201
417 200
414 199
412 199
410 198
407 198
405 197
403 196
400 196
398 195
396 194
394 194
392 193
389 192
387 191
385 191
382 190
380 190
378 189
376 188
373 188
371 187
369 187
367 186
364 186
362 185
360 185
358 184
355 183
353 183
351 182
348 182
346 181
344 181
342 180
340 180
337 179
335 179
333 178
331 178
329 177
327 177
324 177
322 176
320 176
318 176
316 175
314 175
313 175
311 174
309 174
307 174
305 173
303 173
301 173
299 173
297 173
295 172
292 172
290 172
288 172
286 172
284 172
282 171
280 171
279 171
277 171
275 171
273 170
272 170
270 170
269 169
267 169
266 169
265 169
264 168
263 168
263 167
264 167
265 167
266 166
267 166
269 166
270 165
272 165
274 164
276 164
278 163
280 163
282 162
284 161
286 161
289 160
291 159
293 159
295 158
298 157
300 157
303 156
305 155
308 154
310 154
313 153
315 152
318 151
320 150
323 150
325 149
328 148
330 147
333 146
336 146
338 145
341 144
343 143
346 142
348 141
351 140
354 139
356 138
359 137
361 136
364 135
367 134
369 134
372 133
374 132
377 131
379 131
382 130
385 129
387 128
390 128
392 127
395 126
397 126
400 125
402 124
404 123
407 123
409 122
412 122
414 121
416 120
418 120
421 119
423 118
425 118
427 117
429 116
431 115
433 115
436 114
438 113
440 112
442 111
444 111
446 110
447 109
449 108
451 108
453 107
455 106
456 106
458 105
460 104
462 104
463 103
465 103
466 102
468 102
470 101
471 101
473 100
474 100
475 100
477 99
479 98
480 98
481 98
482 98
483 97
484 97
485 97
486 96
488 96
489 96
490 96
491 95
493 95
494 95
495 94
497 94
498 93
499 93
500 93
501 93
502 93
503 92
504 92
505 92
505 91
506 91
507 91
507 90
508 89
509 88
510 86
511 85
