709
465 105
462 112
461 113
461 114
460 115
460 116
459 118
458 119
458 120
457 122
456 123
456 125
455 126
454 128
454 129
453 131
452 133
452 134
451 136
450 138
450 139
449 141
448 143
448 145
447 146
446 148
445 150
445 152
444 154
443 156
442 157
441 159
441 161
440 163
439 164
438 166
437 168
436 170
435 171
434 173
433 175
432 177
431 178
431 180
430 182
429 183
428 185
427 186
427 187
426 189
425 190
424 191
424 193
423 194
422 195
421 197
420 198
420 199
419 200
418 202
418 203
417 204
416 205
415 207
415 208
414 209
413 211
412 212
411 214
410 215
410 217
409 218
408 220
407 222
406 223
405 225
405 226
404 227
403 229
403 230
402 231
401 233
401 234
400 235
400 236
399 237
398 239
398 240
397 242
395 244
394 246
394 248
393 249
392 251
391 252
390 254
390 255
389 257
388 258
387 260
386 261
385 263
384 265
383 267
382 268
381 270
380 272
379 274
378 275
377 277
376 278
375 280
374 282
374 283
373 285
372 286
371 288
370 289
370 291
369 292
368 294
368 295
367 296
366 298
366 299
365 300
365 301
364 301
364 302
363 303
362 303
361 302
360 302
359 301
359 300
358 299
357 298
357 297
356 296
355 295
354 293
353 292
352 291
351 289
350 288
349 286
348 285
347 283
346 282
345 280
345 278
344 276
343 275
342 273
341 271
340 269
339 267
339 266
338 264
337 262
336 260
336 259
335 257
334 255
334 253
333 251
332 249
331 247
331 245
330 243
329 241
328 239
328 238
327 236
326 234
325 232
324 230
324 228
323 227
322 225
321 223
320 221
320 219
319 217
318 215
317 213
317 211
316 209
315 207
314 206
314 204
313 202
312 200
311 198
310 196
309 194
308 192
307 190
307 188
306 186
305 184
304 182
303 180
302 178
301 176
301 174
300 172
299 169
298 167
297 165
296 163
295 161
295 159
294 157
293 155
293 153
292 151
291 150
291 148
290 146
289 144
288 142
288 140
287 138
286 136
285 134
285 132
284 130
283 128
282 126
281 124
280 122
279 120
279 118
278 116
277 114
276 113
275 111
274 109
274 108
273 107
272 105
272 104
271 103
271 102
270 101
270 100
269 100
269 99
270 99
270 100
271 100
272 100
273 101
274 101
276 102
277 102
279 103
280 103
282 104
283 104
285 105
286 106
288 107
290 107
292 108
294 109
296 110
297 111
300 112
302 113
304 114
306 115
308 116
310 117
312 118
314 119
315 120
317 120
319 121
321 122
323 123
326 124
328 125
330 126
332 127
334 128
336 129
338 130
340 131
342 131
344 132
346 133
348 134
350 135
352 136
354 137
357 138
359 139
361 139
363 140
365 141
366 142
368 142
370 143
372 144
374 145
375 146
377 147
379 148
381 148
383 149
385 150
387 151
389 151
391 152
393 153
394 154
396 155
398 156
400 157
402 157
404 158
406 159
409 160
411 161
413 162
415 162
418 163
420 164
422 165
424 165
427 166
429 167
432 168
434 168
436 169
439 170
441 170
443 171
446 172
448 173
450 173
452 174
454 175
456 175
458 176
460 177
462 178
464 179
466 179
468 180
470 181
472 182
474 183
476 183
478 184
480 185
482 185
484 186
486 187
488 188
489 188
491 189
493 190
495 190
497 191
498 192
500 192
502 193
503 194
505 194
507 195
508 196
510 197
511 197
512 198
514 199
515 199
517 200
518 201
520 201
521 202
523 202
524 203
526 203
527 204
528 204
530 205
531 205
532 205
533 206
535 206
536 207
537 207
538 207
540 208
541 208
542 208
543 208
544 209
545 209
546 209
547 209
548 210
549 210
550 210
550 211
549 211
548 211
547 211
546 211
545 211
543 212
542 212
541 212
539 212
537 212
536 213
534 213
532 213
530 214
527 214
525 215
523 215
520 215
517 216
515 216
512 217
509 217
507 218
504 218
501 219
499 219
496 220
493 220
491 220
488 221
486 221
483 221
480 221
478 222
475 222
473 222
471 222
468 222
466 223
463 223
461 223
458 223
456 224
453 224
451 224
449 225
446 225
444 225
441 225
439 226
436 226
434 226
431 226
428 227
426 227
423 227
420 228
417 228
415 228
412 229
409 229
406 229
403 229
400 230
398 230
395 230
392 231
389 231
386 231
383 231
380 232
377 232
374 233
372 233
369 233
366 234
363 234
360 234
357 235
354 235
352 235
349 235
346 235
343 236
341 236
338 236
336 236
333 237
331 237
328 237
326 237
323 237
321 237
318 237
316 238
313 238
311 238
308 238
306 238
304 238
301 238
299 239
297 239
294 239
292 239
290 239
288 239
285 239
283 239
281 239
278 239
276 239
273 239
271 239
268 239
266 239
264 239
261 239
259 239
257 239
254 239
252 239
250 239
247 239
245 239
243 239
241 239
238 239
236 239
234 239
231 239
229 239
227 239
225 239
222 239
220 239
218 239
216 239
214 239
212 239
210 239
208 239
207 239
205 239
204 239
203 239
202 239
201 239
200 239
199 239
198 239
197 239
198 238
199 238
200 238
201 237
202 237
203 237
204 236
206 236
207 235
209 234
211 233
213 233
215 232
217 231
219 230
221 229
224 227
226 226
229 225
231 224
234 223
237 221
239 220
242 219
245 217
248 216
251 214
254 213
257 211
260 210
263 208
266 207
269 205
272 204
275 202
278 201
282 199
285 198
288 196
291 195
294 193
297 191
300 190
303 188
306 187
309 185
312 183
315 182
318 181
321 179
324 178
327 177
330 175
333 174
336 173
338 172
341 170
343 169
346 168
348 166
351 165
353 164
356 162
358 161
360 160
362 159
365 157
367 156
369 155
371 154
373 153
374 152
376 151
378 150
380 149
382 148
384 147
386 146
388 145
390 144
392 143
394 142
395 141
397 141
399 140
400 139
402 138
404 137
405 136
407 136
409 135
410 134
412 133
414 133
415 132
417 131
419 130
420 130
422 129
423 128
425 127
426 127
428 126
429 125
430 125
431 124
433 124
434 123
435 123
436 122
437 122
438 121
440 121
441 121
442 120
443 120
443 119
444 119
445 119
446 118
447 118
448 118
448 117
449 117
450 117
451 116
452 116
453 115
454 115
454 114
455 114
456 114
456 113
457 113
458 113
459 113
459 112
460 112
461 112
462 112
462 111
463 111
464 111
464 110
465 109
466 108
467 108
468 106
469 105
