1032
493 82
493 87
492 88
492 89
492 90
491 91
491 92
490 93
490 94
489 96
489 97
488 98
488 99
487 100
487 101
486 103
486 104
485 105
485 106
484 108
483 109
483 110
482 112
482 113
481 114
480 115
480 117
480 118
479 119
479 120
478 121
478 122
477 123
477 124
476 125
476 126
475 127
475 129
475 130
474 131
474 132
473 134
473 135
472 136
472 138
471 139
471 140
471 142
470 143
470 145
469 146
469 147
469 149
468 150
468 152
467 153
466 155
466 156
465 158
465 159
464 161
464 162
463 163
463 165
462 166
462 167
461 169
460 170
460 171
460 173
459 174
458 175
458 177
457 178
457 180
456 181
456 183
455 184
455 186
454 187
453 189
453 190
452 192
452 193
451 195
451 196
450 197
449 199
449 200
448 201
448 202
447 204
446 205
446 206
445 207
445 209
444 210
444 211
443 212
443 213
442 215
442 216
441 218
440 219
440 220
439 222
439 223
438 224
438 226
437 227
437 228
436 229
436 230
435 231
435 232
434 233
434 234
434 235
433 236
432 237
432 238
432 239
431 240
431 241
430 242
430 243
430 244
429 245
429 247
428 248
428 249
428 250
427 251
427 252
426 253
426 255
425 256
425 257
425 258
424 259
424 260
423 261
423 263
423 264
422 265
421 266
421 267
420 269
420 270
419 271
419 272
418 273
418 275
417 276
416 277
416 278
415 279
415 280
414 281
414 283
413 284
413 285
412 286
412 287
411 288
411 289
411 290
410 291
410 292
409 293
409 294
408 296
408 297
407 298
407 299
406 300
406 301
406 302
405 303
405 304
404 305
404 306
403 307
403 308
403 309
402 310
402 311
401 312
401 313
400 313
400 314
399 314
399 313
398 313
398 312
398 311
397 310
397 309
396 308
396 307
396 306
395 305
395 304
394 303
394 301
393 300
393 299
392 297
392 296
391 295
390 294
390 293
389 291
389 290
388 289
387 288
387 287
386 286
385 284
385 283
384 282
383 281
383 280
382 279
381 277
380 276
380 275
379 274
378 272
378 271
377 270
376 269
376 267
375 266
374 265
374 264
373 262
372 261
372 260
371 259
370 257
369 256
369 255
368 253
367 252
366 250
365 249
364 247
364 246
363 244
362 243
361 242
360 240
359 239
358 237
357 236
356 235
354 233
353 232
352 231
351 230
350 228
350 227
349 226
348 224
347 223
346 221
345 220
344 218
343 217
342 216
341 214
340 213
339 212
339 211
338 210
337 209
336 207
336 206
335 205
334 204
333 202
333 201
332 199
331 198
330 197
329 195
329 194
328 192
327 191
326 189
326 188
325 186
325 185
324 183
323 182
323 181
322 179
321 178
321 177
320 175
320 174
319 172
319 171
318 169
318 168
317 166
316 165
316 164
315 162
315 161
314 160
314 159
313 157
313 156
312 155
312 154
311 153
311 152
310 150
310 149
309 148
309 147
309 146
308 145
308 143
307 142
307 141
307 139
306 138
306 137
305 135
305 134
305 133
304 132
304 131
304 130
303 128
303 127
303 125
302 124
302 123
301 122
301 121
301 120
300 119
300 118
299 117
299 116
298 115
298 113
297 112
297 111
297 110
296 109
296 108
295 107
295 106
295 105
294 104
294 103
294 102
294 101
293 101
293 100
293 99
292 98
292 97
292 96
292 95
291 94
291 93
291 92
291 91
290 90
290 89
290 88
289 87
289 86
289 84
289 83
288 82
288 81
288 80
287 79
287 78
286 77
286 76
286 75
285 74
285 73
284 72
284 71
284 70
283 70
283 69
283 68
284 69
285 69
286 69
286 70
287 70
288 70
289 71
290 71
291 72
292 73
293 73
294 74
295 74
296 75
297 76
299 76
300 77
301 77
303 78
304 78
305 79
306 80
308 80
309 81
310 82
311 82
312 83
313 84
314 84
315 85
316 86
317 86
318 87
319 88
321 89
322 89
323 90
324 91
325 92
327 92
328 93
329 94
330 95
332 95
333 96
334 96
336 97
337 98
338 98
340 99
341 99
342 100
343 101
344 101
346 102
347 103
348 104
349 104
350 105
352 106
353 106
354 107
355 108
357 108
358 109
359 110
361 110
362 111
363 111
364 112
365 113
367 113
368 114
369 115
370 115
372 116
373 117
374 117
376 118
377 119
378 119
380 120
381 121
382 122
384 122
385 123
387 124
388 125
390 125
391 126
393 127
394 127
396 128
397 129
398 129
400 130
401 131
403 131
404 132
406 133
407 133
409 134
410 135
411 135
413 136
414 137
416 137
417 138
418 139
419 139
421 140
422 141
424 141
425 142
426 143
428 143
429 144
430 145
432 145
433 146
434 147
436 147
437 148
439 149
440 149
441 150
443 151
444 151
445 152
447 153
448 154
450 155
451 156
453 156
454 157
456 158
457 159
459 160
461 160
463 161
464 162
466 163
468 164
470 165
471 166
473 167
475 168
477 169
478 170
480 171
482 171
484 172
485 173
487 174
489 175
491 176
493 177
494 177
496 178
498 179
499 180
501 181
503 181
504 182
506 183
507 184
509 184
510 185
512 186
513 186
515 187
516 188
517 189
519 190
520 190
521 191
523 192
524 193
525 193
527 194
528 195
530 196
531 196
532 197
534 197
535 198
536 199
538 199
539 200
541 200
542 201
543 202
545 202
546 203
548 203
549 204
551 204
552 205
554 205
555 206
556 206
557 207
559 207
560 208
561 209
562 209
563 210
565 210
566 211
567 211
568 212
570 212
571 213
572 213
573 214
574 214
575 214
575 215
576 215
577 216
578 216
578 217
579 217
580 218
581 218
581 219
582 219
583 219
583 220
582 220
581 220
580 220
579 220
578 221
577 221
576 221
575 221
574 221
572 221
571 222
569 222
567 222
566 222
564 222
562 222
560 223
558 223
556 223
554 223
552 224
550 224
547 224
545 224
543 225
541 225
539 225
536 225
534 225
532 225
530 225
527 225
525 226
523 226
521 226
518 226
516 226
513 226
511 226
509 226
506 226
504 226
502 226
500 225
497 225
495 225
492 225
490 225
488 225
485 225
483 225
481 225
479 225
477 225
474 225
472 225
470 225
468 225
466 224
464 224
462 224
460 224
458 224
455 224
453 224
451 224
449 224
447 224
445 224
443 224
441 224
439 224
436 224
434 224
432 224
430 224
427 224
425 224
423 224
421 223
419 223
416 223
414 223
412 223
410 223
408 223
406 223
403 223
401 223
399 223
397 223
395 222
393 222
391 222
388 222
386 222
384 221
382 221
380 221
378 221
376 221
374 221
372 221
370 220
368 220
366 220
364 220
362 220
360 220
358 219
356 219
354 219
352 219
350 219
348 219
346 219
344 219
342 219
340 218
339 218
337 218
335 218
333 218
331 218
329 218
327 218
325 218
323 218
321 218
319 218
317 218
316 217
314 217
312 217
310 217
308 217
307 217
305 217
303 217
301 217
299 217
298 217
296 217
294 217
292 217
291 217
289 217
287 217
285 217
284 217
282 217
280 217
278 217
276 217
274 217
272 217
271 217
269 217
267 217
265 218
263 218
261 218
260 218
258 218
256 218
254 218
252 218
250 218
248 218
246 218
244 219
242 219
241 219
239 219
237 219
236 219
234 219
233 219
231 219
229 219
228 219
226 219
225 219
224 219
223 219
221 219
220 220
219 220
218 220
217 220
216 220
217 219
218 219
219 219
220 219
221 218
222 218
223 218
224 217
225 217
226 216
228 216
229 215
230 215
232 214
233 213
234 213
236 212
237 211
239 211
240 210
242 209
244 208
245 208
247 207
249 206
250 205
252 204
254 203
255 203
257 202
259 201
261 200
263 199
264 199
266 198
268 197
270 196
272 195
274 194
276 193
279 192
281 191
283 190
285 189
288 188
290 186
292 185
294 184
297 183
299 182
301 181
303 180
306 179
308 178
310 177
312 176
315 175
317 174
319 173
321 172
323 171
325 170
326 169
328 168
330 167
332 166
333 165
335 164
337 163
338 162
340 161
341 160
342 159
344 159
345 158
347 157
348 156
350 155
351 154
353 153
354 152
356 151
357 151
359 150
360 149
362 148
363 147
365 146
366 145
368 145
370 144
371 143
373 142
374 141
376 140
378 139
379 138
381 137
383 136
385 135
386 135
388 134
389 133
391 132
392 131
394 130
395 130
397 129
398 128
399 127
401 126
402 126
403 125
404 124
406 124
407 123
408 123
409 122
410 122
411 121
412 121
413 120
414 120
415 119
416 119
417 118
418 118
418 117
419 117
420 116
421 116
422 115
423 115
424 114
425 114
426 113
427 113
428 112
429 112
430 111
431 111
432 110
433 110
434 109
435 109
436 108
437 108
438 107
439 107
440 107
441 106
442 106
443 105
444 105
445 104
446 104
447 104
448 103
449 102
450 102
451 102
451 101
452 101
453 101
454 100
455 100
456 99
457 99
458 99
458 98
459 98
460 98
460 97
461 97
462 97
463 96
464 96
465 96
466 95
467 95
468 95
468 94
469 94
470 94
470 93
471 93
472 93
472 92
473 92
474 92
475 92
476 91
477 90
478 90
479 90
480 89
481 89
482 89
483 88
484 88
485 87
486 87
487 86
488 86
489 86
490 86
491 86
492 85
493 85
493 84
494 83
495 83
496 82
497 81
497 80
