345
249 70
247 73
246 74
245 75
244 77
243 78
242 80
241 82
239 84
238 86
237 88
235 91
233 93
231 96
229 99
227 102
225 105
223 108
220 111
218 115
215 118
212 122
209 126
206 130
203 134
200 138
196 142
193 146
190 150
186 154
183 158
179 162
175 166
172 170
168 174
165 178
161 182
158 185
155 189
151 192
148 196
145 199
142 202
139 205
136 208
134 211
131 213
129 216
126 218
124 220
122 222
120 224
118 226
116 228
115 230
113 231
111 233
110 234
108 235
107 236
106 237
105 238
104 238
103 239
102 239
102 240
101 240
101 241
100 241
101 240
102 240
102 239
103 239
104 239
105 238
106 237
108 237
109 236
110 236
112 235
113 234
115 234
117 233
119 232
121 231
123 230
125 229
128 229
130 228
133 227
136 226
139 225
142 224
145 223
148 222
152 221
155 220
159 219
162 218
166 216
170 215
174 214
178 213
182 212
185 210
189 209
193 208
197 206
201 205
205 204
209 202
213 201
217 199
221 198
225 197
229 196
233 194
236 193
240 192
244 190
247 189
251 188
255 187
258 186
262 184
266 183
269 182
273 181
276 180
279 179
283 178
286 177
289 176
292 175
295 174
298 173
301 173
303 172
306 171
308 171
310 170
312 170
313 169
314 169
316 169
317 169
318 169
319 169
319 168
318 167
317 167
316 166
315 166
314 165
313 165
312 164
311 163
309 163
308 162
306 161
304 160
302 159
300 158
298 157
295 156
292 155
289 154
286 152
283 151
279 150
276 148
272 147
268 145
265 143
260 142
256 140
252 138
248 137
243 135
239 133
234 131
230 129
225 127
220 125
215 123
211 121
206 118
201 116
196 114
191 111
187 109
182 107
178 105
173 102
169 100
165 97
160 95
156 92
153 90
149 88
146 86
142 84
139 82
136 80
133 78
131 76
128 75
126 73
124 72
123 71
121 69
120 68
119 68
118 67
117 66
116 65
116 66
117 67
118 68
118 69
119 70
119 71
120 72
121 73
122 74
123 75
124 77
125 78
126 80
128 82
129 84
130 86
132 89
134 92
135 94
137 98
139 101
142 104
144 108
146 112
149 116
151 120
154 125
156 129
159 134
162 139
164 144
167 149
170 154
173 160
175 165
178 171
181 176
183 181
186 186
188 191
191 196
193 201
196 206
198 211
200 216
202 220
204 225
205 229
207 233
208 236
210 240
211 243
212 246
213 249
214 251
215 254
216 256
217 257
218 259
219 260
219 261
220 262
221 263
221 264
222 265
223 264
223 263
223 262
223 261
223 259
223 258
224 256
224 254
224 252
225 250
225 247
225 244
226 241
226 238
227 235
227 231
228 227
228 223
229 219
229 215
229 210
230 206
230 201
231 196
231 191
232 186
232 181
232 176
233 171
233 166
234 161
234 156
235 151
235 146
236 141
236 136
237 131
237 126
238 122
238 117
238 113
239 109
239 104
240 100
240 97
241 93
241 90
241 86
242 83
242 81
243 78
243 76
243 74
243 72
243 71
244 70
244 68
244 67
243 66
243 67
243 68
244 68
244 69
244 70
