477
449 107
445 111
443 113
441 114
439 116
437 117
435 119
433 121
430 122
428 125
426 127
423 129
421 131
419 133
417 135
415 136
414 138
412 139
409 142
406 144
405 146
403 147
402 149
400 150
399 152
397 153
395 156
393 157
392 159
389 161
388 163
386 164
384 166
382 168
379 170
376 173
374 174
373 176
371 177
368 180
365 183
362 186
359 188
358 190
356 191
353 194
351 195
348 198
346 199
343 202
341 203
340 205
338 206
335 209
333 210
330 213
328 214
325 216
322 218
319 220
318 222
316 223
313 225
312 227
309 229
308 231
306 232
303 234
300 237
297 239
294 241
291 243
290 245
288 246
286 248
284 250
281 252
280 254
277 256
276 258
273 260
270 263
268 265
266 266
264 268
262 270
259 272
257 274
255 276
253 278
251 279
250 281
252 282
255 282
258 282
261 282
265 282
268 282
272 282
275 282
279 282
282 283
285 283
289 283
292 284
296 284
300 284
303 285
307 285
310 285
314 286
318 286
322 286
326 287
330 287
333 287
337 287
341 287
345 287
349 287
354 288
358 288
362 288
366 288
371 288
373 289
378 289
383 289
387 289
390 289
394 290
399 290
403 290
406 290
410 291
413 291
417 291
421 291
425 292
430 292
434 292
438 293
441 293
445 293
449 294
454 294
458 294
461 295
465 295
468 296
472 296
476 297
479 297
482 297
485 298
488 298
487 295
485 293
483 292
482 290
480 289
478 287
476 285
473 283
472 281
469 279
466 277
463 274
460 272
458 271
457 269
455 268
453 267
451 266
449 264
447 263
445 262
443 260
441 259
439 257
437 256
435 254
432 253
430 251
427 250
425 248
422 247
420 245
418 243
415 242
412 240
410 239
407 237
405 235
403 234
400 232
398 230
395 228
393 226
391 224
389 223
386 221
384 219
382 218
380 216
378 214
376 212
374 211
372 209
370 207
368 205
366 204
364 202
362 200
360 199
358 197
356 195
354 194
352 192
350 191
348 189
346 187
344 186
342 184
340 182
338 180
335 177
333 175
331 174
328 172
326 170
324 169
322 167
320 165
318 164
316 162
314 161
312 159
310 157
307 154
305 153
303 151
301 149
299 147
296 144
294 143
293 141
291 139
288 136
285 133
282 131
281 129
279 128
278 126
276 125
275 123
273 122
270 119
268 117
266 116
264 114
262 112
260 110
258 108
256 107
254 106
253 104
252 106
253 108
254 110
255 113
256 115
257 117
258 120
259 123
260 125
261 127
262 130
263 132
264 134
266 137
267 139
268 141
269 143
271 145
272 147
273 149
274 151
276 153
277 155
279 157
280 159
281 161
282 164
284 166
285 168
286 170
287 172
289 174
290 177
291 179
292 181
293 183
295 186
296 188
297 190
299 192
300 195
301 197
302 199
304 202
305 204
306 206
307 209
309 211
310 214
312 216
313 218
314 220
316 223
317 225
319 228
320 230
322 232
324 235
325 237
327 240
328 242
330 244
332 247
333 249
335 252
336 254
338 257
339 259
340 261
342 264
343 266
344 269
346 271
347 273
349 275
350 278
351 280
353 282
354 285
355 287
357 289
358 291
359 294
360 296
361 298
362 300
364 302
365 304
366 306
367 308
368 310
369 312
370 314
371 316
372 320
373 322
374 324
375 326
376 328
378 331
379 335
380 337
381 339
382 341
383 344
384 346
385 348
386 351
387 353
388 357
389 361
390 363
391 368
392 372
393 375
394 379
395 382
396 385
397 388
398 391
399 393
400 395
400 392
400 389
400 386
401 383
401 380
402 377
403 374
404 371
404 367
405 365
406 361
407 357
408 352
408 348
409 346
409 341
410 339
410 336
411 331
411 328
412 323
413 318
413 313
414 310
414 305
414 302
415 299
415 296
415 293
416 290
416 287
416 284
417 281
417 278
418 275
418 272
418 269
419 266
419 263
420 260
420 257
421 254
421 251
421 248
422 245
422 242
423 239
423 236
423 233
423 230
424 228
424 225
424 222
425 217
425 212
426 210
426 207
427 205
427 202
428 200
428 197
428 194
429 192
429 189
430 184
431 179
432 175
432 172
433 170
433 167
434 165
434 162
435 160
436 155
437 151
437 146
438 144
438 140
439 138
439 134
440 132
441 129
442 125
442 122
443 120
444 117
444 114
446 115
