567
385 68
383 70
382 70
381 71
380 73
379 74
378 75
376 76
375 78
374 79
373 81
371 82
370 84
368 85
367 87
365 89
363 90
362 92
360 93
358 95
357 97
355 99
353 101
351 102
350 104
348 106
346 108
344 110
342 112
341 114
339 116
337 118
335 120
332 122
330 124
328 127
326 129
324 131
322 133
320 135
317 137
315 140
313 142
311 144
309 146
306 148
304 150
302 152
300 154
298 157
296 159
294 161
292 163
290 165
288 167
286 170
284 172
282 174
279 176
277 178
275 180
273 182
271 184
269 186
267 189
265 191
262 193
260 195
258 197
256 199
253 201
251 203
249 205
247 207
245 208
243 210
241 212
239 214
237 215
235 217
233 219
231 220
230 221
228 222
226 223
225 224
224 225
223 226
222 226
222 227
221 227
222 227
223 227
224 227
225 226
226 226
228 226
229 225
231 225
233 225
234 224
236 224
238 224
240 224
242 224
244 223
246 223
249 223
251 223
253 223
256 223
258 223
261 223
263 222
266 222
269 222
271 222
274 222
277 222
280 222
283 222
286 221
289 221
292 221
295 221
297 221
300 221
304 220
307 220
310 220
313 220
316 220
319 220
322 220
326 220
329 220
332 220
335 219
339 220
342 219
345 219
349 219
352 219
356 219
359 219
362 219
366 219
369 219
373 219
376 219
380 219
383 219
387 219
390 219
393 219
397 220
400 220
404 220
407 220
411 220
414 220
418 220
421 220
425 220
428 220
432 220
435 220
439 220
442 220
445 220
448 220
451 220
453 220
456 220
458 220
460 220
462 220
464 220
465 220
466 220
467 220
468 220
469 220
469 219
468 218
467 217
466 216
465 216
464 215
464 214
463 214
462 213
461 213
460 212
459 211
458 210
457 209
455 209
454 208
453 207
451 206
449 205
448 204
446 203
444 202
442 201
440 200
438 199
436 198
434 197
432 196
430 194
428 193
425 192
423 191
421 189
419 188
416 187
414 185
412 184
410 182
407 181
405 180
403 178
401 177
399 175
396 174
394 172
392 171
389 169
387 168
385 167
382 165
380 163
378 162
375 160
373 159
370 157
368 156
365 154
363 153
360 151
358 150
355 149
352 147
350 146
347 144
344 143
341 141
339 140
336 139
333 137
330 136
327 134
325 133
322 131
319 130
316 128
313 126
311 125
308 123
305 122
302 120
300 119
297 117
294 116
292 114
289 112
286 111
283 109
281 108
278 106
275 104
273 103
270 101
268 100
265 98
263 97
260 95
257 94
255 93
252 91
250 90
247 89
245 88
243 86
241 85
238 84
236 83
234 82
232 81
231 80
229 80
227 79
226 78
225 78
224 77
223 77
222 76
221 75
220 75
220 76
221 77
221 78
222 79
222 80
222 81
223 82
224 83
224 85
225 86
225 88
226 89
227 91
228 92
228 94
229 96
230 97
231 99
232 101
234 103
235 105
236 107
237 109
238 111
239 114
240 116
241 118
242 120
243 122
244 124
245 127
246 129
247 131
248 133
249 135
251 138
252 140
253 142
254 144
255 146
256 149
257 151
258 153
259 155
260 158
261 160
262 162
263 165
265 167
265 169
266 172
267 174
268 176
269 179
270 181
271 183
272 186
273 188
274 190
275 193
277 195
278 197
279 199
280 201
281 203
282 205
283 207
284 209
286 211
287 213
288 215
289 217
290 219
291 221
292 223
293 224
294 226
295 228
296 230
297 232
298 234
299 236
300 237
301 239
302 241
303 243
304 245
305 247
306 249
306 251
307 253
308 254
309 256
311 258
312 260
313 262
314 264
315 266
316 268
317 270
318 272
319 274
320 277
321 278
322 280
323 283
324 285
325 287
326 288
327 290
328 292
329 294
329 296
330 297
331 299
331 299
331 300
332 302
333 303
333 304
334 305
334 305
334 306
335 306
335 307
335 308
336 308
336 309
337 309
337 308
337 307
337 306
337 305
337 304
337 303
338 302
338 301
339 300
339 299
339 297
340 296
340 295
340 294
341 293
341 291
342 290
342 288
343 287
343 285
343 284
344 282
344 281
345 279
345 278
346 276
347 274
347 273
348 271
348 269
349 267
349 266
350 264
350 262
350 260
351 258
351 257
352 255
352 253
353 251
353 250
353 248
354 246
354 244
355 242
355 241
355 239
356 237
356 235
357 233
357 231
358 229
358 227
359 225
359 223
360 221
360 219
361 217
362 215
362 213
363 211
364 209
365 207
365 205
366 203
367 201
368 198
368 196
369 194
369 192
370 190
370 188
371 185
371 183
372 181
372 179
373 176
373 174
374 172
374 169
375 167
375 165
376 162
377 160
377 157
378 155
378 153
379 150
379 148
380 146
380 143
381 141
381 139
382 137
382 134
383 132
383 130
383 128
384 126
384 124
384 122
384 119
385 117
385 115
385 113
385 111
386 109
386 107
386 105
386 103
386 101
387 99
387 97
387 96
387 94
388 92
388 90
388 88
389 86
389 85
389 83
390 81
390 80
390 78
390 77
390 76
391 74
391 73
391 72
391 71
391 70
391 69
391 70
391 71
391 72
392 73
392 73
