358
245 77
242 82
241 83
240 84
240 85
239 86
238 88
237 90
236 92
234 94
233 97
231 100
229 102
227 105
225 108
223 112
221 115
218 119
216 123
213 126
210 130
207 134
204 138
201 142
198 147
195 151
191 155
188 159
185 164
181 168
178 172
174 176
170 181
167 185
163 189
160 194
156 198
152 202
149 206
146 210
142 213
139 217
136 221
133 224
130 227
127 230
125 233
122 235
120 238
118 240
116 242
114 244
112 246
111 247
109 249
108 250
107 251
106 251
106 252
105 252
105 253
105 252
106 252
107 252
108 252
108 251
109 251
110 251
111 251
112 250
113 250
115 249
116 249
118 248
120 247
122 247
124 246
127 245
129 244
132 243
135 242
138 241
141 240
144 239
147 237
150 236
154 235
157 234
161 232
165 231
168 230
172 228
176 227
180 226
184 224
187 223
191 222
195 221
198 220
202 219
206 218
209 217
213 215
216 214
220 213
223 212
226 211
230 210
233 209
236 208
239 207
242 206
245 205
248 204
250 203
253 202
255 201
258 200
260 199
262 198
264 197
266 196
268 196
269 195
271 194
272 194
273 193
274 193
275 193
275 192
276 192
276 191
275 191
275 190
274 189
273 188
272 188
271 187
271 186
270 186
268 185
267 184
266 183
264 182
263 181
261 180
259 178
258 177
255 176
253 174
251 173
248 171
245 169
242 168
239 166
236 164
233 162
230 160
226 158
223 156
219 154
216 152
212 149
208 147
204 145
200 143
196 140
192 138
188 135
184 133
180 131
176 128
172 126
167 123
163 121
159 119
155 116
151 114
147 112
143 110
139 108
136 106
132 104
129 102
125 100
122 98
119 96
116 94
113 93
111 91
108 90
106 88
104 87
102 86
101 85
99 84
98 83
97 83
96 82
95 82
95 81
94 81
94 82
95 82
95 83
96 84
97 85
98 86
99 87
99 88
100 89
101 90
102 92
103 93
104 95
105 97
107 99
108 101
110 103
111 105
113 108
114 111
116 113
118 116
120 119
122 123
125 126
127 129
129 133
132 136
134 140
137 143
140 147
142 151
145 155
147 158
150 162
152 166
155 170
157 174
160 178
162 182
164 186
167 190
169 195
171 199
173 203
175 207
177 211
179 215
181 219
183 223
185 226
187 230
189 234
191 237
192 241
194 244
196 247
197 250
199 254
200 257
201 260
202 263
203 266
204 268
205 271
206 274
207 277
208 280
209 282
210 285
210 287
211 289
212 291
212 293
213 295
213 297
214 299
214 300
215 301
215 303
216 304
216 305
217 306
217 305
217 304
217 303
217 302
217 301
218 300
218 298
218 297
218 295
219 293
219 291
219 288
219 286
220 283
220 280
220 277
220 273
221 270
221 266
221 263
221 259
221 255
221 251
221 247
221 243
221 238
222 234
222 229
222 225
222 220
222 215
222 211
223 206
223 201
223 197
223 192
224 187
224 182
224 178
224 173
225 168
225 164
225 159
226 155
226 150
227 146
227 142
228 137
228 133
229 129
229 125
230 121
230 117
231 114
231 110
232 107
232 104
232 101
233 98
233 95
233 93
234 91
234 89
234 87
234 85
235 84
235 83
235 82
235 81
235 80
235 79
236 80
237 80
