445
416 140
412 144
411 146
410 148
408 149
407 151
405 153
403 154
402 156
400 157
398 159
396 161
394 163
392 164
390 166
388 167
386 169
384 171
382 172
380 173
378 175
376 176
374 178
372 179
371 181
369 183
367 184
365 186
362 187
360 189
358 191
356 192
354 193
352 195
350 196
348 197
346 199
344 200
342 201
340 202
338 203
336 204
335 206
333 207
331 209
328 210
326 211
323 213
321 214
319 215
317 216
315 218
313 219
311 220
309 221
307 223
305 224
303 225
301 226
299 227
297 229
295 230
293 231
291 232
289 234
287 235
285 236
283 237
281 239
279 240
277 241
275 243
272 244
270 245
267 247
265 248
263 249
261 250
259 252
257 253
255 254
254 256
252 257
250 258
248 259
246 260
244 262
242 263
240 264
238 265
236 266
234 267
232 268
230 269
228 270
226 271
224 272
226 271
229 271
232 271
234 270
237 270
240 270
243 270
245 269
248 269
251 269
255 269
258 268
261 268
265 268
268 268
271 268
275 268
278 268
281 268
285 268
289 268
292 268
296 268
299 268
302 268
304 267
307 267
310 267
313 267
316 267
319 267
323 267
326 267
329 267
332 267
335 267
338 267
341 267
344 267
347 267
350 267
353 267
356 267
359 267
362 267
365 267
369 267
372 267
376 267
380 267
383 267
386 267
389 268
392 268
395 268
398 268
401 268
404 268
407 268
410 269
413 269
416 269
419 269
422 269
425 269
428 270
431 270
434 270
437 270
439 271
437 269
435 268
433 267
431 266
429 265
427 264
424 263
422 262
420 261
418 260
416 259
414 258
412 257
410 256
408 255
406 253
404 252
402 251
400 250
398 249
396 247
394 246
392 245
391 243
389 242
387 241
385 240
383 239
381 237
379 236
377 235
375 234
373 233
371 232
369 230
367 229
365 228
363 226
361 225
359 224
357 222
355 221
353 220
351 219
349 217
347 216
345 215
343 214
341 213
339 212
337 211
335 209
333 208
331 207
329 206
327 205
325 204
323 203
321 201
319 200
317 199
315 197
313 196
311 194
309 193
307 192
305 190
303 188
301 187
299 186
297 185
295 184
293 183
291 181
289 180
287 178
285 177
283 175
281 174
279 172
276 171
273 169
271 168
269 167
266 165
263 163
260 162
258 160
255 159
253 157
251 156
249 154
247 153
245 152
243 150
241 149
239 148
237 146
235 144
233 143
231 142
229 141
227 140
225 139
223 138
221 137
222 139
223 141
224 143
225 145
226 147
227 149
228 151
230 153
231 155
233 157
234 159
236 161
238 163
240 165
242 167
243 169
245 171
248 173
249 175
251 177
253 179
255 182
257 184
259 186
261 188
263 190
265 192
266 194
268 196
270 198
272 200
273 202
275 204
277 206
278 208
279 210
281 212
282 214
284 216
285 218
286 220
288 222
289 224
290 226
292 228
293 230
294 232
296 235
297 237
298 239
300 241
301 243
302 246
304 248
305 250
306 252
307 254
309 257
310 259
311 261
313 263
314 265
315 267
316 269
317 271
319 273
320 275
321 277
323 279
324 281
325 283
327 285
328 287
329 289
330 291
331 293
333 294
334 297
335 299
336 301
338 303
339 305
340 307
342 309
343 311
344 313
345 315
347 317
348 319
349 321
350 323
352 325
353 327
354 329
355 331
356 333
357 335
358 337
359 339
360 337
361 335
362 333
363 330
364 328
365 326
366 324
367 321
368 318
368 315
369 313
370 311
370 308
371 306
372 304
373 301
374 298
375 295
375 292
376 290
377 287
377 284
378 282
379 279
380 276
380 273
381 271
382 269
382 266
383 263
384 261
385 258
386 254
387 252
388 249
389 246
390 244
391 240
392 238
392 235
393 233
394 230
394 227
395 224
395 220
396 218
397 214
398 211
398 208
399 205
399 202
400 200
400 197
401 195
401 192
402 189
403 186
403 183
404 180
405 177
405 174
406 171
406 168
407 165
407 162
408 160
408 157
409 153
409 150
409 147
410 145
410 142
412 141
