732
385 71
381 75
380 76
379 77
379 78
378 79
377 80
377 81
376 82
375 83
374 84
373 85
372 86
371 87
371 88
370 89
369 91
368 92
367 93
366 94
365 95
364 97
363 98
362 99
361 101
360 102
359 103
358 105
357 106
356 108
354 110
353 111
352 113
351 114
350 116
349 117
348 119
347 120
346 122
345 123
344 125
343 127
342 128
340 130
339 132
338 133
337 135
336 137
334 138
333 140
332 142
330 144
329 146
327 147
326 149
324 151
323 153
321 155
319 157
318 159
316 162
314 164
312 166
310 168
308 170
306 172
304 175
302 177
300 179
298 181
296 183
294 186
292 188
290 190
288 192
286 194
284 197
282 199
280 201
278 203
277 205
275 208
273 210
271 212
270 214
268 216
266 218
265 220
263 222
261 224
259 226
258 228
256 230
254 233
252 235
250 237
249 239
247 241
245 243
243 245
242 247
240 249
238 251
236 253
234 255
232 257
230 259
228 261
226 263
224 265
222 266
220 268
219 270
217 271
216 272
214 274
213 275
212 276
211 277
210 277
210 278
209 278
209 279
209 280
210 280
211 280
211 279
212 279
213 279
214 279
215 279
216 279
217 279
218 278
219 278
220 278
221 278
222 278
224 278
225 278
226 278
228 278
229 278
231 278
232 278
234 278
235 278
237 278
238 279
240 279
242 279
244 279
246 279
247 279
249 279
252 279
254 278
256 278
258 278
261 278
263 278
266 278
268 278
271 278
273 279
276 279
278 278
281 279
284 279
286 279
289 279
292 279
295 279
298 279
300 279
303 279
306 280
309 280
312 280
315 280
318 280
321 280
324 280
327 280
330 280
333 280
336 281
339 281
342 281
345 281
348 281
351 281
354 281
357 281
360 281
363 281
366 281
369 281
372 281
375 281
378 281
381 281
383 281
386 281
389 281
392 281
394 281
397 281
400 281
402 282
404 282
407 282
409 282
411 282
414 282
416 282
418 282
421 282
423 283
425 283
428 283
430 283
432 283
434 283
436 283
438 283
440 283
442 283
444 283
445 283
447 283
449 283
450 283
452 283
453 283
454 283
455 283
456 283
456 282
455 281
454 281
454 280
453 280
453 280
453 279
452 279
451 278
450 277
450 277
449 276
448 276
447 275
446 274
445 274
445 273
443 272
442 272
441 271
440 270
439 269
438 268
437 267
436 266
435 265
434 264
433 263
432 262
430 261
429 260
428 259
427 258
425 257
424 256
423 255
421 254
420 253
418 252
417 251
415 249
413 248
412 247
410 246
409 245
407 243
405 242
404 241
402 240
400 238
399 237
397 236
395 234
394 233
392 232
391 230
389 229
387 228
386 226
385 225
383 224
382 222
380 221
379 220
378 219
377 217
375 216
374 214
373 213
372 211
370 210
369 208
368 207
367 206
365 205
364 203
362 202
361 200
360 199
358 198
357 196
356 195
355 193
353 192
352 191
351 189
350 188
348 186
347 185
346 183
344 182
343 181
342 179
340 178
339 176
338 175
336 174
335 172
333 171
332 169
330 168
328 166
327 165
325 163
323 162
322 160
320 159
318 158
316 156
314 155
312 153
310 152
308 150
306 149
304 147
302 146
300 144
298 143
296 142
294 140
292 139
290 137
288 136
286 134
283 133
281 131
279 130
277 128
276 127
274 125
272 124
270 123
268 121
267 120
265 119
263 117
261 116
259 114
258 113
256 112
254 110
253 109
251 108
249 106
248 105
246 104
245 102
243 101
242 100
241 98
239 97
238 96
236 95
235 94
233 92
232 91
231 90
229 89
228 88
227 87
226 86
225 86
224 85
224 84
223 84
222 83
222 84
222 85
223 86
224 87
224 88
225 89
225 90
226 91
226 93
227 94
228 95
228 96
229 98
230 99
231 100
232 102
233 103
234 105
234 107
235 108
236 110
237 111
238 113
239 114
239 116
240 118
241 119
241 121
242 122
243 124
244 126
244 127
245 129
246 131
246 133
247 134
248 136
248 138
249 140
250 141
250 143
251 145
252 146
252 148
253 150
254 151
254 153
255 155
255 156
256 158
257 160
257 162
258 163
258 165
259 167
259 169
260 170
260 172
261 174
261 176
262 178
262 179
263 181
263 183
263 185
264 187
264 189
265 191
265 193
266 194
266 196
267 198
267 200
268 201
268 203
269 205
269 207
269 208
270 210
270 212
271 214
272 216
272 217
273 219
273 221
274 223
274 224
275 226
275 228
275 230
276 232
277 233
277 235
278 237
278 239
279 241
280 243
281 245
281 247
282 249
283 251
284 253
285 255
285 257
286 259
287 261
288 263
288 265
289 267
290 269
291 271
291 274
292 276
293 278
293 280
294 282
295 284
295 286
296 288
297 290
297 292
298 294
299 296
299 297
300 299
301 301
301 303
302 305
303 306
303 308
304 310
305 311
306 313
306 315
307 316
308 318
309 320
309 321
310 323
311 325
311 326
312 328
313 329
314 330
314 332
315 333
315 334
316 336
316 337
317 338
317 339
318 340
318 341
319 342
319 343
319 344
320 343
320 342
320 341
320 340
320 339
321 338
321 337
321 336
322 335
322 334
322 333
323 332
323 331
324 329
324 328
325 326
325 325
326 323
326 322
327 320
328 319
328 317
329 315
329 314
330 312
330 311
331 309
332 308
332 306
333 305
333 303
334 302
334 300
335 298
335 297
336 295
336 293
336 291
337 290
337 288
337 286
338 284
338 283
339 281
339 279
339 277
340 275
340 274
341 272
342 270
342 268
343 266
343 264
344 262
344 260
345 258
346 256
346 254
347 252
347 250
348 249
348 247
349 245
349 243
350 241
350 239
351 238
351 236
351 234
352 232
352 231
353 229
353 227
353 226
354 224
354 222
354 221
355 219
355 217
355 215
356 214
356 212
356 210
356 208
357 207
357 205
357 203
357 201
358 200
358 198
358 196
358 195
358 193
359 191
359 189
359 188
359 186
360 184
360 183
360 181
361 179
361 177
361 176
362 174
362 172
363 170
363 168
363 167
364 165
364 163
365 161
365 159
365 158
366 156
366 154
367 152
367 151
367 149
368 147
368 146
369 144
369 143
369 141
370 139
370 138
370 136
371 134
371 133
372 131
372 129
372 128
373 126
373 125
374 123
374 121
375 120
375 118
376 117
376 116
376 114
377 113
377 111
378 110
378 108
379 107
379 106
379 104
380 103
380 101
380 100
381 99
381 98
381 96
381 95
381 94
382 93
382 92
382 90
382 89
382 88
382 87
383 86
383 85
383 84
383 83
383 82
383 81
383 80
383 81
384 81
384 82
384 82
