592
346 64
345 67
344 68
344 69
343 70
343 71
342 72
342 74
341 75
340 77
340 78
340 79
339 80
339 82
338 83
338 85
337 86
337 88
336 89
335 91
335 92
334 93
333 95
333 97
332 99
331 100
331 102
330 104
329 106
329 108
328 110
327 112
326 114
326 116
325 117
324 119
323 121
322 123
322 125
321 127
320 129
319 131
319 133
318 135
317 137
317 138
316 140
315 142
315 144
314 146
313 148
312 150
312 152
311 154
310 156
310 157
309 159
309 161
308 163
308 165
307 166
306 169
306 171
305 173
304 175
304 177
303 179
302 181
301 182
301 184
300 186
299 188
298 190
297 193
296 195
296 197
295 199
294 201
293 203
293 205
292 207
292 209
291 211
290 213
290 215
289 217
288 219
288 221
288 223
287 224
287 226
287 228
286 229
286 231
286 232
285 234
285 235
284 237
284 238
283 240
283 241
283 243
282 244
282 245
282 246
282 247
281 248
281 249
280 250
280 251
280 252
279 253
279 252
278 252
278 251
278 250
277 250
276 249
276 248
275 248
275 247
275 246
274 246
274 245
274 244
273 243
273 242
273 241
272 240
272 239
272 238
271 236
271 235
271 234
270 233
270 232
270 231
270 230
269 229
269 228
269 227
268 225
268 224
267 223
267 222
266 220
266 219
265 217
265 216
265 214
264 212
264 211
263 209
263 208
262 206
261 205
261 203
260 202
259 200
259 199
258 197
257 195
256 193
255 191
254 189
253 187
252 186
251 184
250 182
249 181
249 179
248 177
247 175
246 173
246 171
245 169
244 167
243 165
243 163
242 161
241 159
240 157
239 155
238 153
238 151
237 148
236 146
235 144
234 142
233 140
232 138
231 136
230 134
229 132
228 129
227 127
226 125
225 122
224 120
223 118
223 116
222 114
221 112
220 109
219 107
219 105
218 103
217 101
216 99
216 97
215 95
214 93
213 92
212 90
211 89
211 87
210 86
209 84
209 83
208 81
208 80
207 78
206 77
206 76
205 75
205 74
204 73
204 72
203 71
203 70
202 69
202 68
203 68
204 69
205 69
206 69
207 70
208 70
210 71
211 71
212 72
214 72
215 73
217 73
218 74
220 74
222 75
223 75
225 76
227 77
229 78
231 79
233 80
235 81
237 82
238 83
240 85
242 86
244 87
246 88
248 89
250 90
252 91
254 92
256 94
258 95
260 96
262 97
264 99
266 100
268 101
270 103
272 104
274 106
276 107
279 109
281 110
283 111
285 112
287 114
289 115
291 116
292 117
294 118
296 120
298 122
301 123
303 124
304 126
306 127
308 129
310 130
312 132
314 133
316 134
317 135
319 136
321 137
323 138
325 139
327 140
329 141
331 143
332 144
334 145
336 146
337 148
339 149
341 150
343 152
344 153
346 154
348 155
350 156
351 157
353 158
355 159
356 160
357 160
359 161
360 162
362 163
363 164
365 165
366 166
368 167
369 168
370 169
372 170
373 172
374 173
375 174
377 175
378 175
379 176
380 177
381 178
382 179
383 179
384 180
385 181
386 181
387 182
388 182
389 183
390 183
391 184
392 184
393 185
394 186
395 186
395 187
396 187
397 188
398 189
399 189
399 190
400 191
401 192
402 193
401 193
400 193
399 193
398 193
397 193
396 193
394 193
393 193
392 193
391 193
389 193
388 193
386 193
384 193
383 194
381 194
379 194
377 194
375 194
373 194
371 194
368 194
366 194
364 194
361 194
359 194
356 193
354 193
351 193
349 193
346 193
343 193
340 193
338 192
335 192
332 192
329 192
326 192
322 192
319 192
316 192
313 192
309 192
306 191
302 191
299 191
296 191
292 191
289 191
285 191
282 191
278 191
275 191
272 191
268 191
265 191
262 191
259 190
256 190
253 190
250 190
247 190
244 190
241 191
238 190
235 190
232 190
229 190
227 190
224 190
221 191
219 191
216 191
213 191
211 191
209 191
206 191
204 191
201 191
199 192
197 192
195 192
193 192
191 192
190 193
188 193
186 193
184 193
183 193
181 193
180 193
179 194
178 194
177 194
176 194
176 193
175 193
174 193
175 193
174 193
175 193
175 192
175 191
176 191
176 190
177 189
178 188
179 187
180 186
180 185
181 185
181 184
182 183
183 183
184 182
184 181
185 181
186 180
187 179
188 179
189 178
190 177
191 176
192 175
193 174
194 173
194 172
195 171
196 170
197 169
198 168
199 167
200 166
202 165
203 165
204 164
206 163
207 162
208 161
210 160
211 159
213 158
214 157
216 156
217 156
219 155
220 153
222 152
224 151
225 150
227 148
229 147
231 146
232 145
234 143
236 142
238 141
239 140
241 139
243 138
244 137
246 136
248 135
249 133
251 132
253 131
255 130
257 128
259 127
261 125
263 124
265 122
267 121
268 119
270 118
272 117
275 115
277 114
279 113
281 112
282 111
284 109
286 108
288 107
290 105
291 104
293 102
295 101
297 99
299 98
301 97
303 95
304 94
306 93
308 92
310 91
312 90
314 89
315 88
317 87
319 85
321 84
322 83
324 82
325 81
327 79
328 78
329 77
330 77
331 76
332 75
332 74
333 74
334 74
334 73
335 73
336 72
337 72
337 71
338 71
339 70
339 69
340 69
340 68
341 68
342 68
343 68
342 68
343 68
344 68
345 68
346 67
