736
470 91
465 102
465 103
464 105
463 107
463 109
462 111
461 113
460 115
459 117
459 119
458 121
457 123
456 125
455 127
454 129
453 131
452 133
451 134
450 136
449 138
448 140
447 141
446 143
445 145
444 146
444 148
443 149
442 151
441 152
441 153
440 155
439 156
439 157
438 159
437 160
436 162
436 163
435 165
434 166
433 168
432 170
432 171
431 173
430 174
430 176
429 177
429 179
428 180
428 181
427 183
426 185
426 186
425 188
424 190
424 192
423 194
422 196
421 198
420 200
419 202
419 203
418 205
417 207
417 208
416 210
415 212
415 213
414 215
413 216
413 218
412 220
411 222
410 223
410 225
409 227
408 228
407 230
407 232
406 233
405 235
404 237
404 238
403 240
402 242
401 244
401 246
400 248
399 249
398 251
398 253
397 255
396 257
396 258
395 260
394 262
393 264
393 266
392 267
391 269
390 271
389 273
389 275
388 276
387 278
386 280
385 282
384 283
383 285
382 287
382 288
381 290
380 292
379 294
378 295
378 297
377 299
376 300
376 302
375 303
374 304
374 305
373 306
373 307
373 308
372 308
372 309
371 310
370 309
369 308
369 307
368 307
368 306
367 305
366 304
366 302
365 301
364 300
364 298
363 297
362 295
362 294
361 292
360 290
359 289
358 287
357 285
356 283
355 281
354 280
353 278
352 276
350 274
349 272
348 270
347 268
346 266
345 264
344 262
343 261
342 259
341 257
340 255
339 253
338 252
337 250
336 248
335 246
335 244
334 243
333 241
332 239
331 237
330 235
329 233
328 232
327 230
326 228
325 226
324 224
323 223
322 221
321 219
321 217
320 215
319 213
318 211
317 209
316 208
315 206
315 204
314 202
313 200
312 198
311 197
310 195
310 193
309 191
308 189
308 187
307 186
306 184
306 182
305 181
304 179
304 178
303 176
302 175
301 173
301 172
300 170
299 169
298 167
298 166
297 164
296 162
296 161
295 159
295 158
294 156
293 155
293 153
292 152
291 151
291 149
290 148
290 146
289 145
288 144
288 142
287 141
286 140
286 138
285 137
284 136
284 135
283 133
282 132
282 131
281 129
281 128
280 127
279 125
279 124
278 122
277 121
277 119
276 118
275 116
275 115
274 113
274 111
273 109
272 108
272 106
271 105
271 103
270 102
270 100
269 99
269 98
269 97
268 96
268 95
268 94
268 93
268 92
268 91
268 90
268 89
269 89
270 89
271 89
272 89
273 89
274 89
275 89
276 90
278 90
279 90
280 91
281 91
283 92
284 92
286 93
287 93
288 94
290 94
291 95
293 96
294 96
296 97
297 97
299 98
300 99
302 100
303 100
305 101
306 102
308 103
310 104
311 105
313 106
315 106
316 107
318 108
320 109
321 110
323 111
325 112
327 113
328 114
330 115
332 116
334 117
336 118
338 119
340 119
341 120
343 121
345 122
347 123
349 124
350 125
352 126
354 127
356 128
358 129
360 130
361 131
363 131
365 132
367 133
369 134
371 135
373 136
375 137
376 138
378 139
380 140
382 141
384 142
386 143
388 144
390 145
391 145
393 146
395 147
397 147
398 148
400 149
402 150
403 150
405 151
406 152
408 153
409 154
411 155
413 156
414 157
416 157
417 158
419 159
420 160
422 161
423 162
425 162
426 163
428 164
429 165
431 166
432 167
434 168
435 168
437 169
439 170
440 171
442 171
443 172
445 173
447 173
448 174
450 175
451 175
453 176
454 176
455 177
457 178
459 178
460 179
462 179
463 180
465 181
466 181
468 182
470 183
471 184
473 184
474 185
476 186
477 187
479 188
480 189
482 190
483 191
485 192
486 192
488 193
490 194
491 195
493 196
494 196
496 197
498 198
499 198
500 199
502 200
503 201
505 202
507 202
508 203
510 204
511 205
513 206
514 207
516 207
517 208
518 209
519 209
521 210
521 211
522 211
523 212
524 212
525 213
526 213
526 214
527 214
528 215
529 216
530 217
529 217
529 218
528 218
527 218
526 218
525 218
524 218
522 219
521 219
519 219
518 219
516 219
514 220
512 220
509 220
507 220
505 221
503 221
500 221
498 221
495 221
493 221
490 222
488 222
485 222
483 222
480 222
478 222
476 222
473 222
471 222
468 222
466 222
463 222
461 222
458 222
455 222
453 222
450 223
448 223
445 223
443 223
440 223
438 223
435 223
433 223
430 224
428 224
425 224
423 224
421 224
419 224
416 224
414 224
412 225
410 225
408 225
405 225
403 225
401 225
399 225
397 225
394 225
392 225
390 225
388 225
385 225
383 225
381 225
378 226
376 226
373 226
371 226
368 226
366 227
363 227
361 227
358 227
356 228
353 228
351 228
348 228
346 228
344 229
341 229
339 229
336 229
334 229
332 229
329 229
327 229
325 229
322 230
320 230
318 230
315 230
313 230
311 230
308 230
306 230
304 230
302 230
299 230
297 230
295 230
293 230
291 230
289 230
286 230
284 230
282 230
280 230
278 230
276 230
274 229
271 229
269 229
267 229
265 229
263 228
261 228
258 228
256 228
254 228
252 227
249 227
247 227
245 227
243 227
240 226
238 226
236 226
234 226
232 226
230 226
227 226
226 226
224 226
222 226
220 226
218 226
217 226
216 226
214 226
213 226
212 226
212 225
213 224
214 223
216 223
217 222
218 221
220 220
222 219
223 218
225 217
227 216
229 215
231 214
233 212
235 211
237 210
239 209
242 208
244 206
246 205
248 204
251 203
253 201
255 200
257 199
260 198
262 196
264 195
266 194
268 192
271 191
273 190
275 189
278 187
280 186
283 185
285 183
287 182
290 181
292 180
295 179
297 177
299 176
302 175
304 173
307 172
309 171
312 170
314 168
316 167
319 166
321 165
324 164
326 162
329 161
331 160
333 159
335 158
338 157
340 156
342 155
344 154
346 153
348 152
350 151
351 150
353 149
355 149
357 148
359 147
361 146
363 145
364 144
366 143
368 142
370 141
372 141
374 140
375 139
377 138
379 137
381 136
383 135
385 135
387 134
389 133
391 132
392 132
394 131
396 130
398 129
399 129
401 128
403 127
405 126
406 126
408 125
409 124
411 124
413 123
414 123
416 122
417 122
418 121
420 120
421 120
422 119
424 119
425 118
426 118
427 117
428 117
430 116
431 116
432 115
433 115
434 115
435 114
436 114
437 113
439 113
440 113
441 112
442 112
443 111
444 111
445 110
446 110
447 110
448 109
449 109
450 108
451 108
452 108
453 107
454 107
455 107
456 106
457 106
458 106
459 105
460 105
461 104
462 104
463 104
464 103
465 103
465 102
466 101
