504
341 50
339 53
339 54
339 55
338 56
338 57
338 58
337 59
336 60
336 61
335 62
334 63
334 64
333 65
332 66
331 67
331 68
330 69
329 70
328 71
328 73
327 74
326 76
325 77
324 79
323 81
322 82
321 84
320 86
319 88
317 89
316 91
315 93
314 95
313 97
312 99
311 101
310 103
309 105
308 107
306 109
305 111
304 114
302 116
301 118
299 120
298 123
296 125
295 128
293 130
292 133
290 135
289 138
287 140
286 142
285 145
283 147
281 150
280 152
278 155
277 157
275 159
274 161
273 164
271 166
270 168
269 171
268 173
266 175
265 178
264 180
262 182
261 184
260 186
258 189
257 191
255 193
254 195
252 198
251 200
249 202
248 204
246 206
245 208
243 210
242 213
241 215
239 217
238 219
237 221
235 223
234 225
232 227
231 229
229 231
228 233
227 235
225 237
224 239
223 241
222 243
221 244
220 246
219 247
218 249
218 250
217 251
216 252
215 253
215 254
214 254
214 255
214 256
213 256
212 256
212 255
211 254
210 253
209 252
209 251
208 251
207 250
207 249
206 248
205 248
205 247
204 245
203 244
203 243
202 241
201 240
201 238
200 237
199 235
198 233
198 232
197 230
196 228
195 227
194 225
194 223
193 221
192 218
191 216
189 214
188 211
187 209
186 207
185 205
184 202
183 200
182 197
181 195
180 192
179 190
177 187
176 184
175 182
174 179
173 176
172 173
171 170
170 168
169 165
168 162
167 159
165 156
164 153
163 151
162 148
160 145
159 142
158 139
157 136
156 133
154 131
153 128
152 125
151 122
150 119
149 116
148 113
147 110
146 107
145 104
143 102
142 99
141 96
139 93
138 90
137 87
136 84
135 82
134 79
133 76
132 74
131 72
130 69
129 67
128 65
127 63
126 61
125 58
124 56
123 54
122 52
121 51
120 49
120 48
119 47
118 46
118 45
117 45
117 44
116 44
116 43
116 42
116 43
117 43
118 43
119 44
120 44
121 44
123 45
124 45
125 46
127 47
128 47
130 48
132 49
134 50
136 50
139 51
141 52
144 53
146 55
149 56
151 57
154 59
156 60
159 62
162 63
165 65
168 66
170 68
173 69
176 71
179 72
182 74
186 76
189 78
195 82
198 84
202 85
205 87
208 89
211 91
214 93
217 95
221 96
224 98
227 101
230 103
233 105
236 107
239 109
242 111
244 113
247 115
250 117
253 119
255 121
258 123
260 125
263 127
266 129
268 131
271 133
274 135
276 137
279 139
282 140
284 142
286 144
289 146
291 148
294 149
296 151
298 153
301 155
303 156
306 158
308 159
310 161
312 162
315 163
317 165
319 166
321 168
324 169
326 171
328 172
330 174
332 175
333 176
335 178
337 179
339 180
340 181
342 181
343 182
345 183
346 184
347 184
348 185
349 186
350 186
350 187
351 187
351 188
352 189
351 189
350 189
349 189
348 189
347 189
346 189
345 189
343 189
341 189
339 189
338 189
335 189
333 189
331 189
328 189
326 189
323 189
320 188
317 188
314 188
311 188
308 188
305 188
302 188
299 187
296 187
292 187
289 187
285 187
281 187
278 187
274 187
270 187
266 186
262 186
258 186
254 186
250 186
246 186
242 186
238 186
234 186
229 186
225 186
221 186
216 186
212 186
208 186
204 186
199 186
195 186
190 186
186 186
182 186
177 186
173 186
169 186
165 186
161 187
157 187
153 187
149 187
145 187
142 188
138 188
135 188
132 188
129 188
126 189
123 189
121 189
118 189
116 189
114 189
112 189
110 189
109 189
107 190
106 190
105 190
104 190
103 190
102 190
102 189
103 189
103 188
104 188
105 187
106 186
107 186
108 185
109 184
111 183
112 183
114 182
116 181
118 180
120 179
122 178
124 177
126 176
129 175
131 173
134 172
136 170
139 169
142 167
145 165
147 164
151 162
154 161
157 159
160 158
163 156
167 154
170 153
173 151
177 149
180 147
184 145
187 143
191 141
195 139
199 137
203 135
206 133
210 131
213 130
217 128
220 125
224 123
228 121
231 119
234 118
237 116
241 114
244 112
247 111
250 109
253 107
256 106
259 104
262 102
265 100
268 99
270 97
273 96
276 94
279 93
281 92
284 91
286 89
289 88
292 87
294 86
297 84
299 83
302 81
305 80
307 78
309 77
312 76
314 74
316 73
318 72
320 71
322 70
324 69
326 68
328 67
329 67
330 66
331 65
332 65
333 64
334 64
334 63
335 63
336 63
336 62
335 63
335 64
335 63
