459
431 116
428 120
427 122
426 124
425 126
424 128
423 130
422 132
421 134
420 136
419 138
418 140
416 142
415 144
414 146
412 148
411 150
410 152
409 154
408 156
407 158
405 160
404 162
403 164
402 166
401 168
399 170
398 172
397 174
396 176
395 178
394 180
392 182
391 184
389 186
388 188
386 189
385 191
383 193
381 195
379 197
378 199
376 201
374 203
373 205
371 207
370 209
369 211
367 213
366 215
364 216
363 218
361 220
360 222
358 224
357 226
356 228
354 230
353 232
351 233
349 235
348 237
346 239
345 241
343 243
342 245
340 246
338 248
336 250
334 252
333 254
331 256
329 258
327 260
325 262
324 264
322 266
320 268
318 270
317 272
315 274
314 276
312 278
310 280
309 282
307 284
306 286
305 288
303 290
302 292
300 294
298 296
296 298
294 300
292 302
290 304
288 306
287 308
285 309
284 311
283 313
286 313
289 312
292 312
295 312
298 312
301 312
304 311
307 311
310 311
314 311
317 311
320 311
322 310
325 310
329 310
332 310
335 310
338 310
341 310
344 310
348 309
351 309
354 309
357 309
360 309
363 309
366 309
369 309
373 309
376 309
380 309
383 309
386 309
390 309
393 308
397 308
400 308
403 308
406 308
409 308
411 309
414 309
417 309
421 309
425 309
428 309
431 309
434 310
437 310
440 310
443 310
446 311
449 311
452 311
456 311
459 312
463 312
466 312
468 313
471 313
474 313
476 314
479 314
482 314
481 312
480 310
479 308
477 306
476 304
474 303
473 301
471 300
469 299
467 297
465 296
463 294
461 292
459 290
457 288
455 287
453 284
451 282
448 280
447 278
445 276
442 274
440 272
438 270
436 268
434 267
431 265
428 263
426 261
423 259
421 258
418 256
416 255
415 253
413 252
410 250
408 249
405 247
402 245
400 244
397 242
395 240
393 239
390 237
388 235
385 233
383 230
380 228
378 226
376 225
374 222
372 220
370 219
368 217
366 215
365 213
363 212
361 210
358 208
357 206
355 204
353 203
352 201
350 199
348 198
347 196
344 194
342 191
340 190
338 188
335 185
333 183
331 181
329 178
327 177
324 174
322 171
320 170
318 168
317 166
315 165
313 162
311 160
309 159
308 157
306 155
305 153
303 151
302 149
300 148
299 146
297 144
295 141
293 139
291 137
290 135
288 133
286 131
284 129
282 127
280 125
278 124
276 122
274 121
275 123
276 126
277 129
278 132
278 135
279 137
280 139
281 141
282 144
283 146
284 148
285 150
286 152
287 155
288 158
290 161
291 163
292 165
294 168
295 170
296 173
298 176
299 178
300 181
301 183
302 185
304 188
305 190
306 193
307 195
308 197
309 200
310 202
311 204
312 206
314 209
315 213
317 216
318 218
319 221
320 223
322 226
323 228
324 231
325 233
326 235
327 237
328 240
329 242
330 244
331 247
332 250
333 252
334 256
335 259
336 262
337 265
338 268
339 271
340 275
340 278
341 281
342 283
342 286
343 289
344 291
345 294
346 297
347 300
348 303
349 306
350 309
351 311
352 314
353 318
354 321
356 324
357 327
358 330
359 332
360 335
361 337
362 340
363 342
364 345
365 348
366 351
368 354
369 356
370 359
371 362
372 364
373 366
374 369
375 371
376 374
377 376
378 379
379 381
379 378
379 375
379 372
380 370
380 367
381 365
382 362
382 359
383 357
383 353
384 351
385 349
385 346
386 343
387 339
387 336
388 334
389 331
389 328
390 326
391 322
391 319
392 317
392 314
393 311
393 308
394 306
394 302
395 299
395 296
396 293
397 290
397 287
398 284
398 281
399 279
399 276
400 274
400 271
401 268
401 265
402 263
402 260
403 258
404 254
405 251
406 247
407 244
408 240
409 236
410 233
411 229
411 225
412 222
413 219
414 216
414 213
415 211
415 208
416 205
417 202
417 199
418 197
418 194
419 191
419 187
420 184
420 181
421 178
422 174
422 170
423 168
423 165
424 162
424 159
425 156
425 153
425 150
425 146
426 143
426 140
427 137
427 134
428 131
428 128
428 125
429 123
429 120
429 117
429 114
431 115
