522
382 60
378 64
377 65
376 66
375 67
374 68
372 70
371 71
369 72
368 74
366 76
365 77
363 79
361 81
360 83
358 84
356 86
354 88
353 90
351 92
349 94
347 96
345 98
343 100
341 103
339 105
337 107
335 110
333 112
331 114
329 117
327 119
325 121
323 124
321 126
319 129
317 131
315 134
313 136
313 136
311 139
309 141
306 143
304 146
304 146
302 148
300 150
298 153
296 155
294 158
291 160
289 163
287 165
285 167
282 170
280 172
278 174
276 177
274 179
272 181
269 184
267 186
265 189
263 191
261 193
258 196
256 198
254 200
252 203
250 205
247 207
245 210
243 212
241 214
239 217
236 219
234 221
231 224
229 226
227 228
224 230
222 232
220 234
218 236
216 238
214 240
212 241
210 243
209 244
207 245
206 246
205 247
204 248
203 249
204 250
205 250
206 250
207 250
208 250
209 250
210 250
211 250
213 250
214 250
216 250
217 249
219 249
221 249
223 249
225 249
227 249
229 249
232 248
234 248
237 248
239 248
242 248
244 248
247 248
249 247
252 247
255 247
258 247
261 247
263 247
266 247
269 247
272 247
275 247
278 247
281 247
284 247
287 247
290 247
293 247
296 247
299 247
302 247
305 248
308 248
311 248
314 248
317 248
320 249
322 249
325 249
328 249
331 250
335 250
338 250
341 250
344 250
347 251
350 251
353 251
356 251
359 252
362 252
365 252
368 252
371 252
375 252
378 253
381 253
384 253
387 253
391 253
394 253
397 253
400 253
403 253
406 253
408 253
411 253
413 253
415 253
417 254
419 254
421 254
422 254
423 254
424 254
425 254
426 254
425 253
425 252
424 252
424 251
423 251
422 250
422 249
421 249
420 248
419 247
418 246
417 245
416 244
415 243
414 242
413 240
411 239
410 238
409 236
408 235
407 233
405 232
404 230
403 229
401 227
400 226
398 224
396 223
395 221
393 219
391 217
390 216
388 214
386 212
384 210
382 208
380 206
378 204
376 202
374 201
372 199
370 197
368 195
366 193
363 190
361 188
359 186
357 184
354 182
352 180
350 177
348 175
345 173
343 171
341 169
338 167
336 165
334 163
331 161
329 158
327 156
325 154
323 152
321 150
319 148
316 145
314 143
312 141
310 139
308 137
306 135
304 133
302 131
299 129
297 127
295 124
293 123
290 121
288 119
286 117
283 115
281 113
278 111
276 109
274 107
272 105
270 103
267 101
265 99
263 97
261 95
258 93
256 91
254 89
252 87
250 85
248 83
246 81
244 80
242 78
240 76
238 74
236 72
234 71
232 69
230 67
228 66
226 65
225 64
223 63
222 62
220 61
219 60
218 59
217 58
216 58
215 57
214 57
213 57
213 56
212 56
211 57
212 58
212 59
212 60
213 61
213 62
214 63
214 64
215 66
215 67
216 69
217 70
218 72
219 74
219 76
220 78
221 80
222 82
223 84
224 87
225 89
227 91
228 93
229 96
230 98
231 101
233 104
234 106
235 109
236 112
238 115
239 117
240 120
241 123
243 125
244 128
245 131
247 134
248 137
249 140
250 143
252 146
253 149
254 152
256 155
257 158
258 161
260 164
261 166
262 169
264 172
265 175
266 179
267 182
269 185
270 188
271 191
272 194
274 197
275 200
276 203
277 206
278 209
279 212
280 216
281 219
283 222
284 225
285 228
285 231
286 234
287 237
288 241
289 244
290 247
291 250
292 253
292 256
293 260
294 263
294 266
295 269
296 272
297 275
297 278
298 281
299 284
299 287
300 290
301 292
301 295
302 298
303 300
303 303
304 305
304 308
305 310
306 312
306 314
307 316
307 318
308 319
308 321
309 323
309 324
310 325
310 326
310 327
311 328
311 329
311 328
311 327
311 326
311 325
311 324
311 323
311 322
312 320
312 319
312 317
313 316
313 314
314 312
315 311
315 309
316 307
316 305
317 303
318 301
319 299
319 296
320 294
321 291
321 289
322 286
323 284
324 281
325 279
325 276
326 273
327 270
328 268
328 265
329 262
330 259
331 256
332 253
333 250
334 247
335 244
336 241
337 238
337 235
338 232
339 229
340 226
341 223
342 220
343 217
344 214
345 211
346 208
347 205
348 202
349 199
350 195
351 192
352 189
353 186
354 183
355 179
356 176
358 173
359 170
360 166
361 163
362 160
363 157
364 153
365 150
366 147
367 144
368 141
369 138
369 135
370 132
371 129
372 126
373 123
373 120
374 117
375 114
376 111
376 108
377 106
378 103
378 100
379 97
379 95
380 93
380 90
381 88
381 86
381 84
382 82
382 80
382 79
382 77
382 76
382 75
382 74
382 73
381 72
381 73
381 74
380 75
380 75
