662
496 106
492 110
491 111
491 112
490 113
489 114
489 115
488 117
487 118
486 120
485 121
484 123
483 124
482 126
481 128
480 130
480 131
479 133
478 135
477 137
476 139
476 141
475 143
474 145
473 147
473 148
472 150
471 152
470 153
470 155
469 156
468 158
467 160
466 161
466 163
465 165
464 166
463 168
463 169
462 171
461 172
460 174
460 176
459 177
458 179
458 180
457 182
457 183
456 185
456 186
455 188
454 190
454 191
453 193
453 195
452 196
451 198
451 199
450 201
450 202
449 203
448 205
447 206
446 208
445 209
445 211
444 213
443 214
442 216
441 217
441 219
440 220
439 222
438 223
437 225
436 226
436 228
435 229
434 231
433 232
432 233
431 235
430 236
429 238
428 239
428 241
427 242
426 244
425 246
424 248
423 250
422 252
421 254
419 255
418 257
417 259
417 261
416 263
415 265
414 266
413 268
412 270
411 271
410 273
409 274
408 276
408 277
407 278
406 279
406 280
405 280
404 281
403 281
402 281
401 280
400 280
400 279
399 278
398 277
398 276
397 275
396 273
395 272
394 270
394 268
393 267
392 265
391 263
390 261
390 259
389 257
388 255
387 253
386 251
385 249
385 247
384 245
383 243
382 241
381 239
380 237
379 235
378 233
377 231
376 229
375 227
374 225
373 223
372 221
371 219
370 217
370 215
369 213
368 211
367 209
366 207
366 205
365 203
364 201
363 199
362 197
361 195
361 193
360 191
359 189
359 188
358 186
357 184
357 182
356 180
355 178
355 177
354 175
353 173
353 171
352 169
352 167
351 165
350 164
350 162
349 160
349 158
348 156
347 154
347 152
346 151
345 149
345 147
344 145
343 143
343 141
342 139
341 137
340 136
340 134
339 132
338 130
338 128
337 127
336 125
336 124
335 122
335 121
334 119
333 118
333 116
332 115
332 113
331 112
331 110
330 109
330 108
329 106
329 105
328 104
328 103
328 102
327 101
327 100
327 99
327 98
327 97
327 96
327 95
327 94
327 93
327 92
326 91
326 90
326 89
326 88
326 87
326 86
326 85
326 84
326 82
326 81
326 80
326 79
325 79
325 78
326 78
327 78
328 78
329 79
330 79
331 79
332 80
333 80
334 81
335 81
336 82
337 82
338 83
339 83
340 84
341 84
342 85
343 85
344 86
345 87
347 88
348 89
349 89
350 90
351 91
352 92
354 93
355 93
356 94
357 95
359 96
360 96
361 97
362 98
363 99
365 100
366 100
367 101
369 102
370 103
371 103
373 104
374 105
376 106
377 106
378 107
380 108
381 109
383 110
384 111
386 112
387 113
388 113
390 114
391 115
393 116
394 117
396 117
397 118
398 119
400 119
401 120
403 120
404 121
406 121
407 122
409 122
410 123
411 124
413 124
414 125
415 126
417 126
418 127
419 128
420 129
422 129
423 130
424 131
425 131
427 132
428 133
429 134
431 134
432 135
434 136
435 137
437 138
439 138
440 139
442 140
444 141
445 142
447 143
449 144
451 145
453 146
455 147
456 147
458 148
460 149
462 150
464 150
466 151
468 152
470 153
472 153
474 154
475 155
477 156
479 156
481 157
483 158
485 159
486 159
488 160
490 161
492 162
494 162
495 163
497 164
498 165
500 165
501 166
503 167
504 168
505 169
506 170
508 171
509 171
510 172
512 173
513 174
514 174
516 175
517 176
518 176
520 177
521 178
522 179
523 179
524 180
525 180
526 181
527 181
528 182
529 183
530 183
531 183
531 184
532 184
533 185
533 186
532 187
531 187
530 187
529 188
528 188
527 188
526 188
525 189
524 189
522 189
521 190
519 190
517 191
515 191
513 192
511 192
509 193
507 193
505 194
503 194
500 195
498 195
496 196
494 196
492 197
489 197
487 197
485 198
483 198
481 199
478 199
476 199
474 200
473 200
471 200
469 201
467 201
465 202
463 202
460 202
458 203
456 203
454 204
452 204
450 205
449 205
446 206
444 207
442 207
440 208
438 209
436 209
434 210
431 210
429 211
427 212
425 212
423 213
421 214
419 214
417 215
415 216
413 216
411 217
410 217
408 218
406 218
404 219
403 219
401 220
400 220
398 221
396 221
395 222
393 222
392 222
390 223
389 223
387 224
385 224
384 225
382 225
380 225
378 226
376 226
374 227
372 227
370 228
368 228
366 228
365 229
363 229
361 230
359 230
357 231
354 231
352 232
350 232
348 233
346 233
344 234
342 234
341 235
339 235
337 236
335 236
333 237
331 237
330 237
328 238
326 238
325 239
323 239
322 239
320 240
318 240
317 240
315 241
314 241
312 242
311 242
309 242
308 243
307 243
305 243
304 244
302 244
301 244
299 245
298 245
297 245
295 245
294 246
293 246
292 246
291 246
290 246
289 246
289 245
290 245
291 244
292 243
293 242
294 241
295 241
297 240
298 239
300 238
302 236
304 235
305 234
307 232
309 231
311 230
313 228
315 226
317 225
319 223
322 222
324 220
326 218
328 217
330 215
333 214
335 212
337 211
339 209
341 208
344 206
346 205
348 203
350 202
352 200
354 199
356 197
359 196
361 194
363 193
365 191
367 189
369 188
371 187
373 185
375 184
377 183
379 181
381 180
383 179
385 178
386 177
388 175
390 174
392 173
394 172
396 171
398 169
399 168
401 167
403 166
405 165
406 164
408 163
410 162
411 161
413 160
414 159
416 158
417 157
419 156
420 155
421 154
423 154
424 153
425 152
426 151
427 151
428 150
429 149
430 149
431 148
432 147
434 147
435 146
436 145
437 145
438 144
439 143
441 142
442 141
443 141
444 140
445 139
447 138
448 137
450 137
451 136
453 135
454 134
456 133
457 133
459 132
460 131
462 130
464 130
465 129
467 128
468 128
469 127
471 126
472 126
473 125
475 124
476 124
477 123
478 123
479 122
480 122
481 121
482 121
483 120
484 120
485 120
485 119
486 119
487 119
486 119
485 118
485 117
