773
470 110
466 114
466 115
465 116
464 118
463 119
462 120
461 122
460 123
459 125
458 126
457 128
456 130
455 131
454 133
453 135
452 137
452 139
451 140
450 142
449 144
448 146
448 147
447 149
446 150
445 152
445 153
444 154
444 156
443 157
442 158
442 160
441 161
440 162
440 163
439 165
438 166
438 168
437 169
436 171
435 172
435 173
434 175
433 176
432 178
431 179
430 181
430 182
429 183
428 185
427 186
426 188
426 189
425 190
424 192
423 193
422 195
422 196
421 197
420 199
419 200
418 201
417 202
417 203
416 204
415 205
415 206
414 208
413 209
412 210
412 211
411 212
410 213
409 214
409 215
408 216
407 217
407 218
406 219
405 221
405 222
404 223
403 224
403 225
402 226
402 227
401 228
400 230
399 231
399 232
398 233
398 234
397 235
397 236
396 237
395 238
395 239
394 240
394 241
393 242
393 243
392 244
392 245
391 246
391 247
390 248
390 249
389 250
388 251
387 252
387 253
386 254
385 255
385 256
384 257
384 258
383 259
382 260
382 261
381 262
380 263
380 264
379 265
378 265
378 266
377 267
377 268
376 268
376 269
375 270
375 271
374 271
374 272
373 273
372 274
372 275
371 275
371 276
371 277
370 277
370 278
369 279
369 280
368 280
368 281
367 281
367 282
366 283
366 284
365 284
365 285
364 286
363 286
363 285
362 284
361 283
361 282
360 281
360 280
359 280
359 279
358 278
357 277
357 275
356 274
356 273
355 272
354 271
354 270
353 269
353 267
352 266
351 265
351 264
350 263
350 262
349 261
349 260
348 259
347 258
347 257
346 256
345 255
345 253
344 252
344 251
343 250
342 249
342 248
341 247
341 246
340 245
340 244
339 243
338 242
338 241
337 240
336 239
335 237
335 236
334 235
333 234
332 233
332 232
331 230
330 229
329 228
329 227
328 225
327 224
326 222
326 221
325 219
324 217
323 216
322 215
322 213
321 212
320 210
320 209
319 207
319 206
318 205
317 203
317 202
316 200
315 199
315 197
314 196
313 194
312 193
312 191
311 190
310 189
310 187
309 186
308 184
308 183
307 181
306 180
306 178
305 177
304 176
303 174
303 173
302 171
302 170
301 169
300 167
300 166
299 165
299 163
298 162
298 160
297 159
297 157
296 156
295 154
295 153
294 151
294 150
294 148
293 147
292 141
292 139
291 137
291 135
290 133
289 131
289 128
288 126
288 128
287 126
287 125
286 123
286 122
285 120
285 119
284 117
284 116
284 115
283 113
283 112
282 110
282 109
281 108
281 107
280 105
280 104
279 102
279 101
278 100
278 99
278 98
278 97
277 96
277 95
277 94
276 93
276 92
276 91
277 90
278 90
279 90
280 90
281 90
282 90
283 90
284 90
285 91
286 91
287 92
289 92
290 93
291 93
293 94
294 94
295 95
297 95
299 93
301 94
302 95
304 95
306 96
308 97
310 98
311 99
313 103
314 104
316 105
317 105
319 106
321 107
322 108
324 108
325 109
327 110
329 111
330 112
332 112
333 113
335 114
337 115
339 116
340 116
342 117
344 118
345 119
347 120
349 120
351 121
352 122
354 123
356 124
358 125
359 126
361 126
363 127
365 128
367 129
368 129
370 130
372 131
373 131
375 132
377 133
379 134
381 135
382 135
384 136
386 137
387 137
389 138
391 139
392 139
394 140
396 141
397 141
399 142
400 143
402 143
403 144
405 145
407 145
408 146
410 147
412 147
413 148
415 148
417 149
419 149
420 150
422 150
424 151
425 152
427 152
429 153
430 153
432 154
434 154
436 155
437 155
439 156
441 157
443 157
444 158
446 158
447 159
449 159
451 160
452 161
454 161
456 162
457 163
459 164
461 164
463 165
464 166
466 167
468 168
470 168
471 169
473 170
475 171
476 172
478 172
480 173
482 174
483 175
485 175
487 176
489 177
491 177
492 178
494 179
496 180
498 180
499 181
501 182
503 182
504 183
506 184
508 184
509 185
511 186
513 187
514 187
516 188
517 189
519 190
520 191
522 191
523 192
525 193
526 194
528 194
529 195
531 196
532 196
533 197
535 198
536 198
538 199
539 199
540 200
541 200
543 201
544 201
545 202
546 202
547 202
548 203
549 203
550 203
550 204
551 204
552 205
553 205
554 205
554 206
555 206
555 207
556 207
555 207
555 208
554 208
553 208
552 208
551 208
550 208
549 209
547 209
546 209
544 209
542 209
540 209
538 210
536 210
534 210
532 210
530 210
527 211
525 211
522 211
520 211
517 211
514 212
511 212
508 212
505 213
502 213
499 213
497 213
494 213
491 213
488 214
485 214
482 214
479 214
476 214
473 214
470 215
467 215
464 215
461 215
458 215
455 215
453 216
450 216
447 216
444 216
441 217
438 217
435 217
432 218
430 218
427 218
424 219
421 219
418 219
416 219
413 220
410 220
407 220
405 220
402 220
399 221
397 221
394 221
391 221
389 222
386 222
384 222
381 222
379 222
376 222
373 223
371 223
368 223
366 223
363 223
361 224
358 224
356 224
353 224
350 224
348 224
345 225
343 225
340 225
338 225
335 225
332 226
329 226
327 226
324 226
321 226
319 226
316 226
314 226
312 226
310 227
307 227
305 227
303 227
301 227
299 227
297 227
295 227
293 227
291 227
289 227
288 227
286 227
284 227
282 227
281 227
279 227
277 227
275 227
274 227
272 226
270 226
268 226
267 226
265 226
263 226
261 226
260 226
258 226
257 226
255 226
254 226
252 226
251 225
250 225
249 225
248 225
247 225
246 225
246 224
245 224
244 224
245 223
246 222
247 222
247 221
249 220
250 219
251 218
253 217
254 216
256 215
258 214
259 213
261 211
263 210
265 209
266 208
268 207
270 206
272 204
274 203
276 202
278 201
280 200
282 199
284 198
286 197
288 196
290 194
292 193
294 192
296 191
298 189
300 188
303 187
305 186
307 184
310 183
312 182
314 181
316 180
318 178
321 177
323 176
325 175
327 174
330 173
332 172
334 170
336 169
338 168
340 167
342 166
344 165
346 164
348 163
350 162
352 161
354 160
356 160
358 159
360 158
362 157
364 157
365 156
367 155
369 154
371 154
372 153
374 152
376 151
378 151
380 150
381 149
383 149
385 148
387 147
389 147
391 146
392 145
394 144
396 143
397 143
399 142
401 141
402 140
404 140
405 139
407 138
409 138
410 137
412 136
413 136
414 135
416 134
417 134
419 133
420 133
421 132
422 132
423 131
425 131
426 130
427 130
428 129
429 129
430 129
431 128
433 128
434 127
435 127
436 127
437 126
438 126
439 126
440 125
441 125
442 125
443 125
444 124
445 124
446 124
447 123
448 123
449 123
450 123
451 122
452 122
453 122
454 121
455 121
456 121
457 121
458 120
459 120
460 120
461 119
462 119
463 119
464 119
465 118
466 117
467 117
468 116
469 116
469 115
470 115
470 114
471 114
472 114
473 113
