400
293 69
292 72
291 73
291 74
290 75
289 76
289 77
288 79
287 80
286 81
285 83
284 84
283 86
281 87
280 89
278 91
276 93
274 95
272 97
270 99
268 102
266 104
263 107
261 109
258 112
256 115
253 117
250 120
247 123
244 127
241 130
238 133
235 136
232 140
228 143
225 146
222 150
218 153
215 156
212 160
208 163
205 166
202 169
199 172
195 175
192 179
189 182
186 185
182 187
179 190
176 193
173 196
169 199
166 202
163 204
160 207
156 210
153 213
150 215
147 218
144 220
141 223
138 225
135 228
132 230
129 233
126 235
123 237
120 239
118 241
115 243
113 245
110 247
108 249
106 250
104 252
102 253
100 255
98 256
97 257
95 258
94 259
93 260
92 260
92 261
91 261
90 262
90 261
91 261
92 261
93 261
94 261
95 260
97 260
98 260
100 259
102 259
105 258
107 258
110 257
113 256
116 255
119 255
123 254
127 253
131 252
135 252
139 251
143 250
148 250
153 249
157 249
162 248
167 248
172 247
178 246
183 246
188 245
194 245
199 244
205 243
211 242
217 242
222 241
228 240
234 239
240 238
245 238
251 237
257 236
263 235
269 235
275 234
280 233
286 232
292 232
297 231
303 230
308 230
313 229
319 228
324 228
328 227
333 227
338 226
342 226
346 225
350 225
354 224
358 224
361 224
364 223
367 223
369 222
372 222
374 222
376 221
377 221
379 220
380 220
382 219
383 219
384 218
385 218
385 217
386 216
385 215
385 214
384 214
383 213
382 213
381 212
380 212
379 211
378 211
377 210
376 210
375 209
373 208
372 207
371 207
369 206
367 205
365 204
363 203
361 202
359 200
356 199
353 198
350 197
347 195
344 194
341 193
337 191
334 190
330 188
327 187
323 185
319 184
315 182
311 180
307 178
302 176
298 175
294 173
289 171
284 169
280 167
275 165
270 162
265 160
260 158
255 156
251 154
246 151
241 149
236 147
231 144
226 142
221 140
216 137
211 135
206 132
202 130
197 127
192 125
187 122
183 120
178 117
174 115
170 112
166 110
161 108
157 106
154 103
150 101
146 99
143 97
139 95
136 93
133 92
131 90
128 89
126 87
124 86
122 85
121 84
120 84
119 83
118 83
117 82
116 82
117 83
118 83
118 84
119 85
120 86
121 87
122 88
123 89
124 90
124 91
125 93
126 94
127 95
127 97
128 99
129 101
130 103
132 105
133 107
135 109
136 112
138 115
140 118
142 121
144 125
147 128
149 132
152 136
154 140
157 144
160 149
163 153
166 158
169 163
172 167
175 172
179 177
182 182
185 187
188 193
191 198
195 203
198 209
201 214
204 219
207 225
210 230
212 235
215 240
218 245
220 250
223 255
225 259
227 264
229 268
231 272
234 276
236 279
238 283
239 286
241 289
243 293
244 295
246 298
247 301
248 303
249 305
250 308
251 309
252 311
253 313
253 314
254 315
254 316
255 317
255 318
256 318
257 318
257 317
258 317
258 316
258 315
259 313
259 312
259 310
259 308
260 306
260 304
260 302
260 299
260 297
261 294
261 292
261 289
261 285
261 282
261 279
262 275
262 271
262 267
262 263
262 258
263 254
263 249
264 244
264 239
264 234
265 228
265 223
266 218
266 212
267 206
267 201
267 195
268 189
268 183
268 178
269 172
269 166
269 161
269 155
270 150
270 145
270 140
270 135
271 130
271 125
271 120
271 116
272 111
272 107
272 104
273 100
273 97
274 94
274 91
274 88
275 86
275 84
275 82
276 81
276 79
276 78
276 77
276 76
276 77
275 78
274 79
