423
432 143
427 148
425 150
423 152
421 154
419 156
417 157
415 159
413 160
411 162
409 164
407 165
405 167
403 168
401 169
399 170
397 171
395 172
393 173
391 174
390 176
388 177
386 178
384 179
382 181
380 182
378 184
375 185
373 187
370 188
368 189
366 190
364 192
361 193
358 195
355 196
353 198
350 199
348 200
346 202
344 203
341 204
339 206
337 207
335 209
333 210
331 211
329 213
327 214
324 216
322 217
320 218
318 219
316 220
314 221
312 222
310 224
308 225
306 226
304 228
302 229
300 230
298 232
296 233
294 234
292 235
290 237
288 238
286 239
284 240
281 242
279 243
277 244
274 246
272 247
270 248
268 249
266 250
264 251
261 253
259 254
256 256
254 257
252 259
250 260
248 261
246 262
244 263
242 264
240 265
243 265
246 264
249 264
252 264
256 264
259 264
262 264
265 264
268 264
272 264
276 264
279 263
283 263
286 263
290 263
293 263
297 262
301 262
304 262
308 262
311 262
313 261
316 261
319 261
322 261
326 261
329 260
332 260
336 260
339 260
343 259
346 259
349 259
352 259
355 259
358 259
361 259
364 258
367 258
370 258
373 258
376 258
380 258
383 258
386 258
388 257
391 257
394 257
396 258
399 258
402 258
405 258
408 258
412 258
415 258
418 258
420 259
423 259
427 259
430 259
433 259
437 260
441 260
444 260
446 261
449 261
452 262
451 259
449 257
447 255
445 254
443 253
441 252
439 251
437 250
435 249
432 248
430 247
427 246
425 245
423 244
421 243
418 241
416 240
413 238
411 237
409 236
407 235
405 234
403 232
400 231
398 229
395 228
393 226
391 225
388 224
386 222
384 221
381 220
379 219
376 218
374 216
371 215
369 214
367 213
364 212
362 210
360 209
358 208
356 206
354 205
351 203
349 202
347 201
345 199
342 198
340 196
338 195
336 194
333 193
331 191
329 190
326 189
324 188
322 187
320 186
318 185
316 184
313 183
311 182
309 180
307 179
305 178
303 177
301 175
299 174
297 173
295 172
293 171
291 170
288 168
286 167
283 166
281 164
279 163
277 162
274 161
272 159
269 158
266 157
264 156
261 155
259 153
256 152
253 150
251 148
248 147
245 145
243 144
241 143
238 142
237 144
238 146
239 148
240 150
241 152
242 154
244 156
245 158
247 160
249 163
251 165
253 167
255 170
257 172
259 174
260 176
262 178
264 181
266 183
268 185
269 187
271 189
273 191
275 194
277 196
279 198
280 200
282 202
283 204
284 207
286 209
287 211
289 213
290 215
291 217
292 219
294 221
295 223
297 225
298 227
300 229
301 231
303 234
305 236
306 238
307 241
309 244
310 246
311 248
313 250
314 252
315 254
316 256
318 259
319 261
320 263
321 266
323 268
324 271
326 273
327 276
328 278
329 280
330 282
331 285
332 287
333 289
334 291
335 293
336 295
337 297
338 299
339 301
340 303
341 306
342 309
343 312
344 315
345 317
346 319
347 321
348 323
349 325
350 328
351 330
352 332
353 334
354 337
355 339
356 342
357 345
357 348
358 350
359 352
358 350
359 347
359 344
360 342
361 340
362 338
363 336
364 334
365 332
366 330
367 328
368 325
369 322
370 320
371 318
372 315
373 312
374 310
375 307
376 304
377 302
378 299
379 297
380 294
382 291
383 288
384 286
385 283
386 281
387 278
388 276
389 273
390 271
391 269
392 266
394 263
395 261
396 258
397 256
398 254
399 251
400 249
401 247
403 244
404 242
405 239
406 237
408 234
409 232
410 229
411 226
412 223
413 219
414 216
414 213
416 210
417 206
418 203
419 200
420 196
421 193
422 191
423 187
424 184
425 182
426 179
427 175
427 172
428 169
429 166
429 163
430 160
430 156
431 154
431 151
432 149
432 146
434 146
