290
236 74
236 77
236 78
235 80
235 81
235 82
234 84
234 86
233 88
232 90
231 93
229 96
228 99
227 102
225 105
223 109
221 113
219 117
216 121
214 125
211 130
208 134
206 139
203 144
200 149
196 154
193 159
190 165
186 170
183 176
179 181
175 187
172 192
168 198
164 203
161 209
157 214
154 219
150 224
147 229
144 233
141 238
139 242
136 246
134 249
132 252
130 255
128 258
127 260
125 262
124 263
124 264
123 265
123 266
122 267
123 267
123 266
124 266
125 266
126 265
127 264
129 264
130 263
131 262
133 261
135 259
137 258
140 256
143 254
145 252
148 250
152 248
155 246
159 244
162 242
166 239
170 237
174 235
179 232
183 230
187 228
191 226
196 224
200 222
204 220
208 218
212 217
217 215
221 213
225 212
229 210
233 209
237 207
240 206
244 204
248 203
252 201
256 200
259 199
263 197
266 196
269 195
272 194
275 193
278 192
280 191
282 191
284 190
286 189
287 189
289 188
290 188
291 188
291 187
292 187
291 186
290 186
289 185
288 185
287 184
286 184
285 183
283 182
282 181
280 180
278 179
276 178
273 176
270 175
268 173
264 172
261 170
257 169
254 167
249 166
245 164
241 162
236 160
232 158
227 156
222 154
217 152
212 150
207 148
202 146
197 143
192 141
187 138
182 136
177 134
172 131
167 128
162 126
158 123
154 121
150 118
146 116
142 113
138 111
135 109
132 107
129 105
126 104
124 102
122 101
120 99
118 98
117 97
116 96
115 95
114 95
114 94
113 94
114 94
114 95
115 95
115 96
116 96
117 97
118 98
119 100
120 101
121 102
123 104
124 105
126 107
127 109
129 111
131 114
133 116
135 119
138 122
140 125
143 128
145 132
148 135
151 139
154 143
157 147
160 151
163 155
166 160
169 164
173 169
176 174
179 179
182 184
186 189
189 194
192 200
195 205
197 210
200 216
203 221
205 226
207 230
210 235
212 239
214 243
216 247
218 251
220 254
221 257
223 260
224 262
225 264
226 266
227 267
228 269
229 270
230 270
230 271
231 271
231 270
232 270
232 269
232 268
232 267
232 266
233 264
233 262
233 260
233 258
233 255
233 252
233 249
234 245
234 242
234 238
234 234
235 230
235 225
235 220
235 216
236 211
236 206
236 200
236 195
236 190
236 184
236 179
236 174
236 168
236 163
236 157
236 152
236 146
236 141
235 136
235 130
235 125
235 120
235 116
235 111
234 107
234 103
234 99
234 96
233 93
233 91
233 88
232 86
232 85
231 83
231 82
230 81
230 80
229 80
230 80
230 81
