571
470 98
466 101
465 103
464 105
462 106
461 108
460 110
458 112
457 114
455 115
454 117
452 119
451 122
449 124
448 126
446 127
444 129
443 132
441 134
439 136
438 139
436 141
435 143
433 146
431 147
430 149
428 152
425 155
423 157
422 159
420 162
418 163
417 165
414 168
413 170
411 173
409 174
408 176
406 177
404 180
402 181
401 183
398 185
397 187
394 189
393 191
391 192
390 194
387 196
386 198
383 201
381 204
379 205
378 207
376 208
375 210
373 211
372 213
370 214
369 216
366 218
364 221
362 222
360 225
358 226
357 228
354 231
351 234
349 237
347 238
345 241
343 243
341 245
339 247
338 249
336 252
334 253
333 255
331 257
330 259
328 260
327 262
324 264
322 267
320 269
318 270
316 273
314 275
312 278
310 279
308 282
306 284
305 286
303 288
301 290
300 292
298 294
296 296
294 298
292 300
291 302
289 304
288 307
286 310
284 312
283 314
281 317
278 319
277 321
275 323
273 325
271 326
269 328
272 328
275 328
277 327
280 327
283 327
286 327
289 327
292 327
295 327
298 327
301 327
304 328
307 328
311 328
315 328
318 328
321 328
324 329
327 329
331 329
334 329
337 329
340 330
343 330
346 331
349 331
353 331
356 332
360 332
364 332
368 332
372 332
376 332
380 332
384 332
388 332
392 332
396 332
400 332
403 332
407 332
410 332
413 332
416 332
419 332
422 332
425 332
428 332
432 332
435 332
438 332
441 332
444 332
447 332
450 332
453 332
456 332
459 332
462 332
465 332
469 332
471 333
474 333
477 333
480 333
483 333
486 334
489 334
492 334
495 334
498 334
501 334
504 334
506 335
509 335
512 335
514 336
517 336
519 337
518 334
516 332
514 330
512 328
510 327
508 325
506 324
503 322
500 320
499 318
497 317
494 315
491 313
489 312
487 310
485 309
483 308
480 305
478 304
476 303
474 302
472 301
470 299
468 298
466 297
464 296
462 295
460 294
458 293
456 291
454 290
452 289
450 287
448 286
446 285
444 283
442 281
440 280
438 278
436 277
434 276
432 274
430 273
428 271
426 270
424 268
422 266
420 265
418 263
416 261
413 259
411 258
409 256
407 254
405 252
403 251
401 249
399 247
397 246
395 244
393 243
391 241
389 239
387 238
386 236
384 234
382 232
380 231
378 229
377 227
375 225
373 223
372 221
370 219
367 216
366 214
364 212
363 210
361 208
360 206
359 204
357 202
356 200
354 198
353 196
350 193
349 191
347 189
346 187
344 185
343 183
341 181
340 179
338 177
337 175
335 173
334 171
332 169
330 167
329 165
327 163
326 161
324 159
322 157
321 155
319 152
318 150
316 148
315 146
313 144
312 142
310 140
309 138
308 136
306 134
305 132
303 129
302 127
301 125
299 123
298 121
297 119
295 118
294 116
293 114
290 111
288 109
287 107
285 104
283 103
281 100
279 98
278 96
276 94
274 93
272 91
270 89
268 88
266 87
264 85
264 88
264 91
265 93
265 96
266 98
267 101
268 103
269 106
270 109
271 111
272 114
273 116
274 120
275 122
276 124
277 126
278 128
279 132
280 134
281 137
282 139
284 143
285 145
286 147
287 149
288 151
289 153
290 155
291 158
292 160
293 162
294 164
295 166
296 168
297 171
298 173
299 175
300 177
301 180
302 182
303 184
304 187
305 189
306 191
307 193
308 196
309 198
310 200
311 203
312 205
313 207
313 210
314 212
315 214
316 217
317 219
318 221
319 223
320 226
321 228
322 231
323 233
323 236
324 238
325 241
326 244
327 246
328 249
329 251
330 254
331 257
332 259
333 262
334 264
335 267
336 269
337 272
338 274
339 277
340 282
341 284
342 287
343 289
344 292
345 294
346 296
346 299
347 301
348 303
349 305
350 308
351 310
352 313
353 315
354 317
355 320
356 325
357 327
358 329
358 332
359 334
359 337
360 339
361 342
362 347
363 351
364 354
365 359
366 361
367 366
368 368
369 373
370 377
371 379
371 382
372 384
373 386
374 391
375 393
376 397
377 399
377 402
378 404
379 406
380 410
381 412
382 415
383 419
383 422
384 425
385 427
385 430
386 432
386 429
387 426
387 423
388 420
389 416
390 412
391 408
392 405
393 403
394 399
395 397
396 394
397 392
398 389
399 387
400 384
401 382
402 379
403 376
404 373
405 371
405 368
406 365
407 362
408 359
409 356
410 353
411 350
412 347
413 344
414 341
415 338
416 335
416 331
417 328
418 325
419 322
420 319
421 316
422 313
423 309
424 306
425 303
426 300
427 296
428 293
429 290
430 286
431 283
432 280
433 276
434 273
435 270
436 266
437 263
438 259
439 256
440 253
441 249
442 246
443 243
444 240
445 236
445 233
446 230
447 227
448 224
449 220
449 217
450 214
451 211
452 208
453 205
454 202
454 199
455 196
456 193
457 190
457 187
458 183
459 180
460 177
460 174
461 170
461 167
462 164
462 161
463 158
463 155
464 152
464 147
465 144
465 141
466 138
466 133
467 130
468 125
468 120
469 118
469 114
470 112
471 109
472 106
472 103
473 101
474 103
