401
433 139
430 143
429 145
428 147
427 149
425 151
424 153
423 155
421 156
420 158
419 160
417 162
415 164
413 165
412 167
410 169
409 171
407 173
405 175
404 177
403 179
401 181
400 183
398 184
397 186
395 188
394 190
393 192
392 194
390 196
389 198
388 200
387 202
385 204
384 206
383 208
381 210
380 212
378 214
376 216
375 218
373 220
371 222
370 224
368 225
367 227
366 229
364 230
363 232
362 234
361 236
359 238
357 240
356 242
354 244
353 246
351 247
350 249
349 251
347 253
346 255
344 257
343 259
342 261
340 262
339 264
338 266
336 268
335 270
334 272
332 274
330 276
329 278
327 280
325 282
324 284
322 286
321 288
319 290
317 291
315 293
313 295
311 297
309 299
307 301
305 303
303 305
301 306
304 306
307 306
310 306
313 306
315 305
319 305
322 305
325 305
329 305
332 305
335 305
338 305
341 305
344 305
347 304
350 304
353 304
356 304
360 304
363 304
366 304
369 304
372 304
375 304
378 304
381 304
385 304
388 304
391 304
394 304
397 304
400 304
403 304
406 304
409 304
413 304
416 304
419 304
423 304
426 304
428 305
432 304
436 304
439 304
441 305
444 305
448 305
451 305
454 305
457 305
460 305
462 306
465 306
469 306
472 306
472 303
470 301
468 299
466 297
464 296
462 294
460 293
458 291
456 290
454 288
452 286
450 284
448 282
445 281
443 279
441 277
439 275
437 274
435 273
433 271
431 270
429 269
427 268
425 266
423 265
420 264
418 262
416 261
413 259
410 257
408 256
405 254
402 252
399 250
397 249
394 247
391 245
388 243
386 241
384 240
381 238
378 235
375 233
372 231
370 229
368 227
365 225
363 223
361 222
359 220
357 219
354 218
351 216
349 214
347 213
344 211
342 208
340 207
338 205
336 204
335 202
333 200
331 199
329 196
327 195
325 193
322 191
320 189
319 187
317 185
315 183
312 181
310 178
308 176
305 174
303 171
300 169
298 167
295 165
294 163
292 161
290 160
288 158
286 156
284 155
283 153
281 152
280 150
278 148
279 151
280 154
281 156
282 159
283 162
284 164
285 166
287 169
288 171
289 174
291 176
292 179
294 181
295 183
296 185
297 187
299 189
300 192
301 194
303 197
304 200
306 203
307 205
308 208
310 211
312 214
313 216
314 218
316 221
318 224
320 227
321 229
323 232
325 235
326 237
328 240
330 243
332 246
333 249
334 251
336 254
337 256
338 259
339 261
341 264
342 266
344 269
345 272
347 275
349 277
350 279
351 282
352 284
353 287
355 289
356 292
357 295
358 298
359 300
360 302
360 305
361 308
362 311
364 313
365 316
366 319
367 322
368 324
369 326
370 329
372 332
373 334
374 336
375 339
377 342
379 345
380 347
381 349
382 352
384 354
385 357
386 360
387 362
388 365
389 368
390 371
391 374
392 376
393 378
394 381
395 383
395 380
396 377
396 374
396 371
397 369
398 366
398 362
399 360
399 357
400 355
400 351
401 348
401 345
402 343
402 340
402 336
403 334
403 330
404 327
404 323
405 321
405 318
406 316
406 312
406 308
407 306
407 303
407 299
408 297
408 293
409 290
409 286
410 284
410 280
411 278
411 274
412 272
412 268
413 266
413 261
414 259
414 255
415 252
415 248
416 246
416 242
417 239
417 235
418 232
418 228
419 226
419 223
419 219
420 217
420 213
421 209
421 205
422 201
422 197
423 195
424 191
424 187
425 185
425 182
426 180
427 176
427 172
428 169
429 165
429 162
430 159
430 156
431 154
431 151
432 149
432 146
433 144
434 146
