586
389 65
386 70
385 71
384 72
383 73
382 74
382 75
381 76
380 78
379 79
378 80
377 82
375 83
374 85
373 86
371 88
370 89
369 90
367 92
366 93
364 95
362 97
361 98
359 100
357 102
356 104
354 106
352 108
350 110
348 111
347 113
345 115
343 117
341 119
339 121
337 123
335 125
332 127
330 129
328 131
326 133
324 135
322 137
319 139
317 141
315 143
313 145
310 147
308 149
306 151
303 153
301 155
299 157
297 159
294 161
292 163
289 165
287 167
285 169
282 171
280 174
277 176
275 178
273 180
270 182
268 184
266 186
263 188
261 190
259 192
256 194
254 196
252 198
249 200
247 202
245 204
243 205
241 207
239 209
236 211
234 213
232 214
230 216
228 218
226 219
225 221
223 222
221 223
219 225
218 226
217 226
215 227
214 228
213 228
213 229
212 229
212 230
213 230
214 230
215 230
216 230
217 229
218 229
219 229
221 229
222 229
224 229
225 229
227 228
229 228
231 228
233 228
235 227
237 227
239 227
241 227
243 226
245 226
247 226
249 226
251 226
254 225
256 225
258 225
260 225
263 225
265 224
267 224
270 224
272 224
275 224
277 224
280 224
282 224
285 223
287 223
290 223
293 223
295 223
298 223
301 223
303 223
306 223
309 223
311 223
314 222
317 222
320 222
322 222
325 222
328 222
331 222
334 222
337 222
340 222
343 222
345 223
348 223
351 223
354 223
357 223
360 223
363 223
366 223
369 223
371 224
374 224
377 224
380 224
382 225
385 225
387 225
390 226
392 226
395 226
397 227
400 227
402 227
404 228
407 228
409 228
411 229
413 229
416 229
418 229
420 230
422 230
424 230
426 231
428 231
430 231
432 232
434 232
435 232
437 232
439 233
440 233
441 233
442 233
444 233
445 234
446 234
447 234
447 233
446 232
446 231
445 231
445 230
444 230
443 229
442 228
441 227
440 226
439 225
438 224
437 223
436 223
435 222
434 221
433 220
432 219
431 218
429 217
428 216
426 215
425 214
423 213
421 212
420 211
418 210
416 208
414 207
413 206
411 205
409 204
407 203
405 202
404 200
402 199
400 198
398 196
396 195
394 194
392 193
390 191
387 190
385 189
383 187
381 186
379 184
377 183
374 182
372 180
370 179
367 178
365 176
362 175
360 174
358 172
355 171
353 170
351 169
348 167
346 166
344 164
341 163
339 162
337 160
335 159
332 157
330 156
328 155
326 153
323 152
321 151
319 149
317 148
314 147
312 145
310 144
308 142
305 141
303 139
301 138
299 136
297 135
295 134
292 132
290 131
288 129
285 127
283 126
281 125
279 123
277 122
275 120
273 119
271 117
269 116
267 114
265 113
263 111
262 110
260 108
258 106
256 105
254 103
253 102
251 100
250 99
248 98
247 96
245 95
244 94
242 92
241 91
239 90
238 89
237 88
236 87
234 86
233 85
232 84
231 84
230 83
229 82
228 81
227 81
227 80
226 80
225 80
225 79
224 79
224 80
224 81
225 82
225 83
225 84
226 85
226 86
227 87
227 88
228 89
228 91
229 92
229 93
230 95
230 96
231 97
232 99
232 100
233 102
234 104
234 106
235 107
236 109
237 111
237 113
238 114
239 116
240 118
240 120
241 121
242 123
243 125
244 127
245 129
245 131
246 133
247 135
248 137
249 139
250 142
250 144
251 146
252 147
253 149
254 152
254 154
255 156
256 158
257 160
258 162
258 164
259 166
260 168
261 170
262 172
263 174
263 176
264 178
265 181
266 183
267 185
267 187
268 189
269 191
270 193
271 195
271 197
272 199
273 201
274 203
274 205
275 207
276 209
277 211
277 213
278 215
279 217
280 220
281 221
282 223
282 225
283 227
284 229
285 231
286 233
287 234
288 236
289 239
290 241
291 243
292 245
292 247
293 249
294 251
295 252
296 254
297 256
298 258
299 260
300 262
301 264
302 266
303 268
303 269
304 271
305 273
306 275
307 277
308 278
309 280
309 281
310 282
311 284
311 285
312 286
312 287
313 288
313 289
314 290
314 291
315 291
315 292
316 291
316 290
316 289
317 288
317 287
318 287
318 286
319 285
319 284
320 283
320 282
321 281
321 280
322 279
322 278
323 277
324 275
324 274
325 273
326 271
327 270
327 269
328 267
329 266
330 264
330 263
331 261
332 260
332 258
333 257
333 255
334 253
335 252
335 250
336 249
336 247
337 246
337 244
337 242
338 240
338 239
339 237
340 235
340 233
341 231
342 229
342 227
343 225
343 224
344 222
345 220
345 218
346 216
347 214
347 212
348 210
348 208
349 207
350 205
350 203
351 201
351 199
352 197
353 195
353 193
354 191
355 189
355 187
356 185
357 183
358 180
358 178
359 176
360 174
361 172
362 170
363 168
364 165
365 163
366 161
366 159
367 156
368 154
369 152
370 150
370 148
371 146
372 144
372 142
373 140
374 138
374 136
375 134
375 132
376 130
376 128
377 126
377 124
378 122
378 121
379 119
379 117
380 115
380 113
381 111
381 109
381 107
382 106
382 104
383 102
383 100
384 98
384 96
384 95
385 93
385 92
386 90
386 89
386 87
386 86
386 85
387 84
387 83
387 82
387 81
387 80
388 79
388 78
388 77
387 77
387 77
