335
366 111
367 116
367 118
367 119
367 120
367 122
367 124
367 125
367 127
367 129
367 131
367 133
366 135
366 137
366 140
366 142
366 144
366 146
366 148
366 150
366 152
366 154
366 156
366 158
366 160
366 162
366 164
366 167
366 169
366 171
366 172
366 174
366 176
366 178
366 179
366 181
366 182
366 184
366 185
366 186
366 187
366 188
366 189
366 190
366 191
367 192
368 192
369 192
370 192
371 192
372 192
373 192
374 192
375 192
377 192
378 192
380 192
382 192
383 193
385 193
387 193
389 193
391 193
392 193
394 193
396 193
398 193
400 193
402 193
404 193
407 193
409 193
411 193
413 193
414 192
416 192
418 192
420 192
421 192
423 192
424 192
426 192
427 192
429 192
430 192
431 191
432 191
433 191
434 191
435 191
436 191
437 191
437 192
438 192
439 192
439 191
439 190
439 189
439 188
439 187
438 186
438 185
438 183
438 182
438 181
437 179
437 178
437 176
437 175
437 173
437 171
436 169
436 167
436 165
436 163
435 161
435 160
435 158
435 156
434 155
434 153
434 151
434 149
434 148
434 146
433 144
433 143
433 141
433 139
432 137
432 136
432 134
432 133
431 131
431 130
431 128
431 127
431 125
431 124
430 123
430 122
430 121
430 120
430 119
429 118
429 117
429 116
429 115
430 115
431 114
432 114
433 114
434 114
435 114
436 114
437 114
439 113
440 113
442 113
444 113
446 114
448 114
451 114
453 114
455 115
457 115
460 116
462 117
464 118
465 119
467 120
469 121
470 122
472 124
473 126
475 127
477 129
478 131
480 133
481 134
483 136
484 138
486 140
487 142
488 144
489 146
490 148
491 150
491 153
492 155
493 157
494 160
494 162
495 165
495 167
496 170
496 173
496 176
496 179
496 182
496 185
495 188
495 191
495 194
494 196
494 199
493 202
493 204
492 207
491 210
490 212
489 215
488 217
486 220
485 222
483 225
481 227
480 230
478 232
476 234
474 237
472 239
470 241
468 243
466 245
463 248
461 250
458 252
456 254
453 255
450 257
448 259
445 260
442 262
439 263
436 264
434 265
431 266
428 267
425 268
422 268
419 269
417 269
414 269
411 269
408 269
405 269
402 269
399 269
396 268
393 268
389 268
386 267
383 267
379 266
376 266
373 265
369 264
366 263
363 263
360 262
357 261
354 260
351 259
348 257
346 256
343 254
340 252
338 250
335 248
333 246
330 243
328 241
326 238
324 235
323 233
321 230
320 227
319 224
318 221
317 218
316 215
315 211
315 208
314 205
314 202
313 199
313 196
312 192
312 189
312 186
312 183
312 180
312 177
313 175
313 172
314 169
314 167
315 164
316 162
316 159
317 157
318 155
319 152
320 150
322 148
323 146
324 144
325 142
327 140
328 138
330 136
331 134
333 132
335 131
337 129
338 127
340 126
342 124
344 123
346 122
348 120
350 119
352 118
354 117
356 116
357 115
359 114
360 114
361 113
362 113
363 113
364 112
365 112
366 112
