392
276 86
277 91
277 93
278 95
278 97
279 98
279 100
280 103
280 105
281 107
281 110
281 112
282 115
282 118
282 121
283 123
283 126
283 128
283 131
284 133
284 136
284 138
284 140
284 143
284 145
284 147
284 150
284 152
284 154
284 156
284 158
284 160
284 162
284 164
284 166
284 168
284 170
284 172
283 174
283 176
283 177
283 178
283 179
283 180
283 181
283 182
283 183
282 184
282 185
282 186
282 187
283 187
284 187
285 187
286 187
287 187
289 187
290 187
291 186
293 186
294 186
296 186
298 186
300 185
302 185
304 185
306 185
308 185
310 185
312 185
314 185
316 185
318 185
320 185
322 185
325 185
327 185
329 184
332 184
334 184
336 184
338 184
340 184
342 184
344 184
346 184
348 184
350 185
352 185
354 185
356 185
358 185
359 185
361 185
363 185
365 185
366 186
368 186
369 186
371 186
373 186
374 186
375 187
376 187
378 187
379 187
380 187
381 188
382 188
383 188
384 188
384 187
384 186
384 185
384 184
384 183
384 181
383 180
383 178
383 176
383 175
383 172
383 170
383 168
382 166
382 163
382 161
382 158
382 155
382 153
381 150
381 148
381 145
381 143
381 140
381 138
380 135
380 133
380 131
380 129
380 127
380 125
380 123
379 121
379 119
379 117
379 116
379 114
379 112
378 110
378 109
378 107
378 106
378 105
378 104
378 103
378 102
378 101
378 100
378 99
378 98
378 97
378 96
378 95
378 94
378 93
379 92
380 91
381 91
382 90
383 90
385 89
386 88
388 88
390 87
391 87
393 87
395 86
396 86
398 87
400 87
402 87
404 88
406 89
408 89
410 90
412 91
415 92
417 93
419 94
422 96
424 97
426 98
428 100
431 102
433 103
435 105
437 107
439 109
441 111
443 113
444 116
446 118
447 120
449 123
450 125
451 128
452 130
454 133
455 136
456 138
456 141
457 144
458 147
459 150
459 152
460 155
460 158
460 161
460 164
461 166
461 169
461 172
461 175
461 178
461 181
460 184
460 187
460 189
459 192
459 195
458 198
457 201
456 204
455 207
455 210
454 212
453 215
451 218
450 221
449 224
447 227
446 229
444 232
442 235
440 237
438 240
436 243
434 246
432 248
429 251
427 253
424 256
422 258
419 261
417 263
414 266
411 268
408 271
405 273
401 276
398 278
395 280
392 282
389 284
386 285
382 287
379 288
376 289
373 290
369 291
366 292
363 293
360 293
357 294
353 294
350 294
347 295
343 295
340 295
336 295
333 294
329 294
326 294
322 294
319 293
316 293
312 293
309 292
305 292
302 291
299 290
295 290
292 289
289 287
285 286
282 285
279 283
276 282
273 280
270 279
267 277
264 275
261 273
259 271
256 269
254 267
251 264
248 262
246 259
244 257
241 254
239 251
237 248
235 245
233 243
232 239
230 236
228 233
227 230
225 227
224 224
223 221
222 218
221 215
220 211
219 208
218 205
217 202
217 198
216 195
216 192
216 188
215 185
215 182
215 178
215 175
215 172
216 168
216 165
216 162
217 159
218 156
218 153
219 151
220 148
221 146
222 144
223 142
224 139
225 137
227 135
228 133
229 131
231 129
232 127
233 125
235 123
236 121
238 119
239 117
241 116
243 114
245 113
246 111
248 109
250 108
252 107
254 106
256 105
257 103
259 102
261 101
263 100
265 99
267 98
268 96
270 95
272 95
273 94
274 93
276 93
277 93
278 92
279 92
280 92
281 92
281 93
282 93
283 93
283 92
283 91
