238
184 85
185 89
186 90
186 91
187 92
187 93
188 95
189 96
190 98
191 100
192 102
193 104
194 106
195 108
196 111
197 113
199 115
200 118
201 120
202 123
203 125
204 127
205 130
206 132
207 134
208 135
209 137
209 138
210 140
210 141
211 142
211 143
212 144
212 145
213 145
213 146
214 146
215 146
216 146
217 146
218 146
219 146
220 146
221 146
223 146
224 146
226 146
228 146
230 146
232 146
234 146
236 146
238 146
241 147
243 147
246 147
248 147
251 147
253 147
256 147
258 148
260 148
262 148
265 148
267 148
268 149
270 149
272 149
273 149
275 150
276 150
277 150
278 150
279 150
280 150
280 151
281 151
281 150
282 149
282 148
283 147
283 146
284 145
285 144
286 142
287 141
288 139
289 137
291 135
292 133
294 131
296 128
298 126
299 123
301 120
303 118
305 115
306 113
308 110
309 108
311 106
312 104
313 102
314 100
315 98
316 97
317 95
318 94
318 93
318 92
319 91
319 90
320 90
321 91
322 92
322 93
323 93
324 94
324 95
325 96
326 98
327 99
328 101
329 102
330 104
332 106
333 108
334 110
336 112
337 115
338 118
340 120
341 123
342 126
344 130
345 133
346 136
348 140
349 143
350 147
351 150
352 154
353 158
354 162
354 166
354 170
354 174
353 178
353 182
352 187
351 191
349 196
348 200
346 205
344 209
341 214
339 218
336 222
333 226
330 230
327 234
323 238
319 241
315 245
311 248
307 251
303 254
298 257
294 259
289 262
284 264
280 265
275 267
270 268
265 270
259 271
254 271
249 272
244 272
239 272
234 272
229 272
224 271
219 270
214 269
210 267
205 265
200 263
196 261
192 259
188 256
184 253
180 250
177 246
173 243
170 239
167 235
164 231
162 227
159 223
157 218
155 214
153 209
152 204
151 200
150 195
149 190
149 185
149 180
149 175
149 169
150 165
151 159
152 154
153 150
155 145
156 140
158 136
160 131
162 127
164 123
166 119
168 115
170 112
172 109
174 106
176 103
178 100
179 98
181 96
182 94
183 93
184 92
184 91
185 91
185 90
185 91
185 92
