478
279 79
279 83
279 84
279 85
279 86
279 87
279 89
279 90
279 91
280 92
280 94
280 95
280 97
280 99
280 100
280 102
280 104
280 106
280 107
280 109
280 111
280 113
281 115
281 117
281 119
281 121
281 122
281 124
281 126
281 128
281 130
281 132
281 134
281 136
281 138
281 140
281 142
281 143
282 145
282 147
282 149
282 151
282 152
282 154
282 156
282 158
283 160
283 162
283 163
283 165
283 167
283 169
283 171
283 173
284 175
284 177
284 178
284 180
284 182
284 184
284 185
284 187
284 188
284 190
284 191
283 192
283 193
283 194
283 195
283 196
283 197
283 198
283 199
284 200
285 200
286 200
287 200
288 200
289 200
290 200
291 200
292 200
293 200
295 200
296 200
298 200
299 200
301 199
303 199
305 199
307 198
308 198
311 198
313 198
315 197
316 197
318 197
320 197
322 196
324 196
325 196
327 196
329 196
330 195
332 195
334 195
336 195
337 195
339 195
341 195
342 195
344 195
346 195
347 194
349 194
351 194
352 194
354 194
356 194
357 194
359 194
361 194
362 194
364 193
366 193
368 193
370 193
372 193
373 193
375 193
377 192
379 192
381 192
383 192
385 192
387 192
389 191
391 191
393 191
396 191
398 191
400 191
403 191
405 191
407 190
410 190
412 190
414 190
416 190
418 190
420 190
422 190
424 190
425 190
426 190
427 190
428 190
429 190
430 189
431 189
431 188
431 187
431 186
431 185
431 184
431 183
431 182
431 181
431 180
431 179
431 178
431 177
431 175
430 174
430 172
430 171
430 170
430 168
429 167
429 165
429 164
429 163
428 161
428 160
428 159
427 158
427 157
427 155
427 154
426 153
426 151
426 150
425 149
425 147
425 146
424 145
424 143
424 142
423 141
423 139
423 138
422 136
422 135
422 133
421 132
421 131
421 129
420 128
420 126
420 125
420 123
419 122
419 121
418 119
418 118
418 117
417 115
417 114
417 112
416 111
416 109
416 108
416 106
415 105
415 103
415 102
414 100
414 99
414 97
413 96
413 95
413 94
412 92
412 91
411 90
411 89
411 88
411 87
410 86
410 85
410 84
410 83
409 82
409 81
409 80
409 79
410 79
411 79
412 79
412 78
413 78
414 78
415 78
417 78
418 78
420 77
421 77
423 77
425 77
427 77
429 77
432 77
434 77
436 77
439 77
442 77
444 77
447 78
450 78
452 78
455 79
458 79
460 80
462 81
465 81
467 82
470 83
472 84
475 85
477 86
480 88
482 89
484 90
487 91
489 93
491 94
493 96
495 97
497 99
499 101
501 102
503 104
505 106
507 108
509 110
511 112
512 115
514 117
516 119
518 121
520 123
521 125
523 128
524 130
526 133
527 136
529 138
530 141
530 141
531 144
532 147
533 150
534 153
534 153
535 156
536 159
537 162
537 165
538 168
538 171
539 174
539 178
539 181
539 184
539 187
539 190
538 193
538 197
537 200
537 203
536 206
535 209
535 212
534 215
533 218
532 221
531 224
529 227
528 230
527 233
525 236
523 238
521 241
520 244
518 247
516 250
514 253
512 255
509 258
507 261
505 264
502 266
500 269
497 271
495 274
492 276
489 279
485 281
482 283
479 285
475 288
472 290
468 292
464 293
461 295
457 297
453 298
449 300
445 301
441 303
437 304
432 306
427 307
422 308
417 309
412 310
407 311
402 312
397 312
392 313
387 313
382 313
377 313
372 313
367 313
362 313
357 313
351 312
346 312
340 311
335 310
330 309
324 308
319 307
314 306
309 304
304 303
299 301
294 299
289 296
285 294
280 292
276 289
272 287
268 284
264 282
260 279
256 276
252 273
249 270
246 266
243 263
240 260
237 256
234 253
231 249
229 246
226 242
224 239
222 235
220 232
218 228
216 224
214 220
213 217
212 213
211 209
210 205
209 200
209 196
208 192
208 188
208 184
208 180
208 176
208 172
209 168
210 163
210 159
211 155
213 151
214 148
215 144
216 140
218 136
219 133
221 129
223 126
225 122
227 119
229 116
231 113
234 110
236 108
239 105
242 103
245 100
248 98
251 96
254 94
257 92
260 91
263 89
266 88
269 87
271 86
274 85
276 84
278 84
280 83
282 83
283 83
285 82
286 82
287 82
287 81
286 80
286 80
