370
345 111
347 116
348 118
348 121
349 123
350 126
350 129
350 132
351 134
351 138
350 140
350 143
350 146
351 148
351 151
351 154
351 157
351 160
351 163
351 166
351 169
351 172
351 175
351 178
351 181
351 184
351 187
350 189
350 192
350 195
350 198
350 201
349 203
349 206
349 209
349 212
349 215
349 218
348 221
348 224
348 227
348 231
347 233
347 236
346 239
346 242
346 245
347 247
350 247
353 247
356 247
358 246
361 246
364 246
367 246
370 246
373 246
376 246
379 246
382 246
385 246
388 246
392 246
395 246
399 246
402 246
406 246
410 246
414 246
417 246
420 246
423 246
427 246
430 246
434 246
437 246
440 246
443 246
446 246
449 246
452 246
455 246
457 245
460 245
463 244
464 242
464 239
464 236
464 233
465 230
465 227
465 224
464 221
464 217
464 213
464 210
463 207
462 204
462 201
462 198
461 195
461 192
460 190
460 187
460 184
459 182
459 179
459 176
459 173
459 170
458 167
458 163
458 159
458 156
458 153
457 151
457 148
457 145
456 143
456 140
456 137
456 134
455 132
456 129
456 126
456 123
456 120
458 119
460 120
463 121
466 122
469 122
471 123
473 124
475 125
478 126
481 127
483 129
485 130
487 131
489 132
491 134
493 136
495 137
497 139
499 141
501 142
502 144
504 146
507 148
508 150
510 152
512 154
513 156
515 158
516 160
518 163
520 166
521 169
523 172
525 174
526 177
527 179
528 182
530 185
531 188
532 191
533 193
534 196
535 199
536 202
537 205
537 208
538 211
539 214
540 217
540 220
540 224
541 227
541 230
541 233
541 236
541 239
542 242
542 245
542 248
542 251
541 254
541 257
541 260
540 263
540 266
539 268
538 271
538 274
537 277
536 279
535 282
534 284
533 286
532 288
531 291
530 293
528 295
527 297
525 300
523 302
521 304
518 306
516 308
514 310
512 312
509 314
507 316
504 318
502 320
500 321
497 323
494 325
491 327
488 329
485 330
483 332
480 333
478 334
475 335
473 336
471 337
468 338
465 339
463 340
460 341
458 342
455 343
451 343
449 344
445 345
442 345
440 346
436 346
432 346
430 347
426 347
422 347
418 347
415 347
411 347
407 347
404 347
400 347
395 347
391 347
387 346
383 346
380 345
376 345
372 344
369 344
367 343
364 343
362 342
359 341
355 340
352 339
349 338
346 337
343 336
341 335
338 334
335 333
332 332
329 330
327 329
325 328
322 326
319 324
316 323
314 322
311 320
309 319
307 318
305 316
303 314
301 313
299 311
297 309
295 307
293 305
291 303
289 301
288 299
286 297
285 295
283 293
282 291
281 289
280 287
278 285
277 283
276 281
275 279
274 276
273 274
273 271
272 269
272 266
271 262
271 259
271 256
270 253
270 250
270 247
270 244
269 241
269 238
269 235
269 232
269 229
270 226
270 223
270 220
271 218
271 215
272 212
272 208
273 205
275 202
276 199
277 195
278 193
279 190
280 188
281 185
282 182
284 179
285 176
287 173
288 170
290 168
291 165
292 163
294 161
295 158
297 156
299 154
301 151
303 149
305 147
307 144
309 142
311 141
313 139
315 137
318 135
321 133
324 131
327 129
330 127
332 126
335 124
338 123
341 122
343 120
346 119
348 118
350 117
352 116
355 115
358 115
359 113
