249
209 78
209 82
209 84
209 85
209 87
209 89
209 91
209 93
209 96
209 98
209 101
209 104
209 107
209 110
209 113
209 116
209 120
209 123
209 126
209 129
210 132
210 135
210 138
210 140
210 143
210 145
211 147
211 149
211 150
211 152
211 153
211 154
211 155
212 156
212 157
213 157
214 156
215 156
216 156
217 156
218 156
220 157
221 157
222 157
224 157
225 157
227 157
229 157
231 157
233 158
235 158
237 158
240 158
242 158
244 158
247 158
249 158
252 158
254 158
256 159
258 159
260 159
262 159
264 159
266 159
267 159
269 159
270 159
271 159
272 159
273 159
274 159
275 159
275 158
275 157
275 156
275 155
275 154
275 152
276 151
276 149
276 147
277 145
277 143
277 140
278 137
278 135
278 132
279 129
279 126
279 122
280 119
280 116
280 113
280 110
281 107
281 104
281 101
281 99
282 97
282 94
282 92
282 91
282 89
282 88
283 87
283 86
283 85
283 84
284 84
284 85
285 85
286 85
287 86
288 86
289 87
290 87
291 88
292 88
294 89
295 90
297 91
299 92
301 93
303 95
304 96
306 98
308 99
310 101
312 103
313 105
315 108
317 110
319 112
320 115
322 118
324 120
325 123
327 126
328 129
330 132
331 135
332 138
333 142
334 145
335 148
336 151
336 155
337 158
337 161
337 165
337 168
336 172
336 175
335 179
334 182
333 185
331 189
330 192
328 195
326 199
324 202
321 205
319 208
316 211
313 214
310 217
306 219
303 222
299 224
295 227
291 229
287 231
283 233
278 235
274 237
269 238
265 240
260 241
255 242
250 243
245 244
240 245
236 245
231 246
226 246
221 246
216 245
212 245
207 244
203 243
198 242
194 240
190 239
186 237
182 235
179 232
175 230
172 227
169 224
166 221
163 218
161 214
158 211
156 207
154 203
152 199
151 195
150 191
148 187
148 182
147 178
147 174
147 170
147 165
147 161
148 156
149 152
150 147
151 143
153 138
155 134
157 130
159 125
162 121
164 117
167 114
169 110
172 106
175 103
178 100
180 97
183 95
186 93
188 91
191 89
193 88
195 86
197 86
199 85
200 85
201 84
202 84
203 84
204 84
205 84
206 84
207 84
206 84
