612
307 72
308 76
308 77
308 78
308 79
307 80
307 81
307 82
307 83
307 85
307 86
307 87
307 89
307 90
307 91
307 93
307 94
307 96
306 97
306 98
306 100
306 101
306 103
306 104
306 106
306 107
306 109
305 111
305 112
305 114
305 116
305 117
305 119
305 121
305 122
305 124
305 126
304 128
304 129
304 131
304 133
304 134
304 136
304 138
304 140
303 141
303 143
303 145
303 146
303 148
303 150
303 151
303 153
303 155
303 157
303 158
303 160
303 162
303 164
303 165
303 167
303 169
303 170
303 172
303 173
303 175
303 177
303 178
303 180
303 182
303 184
303 186
303 188
303 189
303 191
303 193
303 195
303 196
303 198
303 199
303 201
303 202
303 204
302 205
302 206
302 207
302 208
302 209
302 210
301 210
301 211
301 212
302 212
303 212
304 212
305 212
306 212
307 212
308 211
310 211
311 211
313 211
314 211
316 211
318 211
319 210
321 210
323 210
324 210
326 210
328 210
330 210
332 210
333 210
335 210
337 210
339 210
341 210
342 210
344 210
346 210
348 209
349 209
351 209
353 209
354 209
356 209
358 209
360 209
361 208
363 208
365 208
367 208
369 208
371 208
373 208
375 208
377 207
378 207
380 207
383 207
385 207
387 207
389 207
391 207
393 206
395 206
397 206
400 206
402 206
404 206
406 206
408 206
410 206
412 206
414 206
416 206
418 206
420 206
422 206
423 205
425 205
427 205
428 205
429 205
430 205
431 205
432 205
433 205
434 204
435 204
435 203
434 203
434 202
434 201
434 200
434 199
434 198
434 197
434 196
434 195
434 194
433 193
433 192
433 191
433 190
433 189
433 188
433 186
433 185
433 183
433 182
433 181
432 179
432 178
432 176
432 175
431 174
431 172
431 171
430 170
430 168
430 167
430 166
429 164
429 163
429 161
429 160
429 158
428 157
428 155
428 154
428 152
427 151
427 149
427 148
427 146
426 145
426 143
426 142
426 140
425 138
425 137
425 135
424 134
424 132
423 130
423 129
423 127
422 126
422 124
421 122
421 121
421 120
421 118
420 117
420 115
420 114
420 113
419 112
419 111
419 109
419 108
418 107
418 106
418 105
418 104
417 102
417 101
417 100
417 99
417 97
417 96
417 95
416 94
416 93
416 92
416 91
416 90
416 89
416 88
416 87
416 86
416 85
415 84
415 83
415 82
415 81
415 80
415 79
415 78
415 77
416 77
417 77
418 77
419 77
420 77
421 77
422 77
423 77
424 77
426 77
427 77
429 78
430 78
432 78
433 78
435 79
437 79
438 79
440 80
442 80
443 81
445 82
447 82
449 83
450 84
452 85
453 86
455 86
456 87
457 88
458 89
459 90
461 92
462 93
463 94
464 95
465 97
466 98
467 100
468 101
470 103
471 104
472 106
473 108
474 110
475 111
476 113
477 115
478 117
479 119
479 120
480 122
481 124
481 126
482 129
483 131
483 133
484 135
484 137
485 139
486 141
486 143
487 145
488 147
488 149
489 151
490 153
490 155
491 157
491 159
491 162
492 164
492 166
492 168
493 171
493 173
493 175
494 177
494 179
494 181
494 183
495 186
495 188
495 190
495 192
495 194
494 196
494 198
494 201
494 203
493 205
493 207
493 209
493 211
492 213
492 215
491 217
491 219
490 220
490 222
489 224
488 226
487 228
487 229
486 231
485 233
484 234
483 236
482 237
481 239
480 241
479 242
478 244
477 246
475 247
474 248
473 250
472 251
470 253
469 254
468 255
467 257
465 258
464 259
463 261
461 262
460 264
458 265
457 267
455 268
454 270
452 271
450 272
448 274
446 275
444 276
442 278
440 279
438 280
437 281
435 282
433 283
431 284
429 285
427 287
425 288
423 289
421 290
419 291
417 292
414 293
412 294
410 295
410 295
408 296
406 296
404 297
402 298
400 298
400 298
398 299
396 300
393 301
391 301
388 302
386 303
383 304
381 304
379 305
376 305
374 306
372 306
370 306
367 307
365 307
362 307
360 308
357 308
355 309
352 309
350 310
347 310
344 310
342 311
339 311
336 311
333 311
330 311
328 311
325 312
322 312
319 312
316 312
314 312
311 312
308 312
306 311
303 311
301 310
299 310
296 310
294 309
291 308
289 308
286 307
283 306
281 306
278 305
276 304
273 303
271 302
268 301
266 300
263 298
261 297
259 295
256 294
254 292
252 291
249 289
247 288
245 286
243 285
241 283
239 282
237 280
236 279
234 277
232 276
230 274
229 272
227 271
225 269
224 267
222 265
221 263
220 262
218 260
217 258
216 256
214 254
213 253
212 251
211 249
210 247
209 244
208 242
207 240
206 238
205 236
205 233
204 231
204 229
204 226
204 224
203 222
203 219
203 217
203 214
203 211
203 209
203 206
203 204
203 201
203 199
203 196
204 194
204 191
204 188
205 185
205 183
206 180
206 177
207 175
208 172
209 170
209 167
210 164
211 162
212 159
214 156
215 154
216 151
217 149
218 146
220 143
221 141
223 138
224 136
226 133
227 131
229 128
230 126
232 123
234 121
236 119
237 117
239 115
241 113
243 111
245 109
246 107
248 105
250 103
252 101
254 99
256 97
258 96
260 94
262 93
264 91
266 90
268 89
270 88
272 87
274 86
276 85
278 84
280 83
282 82
284 81
286 80
288 80
290 79
292 79
294 78
295 78
297 78
299 77
300 77
302 77
303 77
304 77
305 77
305 76
306 76
306 77
307 77
308 77
308 77
