376
349 111
350 119
351 121
351 124
351 126
351 129
351 132
352 134
352 137
352 140
352 143
353 146
353 149
353 152
353 154
353 157
353 160
353 163
353 166
353 169
353 172
352 174
352 177
352 180
352 183
351 185
351 188
351 190
351 193
351 195
351 197
351 199
350 201
350 202
350 204
350 205
350 206
350 207
350 208
351 209
351 210
351 211
351 212
352 212
353 212
354 213
355 213
356 213
357 213
358 213
360 214
361 214
362 214
364 214
366 215
367 215
369 215
371 215
372 215
374 215
376 215
378 215
380 216
382 216
384 216
386 216
388 216
390 216
392 216
394 216
396 216
398 216
400 216
402 216
404 216
406 216
408 216
410 215
412 215
414 215
415 215
417 214
419 214
421 214
422 214
424 214
425 213
426 213
427 213
428 213
429 213
430 213
431 212
432 212
432 211
432 210
432 209
432 208
431 207
431 206
431 205
431 204
431 202
431 201
431 199
430 197
430 196
430 194
430 192
430 190
430 188
429 185
429 183
429 181
428 179
428 178
428 176
428 174
427 172
427 170
427 168
427 167
427 165
426 163
426 161
426 160
426 158
426 156
426 154
426 153
426 151
426 150
426 148
426 147
426 145
426 144
425 142
425 140
425 139
425 137
425 136
425 134
425 133
425 131
425 130
425 129
425 128
425 127
425 126
424 125
424 124
424 123
424 122
424 121
425 121
426 121
427 121
428 121
429 121
430 121
431 121
433 121
434 121
436 121
437 122
439 122
440 122
442 123
444 123
446 124
448 125
450 125
452 126
454 127
457 128
459 128
462 129
464 130
466 131
468 132
470 134
471 135
473 136
474 137
475 138
477 140
478 141
479 143
480 144
482 146
483 147
484 149
486 151
487 153
488 155
490 157
491 159
492 161
493 164
493 166
494 168
495 170
495 173
496 175
496 177
497 180
497 182
498 185
498 187
499 190
499 192
500 194
500 197
500 199
501 201
501 203
501 205
501 208
500 210
500 212
500 214
499 217
499 219
499 221
498 223
498 226
497 228
496 230
495 232
495 234
494 236
492 238
491 240
490 242
488 244
487 247
485 249
483 251
482 253
480 255
478 256
476 258
474 260
472 262
470 264
468 265
466 267
463 269
461 271
458 273
455 275
453 276
450 278
447 279
444 281
441 282
439 283
436 284
433 285
430 286
427 287
424 288
421 289
418 289
416 289
413 290
410 290
407 290
405 290
402 290
399 289
397 289
394 289
391 289
389 288
386 288
383 288
380 288
377 287
374 287
371 287
369 286
366 286
363 285
360 284
357 284
355 283
352 283
349 282
347 282
344 281
342 280
339 280
337 279
335 278
332 277
330 276
328 275
326 274
324 273
323 271
321 270
320 268
318 267
317 265
316 263
315 261
314 259
312 257
311 255
310 252
309 250
309 247
308 244
307 241
307 238
306 235
306 233
306 230
306 227
306 225
305 222
305 219
305 217
305 214
305 211
304 208
304 205
304 202
305 199
305 196
305 193
305 190
306 187
306 184
306 181
307 178
307 175
308 173
309 170
309 167
310 164
310 162
311 159
312 157
312 155
313 153
314 151
315 149
316 147
317 146
318 144
319 143
320 141
321 139
322 138
324 136
325 135
327 133
328 132
330 131
332 129
333 128
335 127
337 126
338 126
340 125
341 124
342 124
343 123
344 123
345 122
346 121
347 121
348 120
349 119
