521
292 67
293 71
293 72
293 73
294 74
294 75
294 77
294 78
294 80
294 82
294 83
294 85
294 87
294 88
294 90
294 92
294 93
294 95
294 97
293 99
293 101
293 103
293 105
293 107
292 109
292 111
292 113
292 115
291 117
291 119
290 121
290 124
290 126
289 128
289 130
288 132
288 134
288 137
287 139
287 141
287 143
287 146
286 148
286 150
286 152
286 155
286 157
286 159
286 162
286 164
285 166
285 169
285 171
285 173
284 176
284 178
284 180
284 183
284 185
284 187
284 189
284 192
283 194
283 196
283 198
283 200
283 203
283 205
282 207
282 209
282 212
282 214
282 216
281 218
281 220
281 222
281 224
281 225
280 227
280 228
280 229
280 230
280 231
280 232
279 233
279 234
280 235
281 235
281 236
282 236
282 235
283 235
284 235
285 235
286 235
287 235
289 235
290 235
291 234
293 234
294 234
296 234
297 234
299 234
301 234
302 233
304 233
306 233
308 233
310 233
312 233
314 233
315 233
317 233
319 233
321 233
323 233
325 233
326 233
328 233
330 233
332 233
333 233
335 233
337 233
339 234
341 234
342 234
344 234
346 234
348 233
350 233
352 233
354 233
356 233
358 233
360 233
363 233
365 233
367 232
370 232
372 232
375 232
377 232
379 232
381 231
384 231
386 231
388 231
390 231
392 231
394 230
396 230
398 230
399 230
401 230
402 229
404 229
405 229
406 229
407 229
407 228
408 228
409 228
410 228
410 227
411 227
411 226
411 225
411 224
412 224
412 223
412 222
412 221
412 220
412 219
413 218
413 216
413 215
413 214
413 212
413 211
413 209
413 207
413 206
413 204
412 202
412 200
412 198
412 197
412 195
412 193
412 191
412 189
412 187
412 185
412 183
411 181
411 179
411 176
411 174
411 172
411 170
411 168
411 165
410 163
410 160
410 158
410 156
410 153
410 151
410 148
411 146
411 143
411 141
411 139
411 136
411 134
411 131
411 129
412 127
412 125
412 123
412 120
412 118
412 116
412 114
412 112
412 110
412 108
412 106
412 104
412 102
412 100
412 98
412 96
412 95
411 93
411 91
411 89
411 88
411 86
410 85
410 83
410 82
410 81
410 79
410 78
409 77
409 76
409 75
409 74
409 73
410 73
411 73
412 73
413 74
415 74
416 74
417 75
418 75
420 76
422 76
423 77
425 77
426 78
428 79
430 80
432 81
433 82
435 83
437 84
439 85
441 86
442 87
444 88
446 90
448 91
450 92
452 94
454 95
456 97
458 99
459 100
461 102
463 104
465 106
466 108
468 110
470 112
471 115
473 117
475 119
476 121
477 124
479 126
480 129
481 131
482 134
483 137
484 139
485 142
486 145
487 148
488 151
489 154
490 157
490 160
491 163
492 166
492 169
493 172
493 175
494 178
494 181
494 185
494 188
495 191
495 194
495 197
495 201
494 204
494 207
494 210
494 213
493 216
493 219
493 222
492 225
492 228
491 231
491 233
490 236
489 239
489 241
488 244
487 247
486 249
485 252
484 254
483 257
482 259
481 261
479 264
478 266
477 268
475 270
474 272
472 274
471 276
469 278
467 280
465 282
464 284
462 286
460 287
458 289
456 291
454 293
452 294
450 296
447 298
445 299
443 301
440 302
438 303
435 305
433 306
430 307
428 309
425 310
422 311
419 313
416 314
413 315
410 316
407 318
404 319
400 320
397 321
394 322
390 323
387 324
383 325
379 326
375 327
372 328
368 328
364 329
360 330
356 330
352 331
348 331
344 332
340 332
336 333
332 333
328 333
324 333
320 333
316 333
312 333
308 333
304 332
300 332
296 331
292 331
288 330
284 329
280 328
277 328
273 327
269 326
266 325
262 323
259 322
256 320
252 319
249 317
246 315
243 314
240 312
237 310
235 308
232 305
229 303
227 301
225 298
223 296
221 293
219 290
218 287
216 284
215 281
213 278
212 275
211 272
210 269
208 266
207 263
206 259
205 256
204 252
204 249
203 245
202 242
202 238
201 235
201 231
200 228
200 224
200 221
200 217
200 213
200 210
200 206
200 202
201 198
201 194
202 191
202 187
203 183
203 179
204 176
205 172
206 168
207 164
208 161
209 157
211 153
212 150
214 146
215 143
217 139
218 136
220 133
222 130
224 127
225 124
227 121
229 118
231 115
233 113
235 110
237 107
239 105
241 102
243 100
244 98
246 96
248 94
250 92
251 90
253 89
255 87
257 86
258 84
260 83
262 81
264 80
265 79
267 78
269 77
270 76
272 75
273 75
275 74
277 73
278 73
279 72
281 72
282 72
283 72
284 71
285 71
286 71
287 71
288 71
289 71
290 71
290 71
