597
298 77
299 80
299 81
299 82
299 83
300 84
300 85
300 87
300 88
300 90
300 91
301 93
301 95
301 97
301 98
301 100
301 100
301 102
301 104
301 106
301 108
301 110
301 113
301 115
301 117
301 119
301 121
301 123
301 125
301 127
301 130
301 132
301 134
302 136
302 138
302 140
302 142
302 144
302 146
303 148
303 150
303 152
303 153
303 155
303 158
303 160
303 162
303 164
304 166
304 168
304 170
304 172
304 175
304 177
304 179
303 181
303 184
303 186
303 188
303 190
303 193
303 195
303 197
303 199
302 201
302 203
302 205
302 207
302 209
302 210
301 212
301 214
301 215
301 216
301 217
301 218
301 219
301 220
301 221
302 221
303 221
304 221
305 221
306 220
307 220
308 220
309 220
310 220
311 220
313 220
314 220
315 220
317 220
318 220
320 220
321 220
323 220
325 219
326 219
328 219
330 219
331 219
333 219
335 219
337 219
339 219
341 219
343 219
345 219
347 219
349 219
351 219
353 219
355 219
357 219
359 219
362 219
364 219
366 219
368 219
370 219
372 219
375 219
377 219
379 220
381 220
383 220
385 220
386 220
388 220
390 220
392 220
394 220
396 221
398 221
400 221
402 221
404 221
405 221
407 221
409 221
410 221
412 221
413 221
415 221
416 221
418 221
419 221
420 221
421 221
422 221
423 221
424 221
424 220
425 220
426 220
426 219
427 219
427 218
427 217
427 216
427 215
427 214
427 213
427 212
427 211
426 210
426 209
426 208
426 206
426 205
426 204
426 203
426 202
426 200
426 199
426 197
426 196
426 194
426 192
426 191
426 189
426 187
425 185
425 184
425 182
425 180
425 178
425 176
424 175
424 173
424 171
424 169
424 167
424 165
423 163
423 161
423 159
423 158
423 156
422 154
422 152
422 150
422 148
422 146
422 144
422 142
422 140
422 138
422 137
422 135
422 133
422 131
422 129
422 127
422 125
422 124
422 122
422 120
422 119
422 117
422 115
422 113
422 111
422 109
422 107
422 106
422 104
422 102
422 100
421 98
421 97
421 95
421 94
420 93
420 91
420 90
419 90
419 89
419 88
419 87
418 87
419 86
420 86
420 87
421 87
422 87
423 87
424 87
425 87
426 87
427 87
428 87
429 87
430 87
431 87
432 87
433 88
434 88
436 88
437 89
438 89
439 89
440 90
442 90
443 91
444 92
446 92
447 93
448 94
449 95
451 96
452 96
453 97
455 98
456 99
457 100
458 101
460 102
461 104
463 105
464 106
466 108
467 109
469 110
471 112
472 113
474 115
476 116
477 118
479 119
480 121
482 122
483 124
485 126
486 127
488 129
489 131
490 133
491 135
493 137
494 139
495 141
496 143
497 145
498 147
499 149
500 151
500 154
501 156
502 158
502 160
503 162
504 165
504 167
504 169
505 171
505 174
505 176
505 178
506 181
506 183
506 185
506 187
506 190
506 192
506 194
506 197
506 199
506 201
506 204
506 206
506 208
506 211
506 213
506 215
506 218
505 220
505 222
505 224
505 226
505 229
504 231
504 233
504 235
504 237
504 239
503 241
503 243
503 245
502 247
502 249
501 250
501 252
500 254
500 256
499 257
499 259
498 261
497 263
496 264
496 266
495 268
494 270
493 271
492 273
491 275
490 276
489 278
488 280
487 281
486 283
485 284
484 286
482 287
481 289
480 290
478 292
477 293
475 295
473 296
472 298
470 299
469 300
467 302
465 303
464 304
462 305
460 307
458 308
456 309
455 310
453 311
451 312
449 313
446 314
444 316
442 317
440 318
437 319
435 320
433 321
430 322
428 323
426 324
423 325
421 326
418 326
416 327
413 328
411 329
408 330
406 330
403 331
401 332
398 333
396 333
393 334
390 335
387 335
385 336
382 336
379 337
376 337
374 337
371 338
368 338
365 339
363 339
360 339
357 339
354 339
351 340
349 340
346 340
343 339
341 339
338 339
335 339
333 339
330 338
328 338
325 337
322 337
320 337
317 336
315 335
312 335
310 334
307 333
305 332
303 331
300 330
298 329
296 328
294 327
292 326
289 325
287 324
285 323
283 321
280 320
280 320
278 319
276 317
274 316
272 314
270 313
270 313
268 312
266 310
265 309
263 307
261 305
259 304
257 302
256 300
254 298
252 296
251 295
249 293
248 291
246 289
245 287
243 285
242 283
241 281
239 279
238 277
237 275
236 272
235 270
234 268
233 265
232 263
231 261
230 258
229 256
228 253
227 251
227 249
226 246
225 244
225 241
224 239
224 236
223 234
223 231
223 229
222 226
222 224
222 221
221 219
221 216
221 214
221 211
221 209
220 206
220 204
220 201
220 199
221 196
221 193
221 191
221 188
221 185
222 183
222 180
222 177
223 174
223 172
224 169
224 166
225 163
226 161
227 158
228 155
228 153
230 150
231 147
232 145
233 143
234 140
236 138
237 135
238 133
239 131
241 128
242 126
243 124
244 122
245 121
246 119
248 117
249 116
250 114
251 113
252 111
253 110
255 109
256 107
257 106
259 105
260 103
261 102
262 101
264 100
265 99
266 98
268 97
269 96
270 96
272 95
273 94
275 93
276 93
277 92
279 91
280 91
282 90
283 90
284 89
286 89
287 88
289 88
290 88
291 88
292 87
293 87
294 87
295 87
296 87
297 87
298 88
298 87
299 87
299 87
