647
287 70
289 75
289 76
289 77
289 78
290 80
290 81
290 82
291 83
291 85
291 86
291 88
292 89
292 91
292 92
292 94
293 96
293 98
293 99
293 101
294 103
294 105
294 107
294 110
294 112
294 114
294 116
294 118
294 120
294 122
294 125
294 127
294 129
294 131
294 133
294 135
294 137
294 139
293 141
293 143
293 146
293 148
293 150
293 152
293 154
293 156
293 158
293 160
293 161
293 163
293 165
293 167
294 169
294 171
294 173
294 175
294 177
294 179
294 181
294 183
294 185
294 188
294 190
294 192
295 194
295 196
295 198
295 200
295 202
295 204
295 206
294 208
294 210
294 212
294 213
294 215
294 216
294 218
293 219
293 220
293 221
293 222
293 223
292 224
292 225
292 226
293 226
294 226
295 226
296 226
297 226
298 226
299 226
301 226
302 225
303 225
305 225
306 225
308 224
310 224
312 224
314 224
315 224
317 224
319 224
321 223
323 223
325 223
326 223
328 223
330 223
332 223
333 223
335 223
337 223
338 223
340 223
342 223
344 223
345 223
347 223
349 223
350 223
352 222
354 222
355 222
357 222
359 222
361 222
362 222
364 222
366 222
368 222
370 222
371 222
373 222
375 222
377 222
378 222
380 222
382 222
384 222
386 222
388 222
390 222
393 222
395 222
397 222
399 222
401 222
402 222
404 222
406 223
407 223
409 223
410 223
412 223
413 223
415 223
416 223
417 223
418 223
419 223
420 223
421 223
422 223
423 223
423 222
423 221
423 220
423 219
423 218
423 217
423 216
422 215
422 214
422 212
422 211
422 210
422 208
422 207
422 205
422 204
422 202
422 201
421 199
421 197
421 196
421 194
421 192
420 190
420 189
420 187
420 185
419 183
419 181
419 179
419 177
418 176
418 174
418 172
418 170
418 168
418 167
418 165
418 163
418 161
418 159
418 157
418 155
418 153
418 151
418 149
418 147
418 145
419 143
419 141
419 139
419 137
419 135
419 133
419 131
419 129
419 127
419 125
419 123
419 121
419 119
419 117
419 115
419 113
419 111
419 109
419 107
419 105
419 103
419 101
419 100
419 98
419 96
419 94
418 92
418 91
418 89
418 87
418 86
418 84
417 82
417 81
417 79
417 78
417 77
416 76
416 75
416 74
416 73
415 72
415 71
415 70
416 69
417 69
418 69
419 69
420 69
421 69
422 69
423 69
424 69
426 69
427 69
428 69
430 69
431 69
433 70
434 70
436 70
438 70
439 71
441 71
443 71
445 72
447 72
449 73
450 73
452 74
454 74
456 75
458 76
459 77
461 77
463 78
465 79
466 80
468 81
470 82
472 83
474 84
475 86
477 87
478 88
480 89
481 90
483 92
484 93
486 94
487 96
488 97
490 98
491 100
492 101
493 103
495 104
496 106
497 108
498 109
500 111
501 113
502 114
503 116
503 118
504 119
505 121
506 123
506 125
507 127
508 128
508 130
509 132
509 134
510 136
510 138
510 140
511 142
511 144
511 146
511 148
511 151
512 153
512 155
512 157
512 159
512 161
512 163
512 165
512 168
512 170
512 172
512 174
512 176
512 178
512 180
512 183
512 185
512 187
511 189
511 192
511 194
511 196
511 198
511 200
510 203
510 205
510 207
509 209
509 212
509 214
508 216
508 219
507 221
507 223
506 225
506 227
505 229
505 231
504 234
503 236
503 238
502 240
501 242
500 245
500 247
499 249
498 251
497 253
496 255
495 257
494 259
494 261
493 263
492 265
491 267
490 269
489 271
488 273
487 275
486 277
486 278
485 280
484 282
483 283
482 285
480 287
479 288
478 290
477 292
476 294
474 295
473 297
471 299
470 300
468 302
466 303
465 305
463 306
461 308
459 309
458 311
456 312
454 314
452 315
450 316
448 318
446 319
444 320
442 322
440 323
438 324
435 326
433 327
431 328
429 329
426 330
424 331
422 332
419 333
417 334
414 335
411 336
409 337
406 337
404 338
401 339
398 340
395 341
392 342
389 342
386 343
384 344
381 345
378 345
375 346
372 347
369 347
366 348
363 349
360 349
357 350
354 350
352 350
349 351
346 351
343 351
340 351
338 351
335 351
332 351
329 351
326 351
323 351
321 351
318 351
315 351
312 350
309 350
306 350
303 349
301 349
298 349
295 348
293 347
290 347
287 346
284 346
281 345
278 345
276 344
273 344
270 343
267 343
264 342
261 342
259 341
256 340
253 340
251 339
248 338
246 337
243 337
241 336
238 335
236 334
233 332
231 331
229 330
227 329
225 327
223 326
221 324
220 323
218 321
217 319
215 318
214 316
212 314
211 312
210 310
209 309
207 307
206 305
205 303
204 301
203 299
202 297
201 294
201 292
200 290
199 288
198 286
198 284
197 282
196 279
196 277
195 275
195 273
194 270
193 268
193 265
193 263
192 260
192 258
191 255
191 253
191 250
191 248
190 245
190 242
190 240
190 237
190 234
190 231
190 228
190 226
190 223
190 220
190 217
190 215
191 212
191 209
191 207
191 204
191 201
192 198
192 196
192 193
193 190
193 187
193 184
194 181
194 179
195 176
195 173
196 171
196 168
197 165
197 163
198 160
199 157
199 155
200 152
201 150
202 148
202 145
203 143
204 141
205 138
206 136
208 134
209 131
210 129
211 127
212 125
213 123
215 121
216 119
217 117
219 115
220 113
221 111
223 109
224 108
226 106
227 104
228 103
230 101
231 100
233 98
234 97
236 96
238 94
239 93
241 92
242 91
244 89
245 88
247 87
249 86
250 85
252 84
254 83
255 82
257 81
259 80
261 79
263 78
264 77
266 76
268 75
269 74
271 74
273 73
274 73
276 72
278 72
279 71
280 71
282 71
283 71
284 70
285 70
287 70
288 70
289 70
290 70
291 70
292 71
293 71
293 71
