334
355 153
357 159
357 162
357 165
358 167
358 170
358 173
358 176
358 179
359 182
359 185
359 188
359 191
359 194
359 197
359 201
359 204
359 207
359 210
359 213
359 217
359 221
358 223
358 226
358 229
359 231
359 234
359 237
360 239
360 242
360 245
360 248
360 251
360 254
360 257
360 260
360 263
360 266
359 268
359 271
359 274
361 275
364 275
367 275
371 275
374 274
378 274
382 274
386 274
390 274
393 274
396 274
398 275
401 275
404 275
407 275
410 275
413 275
417 275
420 275
422 276
426 276
430 276
433 276
436 276
439 276
441 277
444 277
447 277
449 278
452 278
455 278
457 279
458 277
458 274
458 271
458 268
458 265
457 262
457 259
457 256
457 253
457 250
457 247
457 244
457 241
457 238
456 235
456 231
456 227
456 224
457 221
457 218
457 215
457 211
457 207
457 203
457 200
457 197
457 193
457 190
457 187
457 183
457 180
457 177
456 174
456 171
456 168
455 166
455 163
454 161
456 162
458 163
460 164
462 165
465 166
467 167
470 168
472 169
475 170
477 171
480 172
482 173
484 174
486 176
488 177
491 179
493 180
495 182
497 184
499 185
501 186
503 188
505 190
507 192
508 194
510 196
512 198
513 201
515 203
516 205
517 207
519 210
521 212
522 215
523 217
524 220
525 222
526 225
527 227
528 230
529 233
530 237
530 241
531 244
531 248
531 252
531 256
531 259
532 261
532 264
531 268
531 272
531 276
530 278
530 282
529 285
528 288
528 292
527 295
526 298
526 301
525 303
524 306
524 309
523 312
522 314
521 317
520 320
519 322
518 324
517 326
516 329
514 331
513 333
511 336
510 338
508 340
507 342
505 343
503 345
501 347
499 349
497 351
495 352
493 354
490 356
488 357
486 358
484 360
481 361
479 362
476 363
473 365
470 366
468 367
465 368
463 369
460 370
457 370
455 371
452 372
448 372
446 373
443 373
439 374
436 374
432 374
428 374
424 374
420 374
416 374
412 374
408 374
404 374
402 373
399 373
395 373
393 372
390 372
386 372
383 371
379 371
376 370
372 370
369 369
364 369
362 368
359 368
357 367
352 366
348 365
345 364
341 363
339 362
335 361
333 360
331 359
329 358
327 357
324 355
322 354
320 353
318 352
315 349
313 348
311 347
308 345
307 343
305 342
304 340
301 338
300 336
298 333
296 330
294 327
293 324
292 322
291 320
290 317
289 315
288 312
287 310
286 307
285 303
284 299
283 296
283 292
282 288
282 284
282 280
282 276
282 273
282 269
283 265
283 262
283 259
284 255
285 252
286 248
287 244
288 241
289 239
290 236
291 234
293 231
294 228
295 226
296 223
298 220
299 218
301 215
302 212
304 209
306 207
307 205
309 202
311 199
313 197
314 195
317 192
319 190
320 188
323 186
325 184
328 181
330 179
332 178
334 176
336 175
339 173
342 171
345 169
347 167
349 166
351 165
354 163
356 162
358 161
360 160
363 159
365 158
368 158
370 159
