451
259 74
259 77
259 78
259 79
259 80
259 81
259 82
259 83
259 84
259 85
259 86
260 87
260 88
260 89
260 90
260 91
260 92
260 93
260 94
260 95
260 97
260 98
260 99
260 101
260 102
260 104
260 105
260 107
260 108
260 110
260 111
260 113
260 114
260 116
260 117
260 119
260 120
260 122
260 124
260 126
259 128
259 129
259 131
259 133
259 135
259 136
258 138
258 140
258 141
258 143
258 145
258 147
258 149
258 151
258 152
258 154
258 155
258 156
258 157
258 158
258 159
259 159
260 159
261 159
262 159
263 159
264 159
265 159
266 159
267 159
268 159
269 159
270 159
271 159
273 159
274 159
275 159
277 159
279 159
280 159
282 159
283 159
285 159
286 159
287 159
289 159
290 159
291 159
292 159
294 159
295 159
296 159
298 159
299 159
301 159
302 159
303 159
304 159
305 159
306 159
307 159
308 159
307 159
308 159
307 159
307 158
308 157
308 156
308 155
308 154
308 153
308 152
308 151
308 150
308 149
308 148
308 147
308 145
308 144
309 143
309 142
309 140
309 139
309 138
309 137
309 136
309 135
309 133
309 132
308 131
308 129
308 127
308 126
308 124
308 123
308 121
308 119
308 118
307 117
307 115
307 114
307 113
307 111
307 110
307 109
307 107
307 106
307 104
307 103
307 101
307 100
307 99
306 97
306 96
306 95
306 94
306 93
306 92
306 91
306 90
306 89
306 88
306 87
306 86
306 85
306 84
307 84
308 84
309 84
310 84
311 83
312 83
313 83
314 83
315 83
316 83
318 84
319 84
320 84
321 84
322 84
324 84
325 85
326 85
327 85
329 86
330 86
331 86
332 87
333 87
334 88
336 88
337 89
338 89
339 90
340 90
342 91
343 91
344 92
346 93
347 93
348 94
350 95
351 96
352 97
353 98
354 99
355 100
356 101
357 102
358 104
359 105
360 106
362 107
363 109
363 110
364 111
365 112
366 113
367 114
368 116
369 117
370 118
371 119
372 121
373 123
374 124
374 126
375 127
376 129
376 131
377 132
377 133
378 135
378 136
378 137
379 138
379 140
379 141
379 143
380 144
380 146
380 148
380 150
380 152
379 153
379 155
379 157
379 158
379 160
378 161
378 163
378 164
378 166
377 168
377 170
376 172
376 173
376 175
375 177
375 179
374 180
373 182
373 184
372 185
371 186
371 188
370 189
369 191
368 192
367 194
366 195
365 197
364 198
362 200
361 201
360 202
359 203
358 204
357 205
356 206
354 208
353 209
352 210
351 211
349 212
347 213
346 215
344 216
342 217
340 219
338 220
337 221
335 222
333 223
331 224
329 225
326 226
324 227
322 228
319 228
316 229
314 230
311 231
309 231
306 232
304 233
301 233
298 234
295 234
292 235
290 235
287 235
284 236
281 236
278 236
276 236
273 236
271 236
268 235
265 235
263 235
260 235
257 234
254 234
251 233
249 232
246 232
244 231
242 230
239 229
237 229
235 228
233 227
230 226
228 225
226 224
224 223
222 222
220 220
219 219
217 217
216 216
215 214
213 213
212 211
210 209
209 208
207 206
206 205
204 203
203 202
202 200
201 198
200 197
199 195
199 193
198 191
197 189
197 187
196 185
195 184
195 182
194 180
194 178
193 176
193 174
193 172
192 170
192 168
192 166
192 164
192 163
192 161
192 159
192 158
192 156
192 154
192 153
192 151
193 149
193 147
193 145
194 144
194 142
195 141
195 139
196 138
196 136
197 135
197 134
198 132
198 131
199 129
200 128
201 126
201 125
202 123
203 122
204 121
204 119
205 118
206 117
207 116
208 115
209 114
210 113
211 112
212 112
213 111
214 110
215 109
216 108
217 107
218 106
219 105
220 104
221 103
221 102
222 101
223 100
224 99
225 99
226 98
227 97
228 97
229 96
230 95
231 95
232 94
233 93
234 93
235 92
236 92
237 92
238 91
239 91
240 91
241 91
241 90
242 90
243 90
244 90
245 90
246 89
247 89
248 89
249 89
250 89
251 89
250 89
