228
197 87
198 90
198 91
198 93
198 94
198 96
198 98
198 99
198 102
198 104
198 106
198 109
198 111
198 114
198 116
199 119
199 121
199 124
199 126
199 129
199 131
199 133
199 135
199 136
199 138
199 139
199 141
199 142
200 143
200 144
200 145
200 146
201 146
202 146
203 146
204 145
205 145
206 145
207 145
208 145
210 145
211 145
213 145
215 145
217 145
219 145
221 145
223 144
225 144
227 144
229 144
231 144
234 144
236 144
238 144
240 144
242 144
246 144
248 144
249 144
250 144
251 144
252 144
253 144
254 144
254 145
254 144
254 143
254 142
254 141
254 140
254 139
255 137
255 136
255 135
255 133
255 131
256 129
256 127
256 124
256 122
257 120
257 117
257 115
257 112
257 110
258 108
258 105
258 103
258 101
258 100
258 98
258 97
258 95
258 94
257 93
257 92
257 91
257 90
257 89
257 90
258 90
259 90
259 91
260 91
261 91
262 92
263 92
264 93
265 94
267 94
268 95
270 96
272 97
274 99
276 100
278 102
280 103
282 105
284 107
286 109
288 112
290 114
292 117
293 120
295 123
297 126
298 129
299 132
300 135
301 139
302 142
302 146
303 149
303 153
303 156
303 160
302 164
302 168
301 171
299 175
298 179
296 182
294 186
292 190
289 193
286 197
283 201
280 204
276 207
273 210
269 214
265 216
260 219
256 222
251 224
247 227
242 229
237 230
232 232
228 233
223 235
218 235
213 236
209 236
204 236
200 236
195 236
191 235
187 234
183 232
179 231
175 229
171 227
168 224
164 222
161 219
158 216
155 213
152 210
150 206
147 203
145 199
143 195
141 191
140 187
138 183
137 179
136 175
136 170
136 166
136 162
136 157
137 153
138 149
139 145
141 141
143 137
144 133
147 129
149 125
151 121
154 118
156 114
159 111
162 108
165 105
168 103
171 100
174 98
176 97
179 95
181 94
183 92
185 92
187 91
188 91
190 90
191 90
192 90
193 90
194 90
195 90
196 90
196 91
197 91
196 91
196 92
