328
364 152
365 156
365 159
365 162
365 165
366 167
366 170
366 173
366 177
366 180
366 183
366 187
366 190
366 193
366 196
366 199
367 203
367 207
368 209
368 212
368 215
368 218
368 221
369 224
369 228
369 231
370 233
370 236
370 239
370 243
370 247
371 249
371 252
371 255
371 258
372 260
372 263
372 266
372 269
372 272
373 274
375 275
378 275
381 275
384 275
387 275
390 275
393 275
396 275
400 275
404 275
407 275
410 275
414 275
416 276
419 276
423 276
427 276
429 277
432 277
435 277
439 277
442 277
446 278
449 278
452 278
454 277
454 274
454 271
455 269
455 266
455 263
455 260
455 256
455 253
455 249
455 246
455 243
455 240
455 237
455 234
455 231
454 229
454 226
454 223
453 221
453 218
453 215
452 212
452 209
452 206
452 203
451 201
451 198
451 195
451 192
451 189
450 187
450 184
450 181
449 178
449 175
449 172
448 170
448 167
447 165
447 162
446 160
449 160
452 160
456 160
459 161
462 161
465 162
468 163
471 164
473 165
476 166
478 167
480 168
483 169
485 171
487 173
489 174
491 176
493 177
495 179
497 181
499 183
501 185
503 187
504 189
506 191
507 193
509 195
511 197
512 199
513 201
515 203
516 205
517 207
519 210
520 213
522 216
523 219
524 222
526 225
527 228
528 231
529 233
530 236
531 240
531 243
532 245
532 248
532 251
533 253
533 256
533 259
533 262
533 266
533 269
533 273
532 276
532 280
532 283
531 285
531 288
530 291
530 294
529 296
529 299
528 301
527 304
527 307
526 310
525 312
524 314
523 316
522 318
521 321
519 324
517 327
515 330
514 332
512 334
510 336
508 338
506 339
504 341
502 342
500 344
498 345
496 346
494 347
492 349
489 351
486 352
484 354
481 355
479 356
476 357
473 358
470 359
467 360
464 360
462 361
459 361
455 362
451 362
447 362
445 363
442 363
438 363
434 363
430 363
427 363
423 363
420 362
416 362
413 362
409 361
406 361
401 361
399 360
394 360
392 359
389 359
387 358
383 358
380 357
376 356
374 355
370 354
366 353
364 352
362 351
358 350
356 349
353 347
349 346
346 344
344 343
342 342
340 341
338 340
336 339
333 338
331 336
329 335
326 333
323 331
321 330
320 328
318 327
315 325
314 323
311 321
310 319
308 317
307 315
305 312
303 309
301 306
300 303
299 300
298 298
297 295
296 292
296 289
295 287
295 284
295 280
294 277
294 273
294 270
295 268
295 265
295 262
295 258
296 255
296 252
297 250
297 247
298 243
299 240
299 236
300 233
301 231
302 228
303 226
304 223
305 220
306 218
307 215
309 212
310 210
311 207
313 204
315 202
316 200
318 198
320 196
321 194
323 192
324 190
326 189
328 187
329 185
331 183
334 181
336 179
339 177
341 175
343 173
346 172
348 170
350 169
351 167
353 166
355 165
357 164
359 162
361 161
363 160
366 159
369 159
370 159
