382
367 139
366 145
367 147
367 150
366 152
366 155
366 158
365 160
365 163
364 165
364 168
363 170
363 173
363 176
362 179
362 182
362 185
362 188
361 190
361 193
361 196
360 199
360 202
359 204
359 207
358 209
358 213
357 215
357 218
357 221
356 223
356 226
356 229
356 232
356 235
355 237
355 240
355 243
354 246
354 249
354 252
353 255
353 258
352 260
353 262
356 262
359 262
362 262
366 262
370 262
373 262
376 262
380 262
383 262
387 262
390 262
394 262
397 262
401 262
404 262
407 262
410 262
413 262
416 262
419 262
423 263
426 263
429 263
432 263
435 263
438 263
441 263
444 263
447 263
450 263
453 263
455 264
458 264
461 264
464 264
467 264
470 264
473 264
475 263
476 261
477 259
477 256
478 253
478 250
479 248
479 245
479 242
480 238
480 235
480 232
481 230
481 227
481 224
481 220
482 217
482 214
482 211
483 209
483 206
483 203
483 200
484 197
484 193
485 190
485 187
486 184
486 180
487 177
487 174
487 171
488 169
488 165
489 161
489 158
489 155
489 152
489 149
489 146
488 144
490 145
492 146
494 147
497 148
499 149
501 150
504 151
506 153
508 154
510 155
513 157
515 158
517 160
519 162
521 164
522 166
524 168
526 170
527 172
529 173
531 175
532 177
534 179
535 181
537 183
538 185
540 187
541 189
542 192
544 195
545 198
546 200
547 203
549 206
550 209
551 213
552 217
553 220
554 222
555 226
556 228
557 232
558 235
559 239
560 243
560 247
560 251
560 254
560 258
560 261
560 264
560 267
559 270
559 274
558 277
558 280
557 283
556 286
555 288
555 291
554 293
553 295
552 297
551 299
550 302
549 304
548 306
546 309
544 311
542 313
540 315
538 317
537 319
535 321
533 323
531 325
530 327
528 328
526 330
524 331
523 333
521 335
518 337
516 339
513 342
511 344
509 345
507 347
504 348
502 349
500 350
498 351
495 353
493 354
491 355
489 356
487 357
485 358
483 359
481 360
479 361
475 362
472 363
470 364
468 365
465 365
463 366
461 367
456 368
454 369
449 370
445 371
440 372
436 373
433 373
431 374
428 374
426 375
423 375
418 376
413 376
409 377
406 377
402 377
399 377
394 377
390 377
387 377
382 377
378 377
375 377
371 376
368 376
364 376
361 375
357 375
355 374
351 373
347 373
345 372
341 371
338 370
334 369
330 368
327 367
325 366
321 365
318 364
316 363
314 362
311 361
309 360
306 358
303 357
300 355
297 353
294 351
291 348
288 346
286 344
284 343
281 341
280 339
277 337
275 335
273 333
271 331
269 329
267 327
266 325
264 324
263 322
261 320
260 318
258 317
257 314
255 311
254 308
252 305
251 302
250 299
249 295
249 292
248 290
247 287
247 284
246 280
246 277
246 274
246 270
246 267
246 264
246 260
246 257
246 254
246 250
246 247
247 245
247 242
248 238
248 235
249 233
250 231
251 228
252 225
253 223
254 220
255 218
256 216
258 213
260 210
261 208
263 206
264 204
266 201
268 200
269 198
272 195
274 192
276 191
278 188
281 186
283 184
285 182
287 180
290 179
292 178
294 176
296 175
299 173
302 171
304 170
306 169
309 167
312 166
315 164
318 163
321 162
324 161
327 159
330 158
333 157
336 156
339 155
342 154
344 153
347 152
350 151
353 150
356 149
359 149
362 148
364 147
367 147
370 146
373 146
375 145
378 146
