479
233 73
232 76
232 77
233 78
233 79
233 80
233 81
233 82
233 83
233 84
233 85
233 86
233 87
233 88
233 89
234 90
234 91
234 92
234 93
234 94
234 95
234 97
234 98
234 100
234 102
234 103
234 105
234 107
234 108
234 110
235 111
235 113
235 114
235 116
235 117
235 119
235 121
235 123
235 125
234 126
234 128
234 130
234 132
234 133
235 135
234 137
234 138
234 140
234 141
234 143
234 144
234 146
234 147
234 149
234 150
234 151
234 153
234 154
234 155
234 156
234 157
234 158
234 159
235 159
236 159
237 159
238 159
239 159
240 159
241 159
242 159
243 159
244 159
245 159
246 159
248 159
249 159
251 158
252 158
254 158
255 158
256 158
258 158
259 158
261 158
262 158
263 158
265 158
266 158
268 158
269 158
271 158
273 158
275 158
277 158
278 158
280 158
282 158
283 158
285 158
287 158
288 158
290 158
291 159
293 159
294 159
296 159
297 159
299 159
300 159
301 159
302 159
303 159
304 159
305 159
306 159
306 158
306 157
306 156
306 155
306 154
306 153
306 152
306 151
306 150
306 149
306 148
306 147
306 146
306 145
306 144
306 143
306 142
306 141
306 140
306 139
306 138
306 137
306 136
306 135
306 134
305 133
305 131
305 130
305 129
305 128
305 126
304 125
304 123
304 122
304 121
304 119
304 118
304 117
303 116
303 115
303 114
303 112
303 111
303 110
303 109
303 107
303 105
303 104
303 102
303 101
302 99
302 98
302 96
302 95
302 93
302 92
302 91
301 90
301 88
301 86
301 85
301 84
301 83
300 82
300 81
300 80
300 79
300 78
300 77
300 76
300 75
301 75
302 75
303 75
304 75
305 75
306 75
307 75
308 75
309 75
310 75
311 75
311 76
312 76
313 76
314 76
315 76
316 77
318 77
319 77
320 77
321 78
323 78
324 78
325 79
326 79
327 80
328 80
329 81
330 81
331 82
332 83
333 83
334 84
335 85
336 85
337 86
339 87
340 88
341 88
342 89
343 90
344 90
346 91
347 92
348 93
349 94
351 94
352 96
353 97
353 98
354 99
355 100
356 102
357 103
358 104
358 106
359 107
360 108
361 110
362 111
362 112
363 113
364 115
365 116
365 117
366 119
367 120
368 122
368 124
369 125
370 127
371 129
371 131
372 133
372 134
373 136
373 137
374 139
374 140
374 142
375 144
375 145
375 147
375 149
375 151
375 153
376 154
376 156
376 158
376 160
376 161
376 163
376 164
376 166
376 168
376 170
376 172
376 174
376 176
375 178
375 180
375 181
375 183
374 185
374 186
373 188
373 189
372 191
371 193
370 195
369 197
368 199
367 200
366 202
365 203
363 205
362 206
361 208
359 209
358 211
357 213
355 214
354 216
352 217
351 219
349 221
347 222
345 223
343 225
341 226
338 227
336 228
334 229
331 231
328 232
326 233
323 234
320 235
317 237
314 238
310 239
307 240
304 241
301 242
298 243
294 244
291 245
288 246
285 246
282 246
278 247
275 247
272 247
269 248
266 248
263 248
260 248
258 247
255 247
252 247
249 246
247 246
244 245
242 245
239 244
237 243
234 242
232 241
229 240
227 239
224 238
222 237
220 236
217 235
215 233
212 232
210 231
208 229
206 228
204 227
202 226
200 224
198 223
196 221
194 219
192 218
191 216
189 214
187 212
186 210
184 208
183 207
181 205
180 203
179 201
178 199
177 197
176 195
175 193
174 191
173 189
173 187
172 185
171 183
171 181
170 179
169 177
169 175
168 173
168 171
167 168
167 166
167 164
166 162
166 160
166 158
166 156
166 154
166 152
166 150
166 148
167 146
167 144
167 142
168 140
168 138
168 137
169 135
169 133
170 131
171 130
171 128
172 126
173 124
173 122
174 121
174 119
175 118
176 116
176 115
177 114
178 112
179 111
180 110
180 109
181 107
182 106
183 105
184 104
185 103
186 101
187 100
188 99
189 98
190 97
191 97
192 96
193 95
194 94
195 94
195 93
196 93
197 92
198 92
198 91
199 91
200 90
201 90
202 90
203 90
203 89
204 89
205 89
206 88
207 88
208 88
209 87
210 87
211 87
212 87
213 86
214 86
215 86
216 86
217 86
217 85
218 85
219 85
220 85
220 84
221 84
222 84
