331
341 121
340 127
340 129
339 131
339 134
339 136
339 139
339 141
339 143
339 146
339 148
338 150
338 152
338 155
338 157
338 159
337 162
337 164
337 167
337 169
337 172
337 174
337 177
337 179
336 182
336 184
336 187
336 189
336 191
336 193
336 195
336 197
336 198
336 200
337 201
337 203
337 204
337 205
337 206
337 207
338 207
338 208
339 208
340 208
340 209
341 209
342 209
343 209
344 210
345 210
346 210
348 210
349 211
351 211
352 211
354 212
356 212
358 212
360 213
362 213
364 213
366 214
368 214
370 214
372 215
374 215
376 215
377 215
379 215
381 216
383 216
385 216
387 216
389 216
391 216
392 216
394 216
396 216
397 216
399 216
400 216
402 216
403 216
404 216
405 216
406 216
407 216
408 216
409 216
410 215
410 214
410 213
410 212
409 211
409 210
409 208
408 207
408 206
408 204
408 202
407 201
407 199
407 197
407 195
407 193
406 191
406 188
406 186
406 184
406 182
406 179
406 177
406 175
406 172
406 170
406 167
406 165
405 162
405 160
405 158
405 156
405 154
405 152
405 150
404 148
404 146
404 145
404 143
404 142
404 140
404 139
404 138
404 137
404 136
404 135
404 134
404 133
404 132
404 131
405 131
406 131
407 131
407 130
408 130
409 130
411 130
412 130
413 130
415 130
416 130
418 130
420 130
422 130
423 130
426 131
428 131
430 132
432 132
434 133
436 134
438 135
440 137
442 138
444 140
445 142
447 144
448 146
450 148
451 150
453 152
454 154
455 156
457 158
458 160
459 163
460 165
461 168
462 171
463 174
463 176
464 179
465 182
466 185
466 188
466 191
467 194
467 196
467 199
467 202
466 205
466 208
466 210
465 213
465 215
464 218
463 220
463 222
462 224
461 226
460 228
459 230
458 232
456 234
455 237
454 239
453 241
451 243
450 245
449 247
447 248
446 250
444 252
443 253
441 255
439 257
437 258
435 259
433 261
431 262
429 264
427 265
424 266
422 267
420 268
417 269
414 270
412 271
409 272
406 273
404 273
401 274
399 274
396 275
393 275
391 275
388 275
385 275
383 275
380 275
377 274
374 274
371 274
368 273
365 273
362 272
359 272
357 271
354 270
351 269
348 268
346 267
343 266
340 265
338 264
335 262
333 261
330 259
328 258
325 256
323 254
321 252
318 250
316 248
314 246
312 243
311 241
309 239
307 236
305 234
304 231
302 229
301 226
299 224
298 221
297 218
296 215
295 212
294 210
293 207
292 204
292 202
291 199
291 196
291 194
291 191
291 188
291 185
291 183
291 180
291 177
292 175
292 172
293 169
293 167
294 164
295 162
296 160
296 157
297 155
299 153
300 150
301 148
303 146
304 144
306 142
307 140
309 139
311 137
312 135
314 134
316 132
317 131
319 130
321 129
323 128
325 127
327 126
329 125
331 124
332 123
334 123
335 122
336 122
337 121
338 121
339 121
340 121
340 122
341 122
342 123
342 122
