247
222 93
221 95
221 97
221 98
221 100
221 102
221 104
221 106
222 108
222 110
222 113
222 116
222 118
222 122
223 125
223 128
223 131
223 134
223 137
223 140
223 143
224 145
224 148
224 150
224 152
224 154
225 155
225 157
225 158
225 159
226 160
226 161
227 161
228 161
228 160
229 160
230 160
231 160
232 160
233 159
234 159
236 159
237 159
239 159
241 159
243 159
245 159
247 159
249 159
251 159
253 159
255 159
257 159
259 160
261 160
263 160
265 160
267 160
269 160
271 160
273 161
275 161
276 161
278 161
279 161
280 161
281 161
282 161
283 161
284 162
284 161
283 161
283 160
283 159
283 158
283 157
283 156
283 155
283 153
283 151
283 149
283 147
282 144
282 141
282 139
282 136
282 132
281 129
281 126
281 122
281 119
281 116
281 113
280 110
280 107
280 104
280 102
280 100
279 98
279 96
279 95
279 93
279 92
278 91
278 90
279 90
279 91
280 91
280 92
281 92
281 93
282 93
283 94
284 94
285 95
286 96
287 97
288 98
290 99
291 100
293 101
294 103
296 105
298 106
300 108
302 110
304 112
306 114
307 117
309 119
311 122
312 125
314 128
316 131
317 134
319 137
320 140
321 144
323 147
324 150
325 154
326 157
327 161
328 165
329 168
329 172
330 175
330 179
330 183
330 187
330 191
329 194
328 198
328 202
326 206
325 209
323 213
321 217
319 220
317 224
315 227
312 231
309 234
306 237
303 240
299 243
295 246
291 248
287 251
283 253
279 256
274 258
270 260
265 261
260 263
255 264
250 265
245 266
240 267
235 267
231 267
226 267
221 267
216 266
211 265
206 264
202 263
197 261
193 259
189 257
185 255
181 252
177 249
174 246
170 242
167 239
164 235
162 231
160 227
158 222
156 218
155 213
153 208
153 203
152 198
152 193
152 188
153 182
154 177
155 172
156 167
158 162
159 157
162 152
164 147
166 143
169 138
171 134
174 130
177 127
180 123
183 120
186 118
189 115
191 113
194 111
197 109
199 108
201 107
203 106
205 106
207 105
208 105
210 105
211 105
212 105
213 105
214 105
214 104
215 104
216 104
217 104
218 104
218 103
219 103
219 102
220 103
