516
295 64
296 67
296 68
296 69
297 70
297 71
297 72
297 73
297 74
297 75
297 76
298 78
298 79
298 80
298 82
298 84
298 85
298 87
299 88
299 89
299 91
299 92
299 94
299 95
299 97
299 98
299 100
299 102
299 104
299 106
299 108
298 109
298 111
298 113
298 114
298 116
298 118
298 119
298 121
298 122
298 124
298 126
297 127
297 129
297 131
297 132
297 133
297 134
297 135
297 136
297 137
297 138
297 139
296 139
296 140
296 141
297 141
298 141
299 141
300 141
301 141
303 141
304 141
305 141
306 141
307 140
308 140
309 140
310 140
311 140
312 140
314 140
315 140
317 140
319 140
320 140
322 140
324 140
325 140
327 140
329 140
330 140
332 140
334 140
335 139
337 139
339 139
341 139
342 139
344 139
346 139
347 138
349 138
350 138
351 138
353 138
354 138
355 138
356 138
357 138
358 138
359 138
359 137
359 136
359 135
359 134
359 133
359 132
359 131
359 130
359 129
359 128
359 127
359 126
359 125
359 124
359 123
359 122
359 121
359 120
359 118
359 117
359 116
359 115
359 114
359 113
359 112
359 111
359 110
359 108
358 107
358 105
358 104
358 102
358 101
358 99
358 98
358 97
358 95
357 94
357 93
357 92
357 91
357 89
356 88
356 87
356 86
356 85
356 84
356 82
356 81
355 80
355 79
355 77
355 76
355 75
355 74
355 73
355 72
355 71
355 70
355 69
355 68
355 67
355 66
355 65
355 64
356 64
357 64
358 64
359 64
360 64
361 64
362 64
363 64
364 64
365 64
366 64
368 64
369 64
370 64
371 65
372 65
373 65
374 65
375 65
376 66
377 66
378 66
379 67
380 67
381 67
382 68
383 68
384 68
386 68
387 69
388 69
390 69
391 70
392 70
393 71
395 72
396 72
397 73
398 74
399 74
400 75
401 76
402 76
404 77
405 78
406 79
407 80
409 81
410 82
411 83
412 84
414 85
415 86
416 87
417 88
418 89
419 90
420 90
420 91
421 92
422 93
423 94
424 95
424 96
425 97
426 99
426 100
427 101
428 102
428 104
429 105
429 107
430 108
431 109
431 110
432 112
433 113
433 114
434 116
434 117
435 118
435 120
436 122
436 124
437 125
437 127
437 129
438 131
438 132
438 134
438 136
439 137
439 139
439 140
439 142
439 143
440 145
440 147
439 149
439 150
439 152
440 154
440 155
439 157
439 158
439 160
439 161
439 162
439 164
439 165
439 167
439 169
438 170
438 172
438 173
438 175
437 177
437 178
437 179
436 180
436 182
435 183
435 184
434 185
434 187
433 188
433 190
432 191
431 193
430 194
430 196
429 197
428 199
427 200
427 201
426 202
425 203
424 204
423 205
422 207
421 208
420 209
419 210
418 211
417 212
416 213
414 215
413 216
411 217
410 218
408 220
407 221
405 222
404 223
402 224
401 224
399 225
398 226
396 226
395 227
394 228
392 228
390 229
388 230
387 230
385 231
383 232
382 233
380 233
379 234
377 234
375 235
373 235
371 236
369 236
367 237
365 237
363 238
361 238
359 239
357 239
355 240
353 240
351 240
349 241
346 241
344 242
341 242
339 242
337 242
334 243
332 243
329 243
327 243
325 243
322 243
320 243
318 242
315 242
313 242
311 242
309 241
307 241
305 240
303 240
301 239
299 239
298 238
296 237
294 237
292 236
291 235
289 235
287 234
286 233
284 232
283 231
281 231
279 230
277 229
276 228
274 227
272 226
270 225
269 224
267 223
266 222
265 221
264 219
262 218
261 217
260 215
259 214
257 213
256 211
255 210
254 208
252 207
251 206
250 205
250 203
249 202
248 201
247 199
246 198
246 196
245 194
244 192
243 191
243 189
242 187
242 186
241 184
241 183
240 181
240 180
239 178
239 177
239 175
238 173
238 171
238 169
237 167
237 165
237 163
237 162
237 160
237 158
237 157
236 155
236 153
236 152
236 150
236 148
236 146
237 145
237 143
237 141
237 140
237 138
237 137
237 135
238 134
238 132
238 131
239 129
239 128
240 126
240 124
241 123
241 121
241 120
242 118
242 117
243 116
244 115
244 114
245 113
245 112
246 111
246 109
247 108
248 107
248 106
249 104
250 103
251 102
252 100
252 99
253 98
254 97
255 96
256 95
257 94
258 93
259 92
260 91
261 90
261 89
262 89
263 88
264 87
265 86
266 85
267 84
268 83
269 83
270 82
271 81
271 80
272 80
273 79
274 78
275 78
276 77
277 77
278 76
279 76
280 76
281 75
282 75
283 75
284 75
285 74
286 74
287 74
287 75
288 75
288 74
