589
292 75
292 79
292 80
292 81
292 82
292 83
292 84
292 85
293 87
293 88
293 89
293 91
293 92
293 94
293 95
293 97
293 98
293 100
293 101
293 103
293 105
293 107
293 109
293 110
293 112
293 114
293 116
293 118
293 120
293 122
292 124
292 125
292 127
292 129
292 131
292 133
292 135
292 136
292 138
292 140
292 142
292 144
292 146
292 148
291 150
291 152
291 155
291 157
291 159
291 161
291 164
291 166
291 168
291 170
291 173
291 175
291 177
290 180
290 182
290 185
290 187
290 190
290 192
290 195
290 197
290 199
290 202
290 204
290 206
290 209
290 211
290 214
290 216
289 219
289 221
289 223
289 226
289 228
288 230
288 232
288 234
287 236
287 238
287 239
286 241
286 242
286 243
286 244
286 245
286 246
286 247
286 248
287 248
288 248
289 248
290 248
291 248
292 248
294 248
295 247
296 247
298 247
299 247
301 247
302 247
304 247
305 247
306 247
308 247
309 247
311 247
313 247
314 247
316 248
317 248
319 248
321 248
322 248
324 248
325 249
327 249
329 249
330 249
332 249
334 250
336 250
338 250
340 250
342 250
344 250
346 251
348 251
349 251
351 251
353 251
355 251
357 251
359 251
362 251
364 251
366 251
368 251
371 251
373 251
375 251
377 251
380 251
382 251
385 251
387 251
389 251
392 251
394 251
397 251
399 251
401 251
403 251
406 251
408 251
410 251
412 251
414 251
416 251
418 251
420 251
421 251
423 251
424 252
426 252
427 252
428 252
429 252
430 252
431 252
432 252
433 252
434 252
435 251
435 250
435 249
435 248
435 247
435 246
434 245
434 244
434 243
434 242
434 241
434 240
433 238
433 237
433 235
433 234
433 232
433 230
433 229
433 227
433 225
433 225
433 224
432 222
432 220
432 218
432 218
432 216
431 214
431 213
431 211
431 209
430 207
430 205
430 203
430 201
430 199
430 197
430 195
430 193
430 190
430 188
430 186
430 184
430 182
430 180
430 177
430 175
431 173
431 171
431 169
431 167
431 164
431 162
431 160
432 158
432 156
432 154
432 151
432 149
432 147
432 145
432 143
432 141
433 138
433 136
433 134
433 132
433 130
433 128
433 125
434 123
434 121
434 119
434 117
434 116
434 114
434 112
434 110
434 108
434 106
434 104
434 102
434 100
434 98
434 96
434 94
434 93
434 91
434 90
434 88
434 87
434 85
434 84
434 83
434 82
434 81
434 80
434 79
433 79
433 78
433 77
433 76
434 76
434 77
435 77
436 77
437 77
438 77
440 78
441 78
442 78
444 78
445 79
447 79
449 79
450 79
452 80
454 80
456 81
458 81
459 82
461 82
463 83
465 84
467 84
469 85
471 86
473 87
476 88
478 89
480 90
482 91
484 92
486 93
488 94
490 95
492 97
494 98
496 99
498 101
500 102
502 104
504 106
506 107
508 109
510 111
512 113
513 115
515 117
517 119
518 121
520 123
521 125
523 127
524 129
525 131
526 134
528 136
529 138
530 141
530 143
531 146
532 148
533 151
533 153
534 156
534 159
535 161
535 164
536 167
536 169
536 172
537 175
537 178
537 180
538 183
538 186
538 189
538 192
538 195
539 198
539 201
539 204
538 207
538 210
538 213
538 216
538 219
538 222
537 225
537 228
537 231
537 234
536 237
536 240
536 243
535 246
535 248
534 251
534 254
533 257
532 260
532 262
531 265
530 268
528 270
527 273
526 275
525 278
523 280
522 283
520 285
519 287
517 290
515 292
514 294
512 296
510 298
508 301
506 303
504 305
502 306
500 308
497 310
495 312
493 314
491 316
488 317
486 319
484 321
481 323
479 324
476 326
473 328
470 329
467 331
465 332
462 334
458 335
455 336
452 338
449 339
446 340
443 342
440 343
436 344
433 345
430 346
427 347
423 348
420 349
416 350
413 351
410 352
406 352
403 353
399 354
396 354
392 354
389 355
385 355
382 355
378 356
375 356
371 356
367 356
364 356
360 356
357 356
353 356
350 356
346 356
342 356
339 355
335 355
331 355
328 354
324 354
320 354
316 353
313 352
309 352
305 351
301 350
298 349
294 348
290 347
287 346
283 345
279 344
276 343
272 342
269 341
265 340
262 339
258 337
255 336
251 334
248 333
245 332
242 330
239 328
236 326
233 324
230 322
227 320
225 318
222 315
220 313
218 311
216 308
214 306
212 303
210 300
208 298
206 295
204 292
202 289
201 286
199 283
198 280
197 277
195 274
194 270
193 267
192 264
191 261
191 258
190 254
189 251
189 248
188 245
188 241
188 238
187 235
187 231
187 228
187 225
187 222
188 218
188 215
188 212
188 208
189 205
189 202
190 199
190 195
191 192
192 189
193 185
194 182
195 178
196 175
197 171
199 168
200 164
201 161
203 157
205 154
207 151
208 147
210 144
212 141
214 138
216 135
218 132
220 130
221 127
223 125
225 122
227 120
229 118
232 116
234 114
236 112
238 110
240 108
242 106
244 104
246 102
248 100
250 99
252 97
254 95
256 94
258 93
260 91
262 90
264 89
267 88
269 87
271 85
272 84
274 83
276 83
278 82
280 81
282 80
284 80
285 79
287 79
289 78
291 78
292 78
293 78
295 77
296 77
297 77
298 77
299 78
299 78
