365
327 99
327 103
327 107
327 110
326 113
326 116
326 119
326 122
326 126
325 130
325 134
325 138
324 142
324 145
324 148
324 151
324 154
324 157
324 160
325 162
325 165
325 168
325 171
325 174
326 176
326 179
326 182
326 185
326 188
326 191
326 194
326 197
326 200
326 203
326 206
326 209
326 212
325 214
325 217
326 219
328 220
330 221
333 221
337 221
340 221
343 221
346 221
349 221
352 221
355 221
358 221
361 221
364 221
367 221
369 220
372 220
375 221
378 221
381 221
384 221
387 221
390 221
393 221
396 221
399 221
402 221
405 221
408 221
411 221
414 222
417 222
420 222
423 222
426 222
427 220
428 218
428 215
428 212
428 209
428 206
427 204
427 201
427 198
426 196
426 193
426 190
425 188
425 185
424 183
424 180
424 177
424 174
424 171
424 168
424 165
424 162
424 159
424 156
424 153
424 150
424 147
424 144
424 141
424 138
424 135
424 132
424 129
424 126
423 124
423 121
422 118
422 115
421 113
421 110
420 108
419 106
421 105
423 106
426 106
429 106
433 107
437 107
439 108
442 109
444 110
446 111
448 112
450 113
452 115
454 116
456 117
458 119
460 121
462 122
464 124
466 125
468 127
470 128
472 130
474 131
476 133
478 135
480 137
482 139
484 141
486 143
487 145
489 147
490 149
491 151
493 153
494 156
495 158
496 160
498 163
499 166
501 169
502 171
503 174
504 177
505 179
506 183
507 186
507 190
508 192
508 195
508 198
509 201
509 205
509 209
509 213
508 215
508 218
507 222
506 226
505 230
504 232
503 235
503 238
502 240
501 243
500 245
499 247
498 249
497 251
496 254
495 256
494 259
493 261
492 263
490 264
489 266
488 268
487 270
485 272
484 274
482 276
480 277
478 279
476 280
473 282
471 284
469 285
467 287
465 288
463 289
461 291
458 292
456 293
453 294
451 295
449 296
446 297
444 298
441 299
438 300
435 300
433 301
430 302
426 302
424 303
421 303
417 304
413 304
410 305
406 305
404 306
401 306
397 306
393 307
390 307
386 307
383 307
379 307
376 307
373 307
369 307
365 307
362 307
359 307
356 307
352 307
349 306
346 306
342 306
339 306
335 305
332 305
329 305
327 304
324 304
321 303
318 303
315 302
312 301
310 300
307 299
304 299
302 298
299 297
297 296
295 295
293 294
290 293
286 292
283 291
281 290
279 289
277 288
275 287
273 286
271 285
269 284
267 283
265 282
263 281
261 280
259 278
257 276
255 275
254 273
252 272
251 270
249 268
247 266
246 264
245 262
243 261
242 259
241 257
240 255
239 253
238 251
237 247
236 244
236 241
235 238
235 235
235 232
234 230
235 227
235 224
235 221
235 218
235 215
236 213
236 209
237 206
237 203
238 200
239 196
239 193
240 190
241 187
242 185
243 182
244 179
245 177
246 174
246 171
247 169
248 167
249 165
250 162
251 160
252 158
253 155
254 153
255 151
257 149
258 147
260 145
262 143
264 141
266 139
268 137
270 135
272 134
274 132
276 131
278 129
280 128
282 126
284 125
286 123
288 122
290 120
292 119
294 118
296 117
298 116
300 115
302 113
305 112
308 111
310 110
314 109
316 108
319 107
321 106
324 106
326 105
329 104
332 104
332 103
