255
196 84
196 86
196 87
196 88
196 89
196 91
196 92
196 94
196 96
196 98
196 100
196 103
196 105
196 107
196 110
196 112
196 115
196 118
196 120
196 123
196 125
197 128
197 130
197 132
197 135
197 137
197 138
197 140
197 142
197 143
197 144
197 145
197 146
197 147
197 148
198 148
198 149
198 150
199 150
200 150
200 149
201 149
202 149
203 149
204 149
205 149
206 149
208 149
210 149
212 149
214 149
216 149
218 149
220 149
223 149
225 149
227 149
230 149
232 150
235 150
237 150
240 150
242 150
244 150
247 151
249 151
251 151
253 151
254 151
256 151
257 152
258 152
259 152
260 152
261 152
262 152
263 152
263 151
263 150
263 149
263 148
263 147
264 146
264 145
264 143
264 141
265 139
265 137
266 135
266 133
267 130
267 128
268 125
268 122
269 120
269 117
270 114
270 111
271 109
271 106
272 104
272 101
272 99
273 97
273 95
273 94
273 92
273 91
274 90
274 89
274 88
274 87
273 87
273 86
274 86
275 86
276 86
277 86
278 86
279 87
280 87
282 88
283 88
285 89
286 90
288 91
290 92
292 93
295 95
297 96
299 98
301 100
304 102
306 104
308 107
310 109
312 112
314 115
316 118
318 121
319 124
321 127
322 130
324 134
325 137
327 140
328 144
329 147
330 150
331 153
331 157
332 160
332 163
332 166
332 169
332 172
332 175
331 179
330 182
329 185
327 188
326 191
324 194
322 197
319 200
317 203
314 206
311 209
308 212
304 214
301 217
297 219
294 222
290 224
286 226
282 228
277 230
273 232
269 234
265 235
260 237
256 238
251 239
247 240
243 241
238 241
234 242
230 242
226 242
222 242
218 241
215 240
211 239
208 238
204 236
201 235
198 233
195 231
192 228
189 226
187 224
184 221
181 218
179 215
177 212
174 209
172 206
170 202
168 199
166 196
165 192
163 189
162 185
161 181
160 177
159 174
158 170
158 166
158 162
158 158
158 154
158 150
159 146
160 142
161 139
162 135
163 131
164 127
165 123
166 120
168 117
169 113
171 110
172 107
173 104
175 102
176 99
178 97
179 95
181 93
182 92
183 91
185 89
186 88
187 88
188 87
189 86
190 86
191 86
191 85
192 85
193 85
194 85
193 85
193 86
