356
358 130
361 137
361 139
361 141
361 144
362 147
362 149
362 152
362 155
363 158
363 161
363 164
363 167
364 170
364 173
364 175
365 178
365 181
365 183
365 186
365 188
365 191
365 193
365 195
365 198
365 200
365 202
365 204
365 205
365 207
365 208
366 209
366 210
366 211
366 212
366 213
366 214
366 215
366 216
366 217
367 217
368 217
369 217
370 217
371 217
372 217
373 217
374 217
375 217
377 217
378 217
380 217
382 217
384 217
386 217
388 217
390 217
392 217
394 217
396 217
399 217
401 217
403 218
406 218
408 218
410 218
413 218
415 218
417 218
419 218
421 218
424 218
426 218
428 218
430 218
432 218
433 218
435 218
437 218
438 218
440 218
441 218
442 218
444 218
445 218
446 217
447 217
448 217
448 216
449 216
449 215
449 214
449 213
449 212
449 211
449 210
448 208
448 207
448 206
448 204
447 202
447 200
446 198
446 196
446 194
445 192
445 190
445 188
445 186
444 184
444 182
444 180
444 178
443 176
443 173
443 172
443 170
443 168
443 166
443 164
443 162
443 160
443 159
443 157
443 156
442 154
442 153
443 152
442 151
442 150
442 149
443 148
443 147
443 146
443 145
443 144
443 143
443 142
443 141
443 140
444 139
445 139
446 138
447 138
449 138
450 138
451 137
453 137
455 137
457 137
459 137
461 137
463 137
465 137
467 137
469 137
471 137
473 138
474 139
476 139
477 140
479 141
481 142
482 143
484 144
486 145
488 146
490 148
491 149
493 150
495 151
497 153
498 154
499 156
501 157
502 159
503 161
505 163
506 165
507 167
508 169
509 171
510 173
511 175
512 177
512 179
513 181
514 184
515 186
515 188
516 190
516 192
517 195
518 197
518 199
518 201
519 204
519 206
519 208
519 210
519 213
519 215
518 218
518 220
517 222
517 225
516 227
515 229
514 231
514 234
513 236
512 238
511 241
510 243
509 245
507 248
506 250
505 253
503 255
502 257
500 259
498 261
497 264
495 266
493 268
490 270
488 272
486 274
484 276
481 278
479 280
476 281
474 283
471 284
468 285
465 287
462 288
460 289
457 290
454 291
451 292
448 293
445 294
441 294
438 295
435 296
432 296
429 297
425 297
422 297
419 298
415 298
412 298
408 298
405 298
401 298
398 298
394 298
391 298
388 298
384 298
381 298
377 297
374 297
371 297
367 296
364 295
361 295
358 294
355 293
352 292
349 291
346 290
344 289
341 287
339 286
336 285
333 283
331 282
329 280
326 279
324 277
321 275
319 273
317 270
315 268
313 266
311 263
310 260
308 258
307 256
306 254
305 252
304 249
303 247
302 245
301 242
301 240
301 237
300 234
300 232
300 229
300 226
300 223
300 221
301 218
301 215
301 213
302 210
302 207
303 204
303 201
304 198
305 195
306 192
306 189
307 187
308 184
309 182
310 179
311 177
312 175
313 173
314 170
315 168
316 166
318 164
319 162
320 160
322 158
323 157
325 155
327 154
329 152
331 151
333 149
335 148
337 147
339 145
341 144
343 143
345 142
347 141
349 140
351 139
352 139
354 138
355 138
356 138
357 137
358 137
359 137
360 137
361 137
361 136
360 137
