376
345 154
348 160
349 163
349 166
350 169
351 171
351 174
352 176
352 180
352 183
353 185
353 188
353 191
353 195
353 198
353 201
353 204
353 207
353 210
352 213
352 216
352 219
352 222
352 225
352 228
352 231
352 234
353 237
353 240
353 244
353 248
352 250
352 253
352 256
352 259
352 263
352 267
351 269
351 272
351 276
350 278
349 280
349 283
348 285
347 287
347 290
349 291
352 291
355 291
358 291
362 291
365 291
369 291
372 292
376 292
379 292
381 293
384 293
387 293
389 294
392 294
395 294
398 294
400 295
403 295
406 295
409 295
411 296
414 296
417 296
420 296
424 296
427 296
429 297
432 297
435 297
437 298
440 298
442 299
445 299
448 299
451 300
454 300
457 300
458 298
458 295
458 292
458 289
458 286
458 283
457 281
457 278
457 275
457 272
457 269
456 267
456 264
456 261
456 258
456 254
456 250
456 247
457 245
457 242
457 239
457 236
457 233
457 230
458 227
458 223
458 219
458 216
458 213
458 210
458 207
458 204
458 201
458 198
458 195
458 192
458 189
458 186
458 183
458 180
458 177
458 174
458 171
458 168
457 166
458 163
460 164
462 165
464 166
466 167
468 168
470 169
472 170
474 171
476 172
478 173
480 174
482 175
485 177
487 179
489 180
491 182
493 183
495 185
497 187
500 189
502 191
504 193
506 196
508 198
510 200
511 202
513 204
515 207
517 209
518 211
520 213
521 216
522 218
523 220
524 223
526 226
527 229
529 232
530 235
531 238
532 241
533 244
533 248
534 251
534 255
535 258
535 261
536 263
536 266
536 270
537 272
537 276
537 279
537 283
538 286
538 289
538 292
538 295
537 297
537 300
537 303
536 305
536 308
535 310
534 313
533 315
532 317
531 320
530 323
528 325
527 327
526 329
525 331
524 333
522 336
520 338
519 341
517 343
515 346
513 348
512 350
510 352
508 354
506 357
504 359
502 360
500 362
497 364
495 366
493 367
491 369
489 370
487 372
484 373
482 375
480 376
478 377
476 378
473 380
470 381
467 382
465 383
462 384
459 385
457 386
454 387
451 388
447 389
444 389
441 390
438 391
435 391
433 392
430 392
426 393
422 393
418 394
415 394
411 394
407 394
403 394
401 395
397 395
393 395
389 395
385 394
381 394
377 394
373 394
371 393
367 393
364 393
362 392
358 392
356 391
352 391
350 390
345 390
343 389
339 388
336 388
334 387
332 386
328 385
326 384
323 384
321 383
318 382
316 381
313 380
308 379
306 378
303 377
301 376
298 375
296 374
293 373
291 372
287 371
284 369
282 367
280 365
278 363
276 361
274 359
273 357
272 355
271 353
269 350
268 347
266 344
265 341
264 338
263 335
262 333
261 330
260 327
260 323
259 321
259 318
259 314
258 312
258 309
258 305
258 301
258 297
258 293
258 289
259 286
259 282
260 278
260 274
261 272
261 268
262 266
263 262
264 259
265 255
266 253
267 249
268 245
269 243
270 240
271 238
272 235
273 233
275 230
276 227
278 224
280 221
281 219
283 216
285 215
286 213
288 210
290 209
291 207
294 205
296 202
298 200
300 199
301 197
303 195
305 194
306 192
309 190
312 188
315 186
318 184
321 182
324 180
327 178
329 176
331 175
333 173
335 172
337 171
339 169
342 168
344 166
346 165
348 164
350 163
352 162
354 161
357 161
