496
260 85
260 89
260 90
261 90
261 91
261 92
261 93
261 94
261 95
262 96
262 97
262 98
262 99
262 101
262 102
263 103
263 105
263 106
263 107
263 109
263 110
263 111
263 112
264 114
264 115
264 116
264 117
264 119
264 120
264 122
264 124
264 125
264 127
264 129
264 131
265 132
265 134
265 135
265 137
265 138
265 140
265 141
265 143
265 145
265 146
265 148
265 150
265 152
265 153
265 155
265 156
265 158
265 159
265 160
265 162
265 163
265 164
265 166
265 168
265 169
265 171
265 172
265 173
265 174
265 176
265 177
265 178
265 179
265 180
266 180
267 180
268 180
269 180
270 180
271 180
272 180
273 180
274 180
275 180
276 180
277 180
278 180
279 180
280 180
281 180
282 180
283 180
284 180
285 180
286 180
287 180
288 180
289 180
291 180
292 180
293 180
295 180
296 180
297 180
299 180
300 180
302 180
303 180
305 180
306 180
307 180
308 180
309 180
310 180
311 180
311 179
312 178
312 177
313 176
313 175
314 174
314 173
314 172
314 171
314 170
315 169
315 168
315 166
315 165
316 164
316 163
316 162
317 161
317 159
317 158
317 157
317 156
317 155
318 153
318 152
318 150
318 149
318 147
319 146
319 144
319 142
319 141
319 140
320 139
320 137
320 136
320 135
320 133
320 132
320 131
320 129
320 128
320 126
320 124
320 123
320 122
320 120
320 119
320 117
320 116
320 115
320 114
320 113
320 112
320 111
320 110
320 109
320 107
320 106
320 105
320 104
320 103
320 102
320 101
320 100
320 99
320 98
320 97
320 96
321 96
321 95
321 94
321 93
321 92
321 91
321 90
322 90
323 90
324 90
325 90
326 90
327 90
328 90
329 90
330 91
331 91
332 91
333 91
334 91
335 91
336 91
337 91
338 91
340 91
341 92
342 92
343 93
345 93
346 94
347 95
348 95
350 96
351 96
352 97
353 98
354 98
356 99
357 100
358 101
359 102
360 103
361 104
362 105
363 107
364 108
365 109
366 110
367 111
368 111
369 112
370 113
371 114
372 115
373 116
374 117
375 118
376 120
377 121
377 123
378 124
379 125
380 127
381 128
381 130
382 131
383 133
384 134
384 135
385 136
385 138
386 139
387 140
387 141
388 143
388 144
389 146
390 148
390 149
390 151
391 153
391 155
391 156
392 158
392 159
392 161
392 162
393 164
393 166
393 168
393 170
393 172
393 174
393 176
393 177
393 179
393 181
393 182
393 184
392 186
392 187
392 189
391 191
390 193
390 195
389 197
389 199
388 200
387 202
387 204
386 205
385 207
385 208
384 210
383 211
383 213
382 215
381 217
380 219
379 220
379 222
378 223
377 225
376 226
375 227
374 228
373 229
372 231
371 232
369 233
368 234
367 236
365 237
364 238
363 240
361 241
360 243
358 244
357 245
355 246
354 247
352 248
350 249
348 250
346 250
345 251
343 252
341 253
339 254
337 254
335 255
333 256
331 256
329 257
327 257
325 258
323 258
321 259
319 259
317 259
315 259
313 259
311 260
309 260
307 260
304 260
302 260
300 260
297 260
295 260
293 259
291 259
288 259
286 259
284 259
282 258
279 258
277 258
274 257
272 257
269 256
267 256
265 256
262 255
260 254
258 253
256 253
254 252
251 251
249 251
247 250
245 249
243 248
241 248
239 247
236 246
234 244
232 243
230 242
227 240
225 239
223 237
222 236
220 234
218 233
216 231
214 230
213 229
211 227
209 226
208 225
206 223
205 221
204 220
203 218
201 216
200 215
199 213
199 211
198 210
197 208
197 206
196 205
196 203
196 202
195 200
195 198
194 196
194 194
193 192
193 190
193 188
193 186
192 184
192 182
192 181
192 179
192 177
192 175
192 173
192 171
192 169
192 167
193 165
193 163
193 161
194 159
194 157
194 156
195 154
195 152
195 150
196 148
196 146
197 144
197 142
198 141
199 139
199 137
200 136
201 134
202 133
203 132
203 130
204 129
205 127
206 126
207 124
208 123
209 122
210 120
211 119
212 118
213 117
214 116
216 115
217 114
218 113
219 112
220 112
221 111
222 111
223 110
224 110
225 109
226 108
227 107
228 107
229 107
230 106
231 106
231 105
232 105
233 105
234 104
235 104
236 103
237 103
238 102
239 102
240 101
241 101
242 100
243 100
244 100
245 99
246 99
247 99
248 99
249 99
250 99
251 99
252 98
253 98
253 99
254 99
255 98
