467
208 46
207 50
208 51
208 53
208 54
208 55
208 57
208 58
208 60
208 62
208 64
208 66
208 67
208 69
208 71
208 73
208 75
208 78
207 80
207 83
207 85
207 88
207 90
207 93
207 95
207 98
207 100
207 103
207 106
207 109
207 112
207 115
207 117
208 120
208 123
208 126
208 129
208 132
208 135
208 138
209 141
209 143
209 146
209 149
209 152
209 154
209 157
209 159
208 161
208 163
208 165
208 167
208 169
208 171
208 172
208 173
208 174
208 175
209 176
208 176
209 177
210 177
211 177
212 177
213 177
214 177
215 177
216 177
217 178
218 178
219 178
221 178
222 178
224 178
226 178
227 178
229 178
231 178
233 178
235 178
237 178
239 178
241 178
243 178
245 178
247 178
249 178
251 178
253 179
255 179
257 179
259 179
261 179
263 179
264 179
265 180
267 180
268 180
269 180
270 180
271 180
271 181
272 181
273 181
273 180
272 180
272 179
272 178
272 177
272 176
272 175
272 174
272 173
271 172
271 171
271 170
271 168
271 167
271 165
271 164
271 163
271 161
270 160
270 159
270 157
270 156
269 154
269 152
269 150
269 148
269 146
269 144
268 142
268 140
268 138
267 137
267 135
266 132
266 130
265 128
265 126
265 123
265 121
265 119
265 117
265 114
265 112
264 110
264 107
264 105
264 103
264 100
264 98
264 96
264 93
264 91
264 89
264 86
264 84
264 82
264 80
264 77
264 75
264 72
264 70
264 68
264 67
264 65
264 63
264 61
264 60
264 58
264 56
264 55
264 54
264 53
264 52
264 51
265 50
266 49
267 49
267 48
268 48
269 48
270 48
271 48
272 48
273 48
274 48
275 48
276 49
277 49
279 49
280 49
281 50
283 50
284 51
285 51
287 51
288 52
290 53
292 53
293 54
295 55
297 56
298 57
300 58
302 60
304 61
305 62
307 64
309 65
310 66
312 67
313 69
315 70
317 71
318 73
320 74
321 76
323 78
325 80
326 81
328 83
329 85
331 87
332 88
333 90
335 92
336 94
337 95
338 97
339 99
340 102
342 104
343 106
344 108
345 110
346 112
347 114
348 116
349 118
349 120
350 122
350 125
351 127
351 129
352 131
352 134
353 136
353 138
354 140
354 142
354 145
354 147
355 150
355 152
355 155
355 157
355 160
355 162
355 164
355 167
355 169
355 172
354 174
354 176
354 179
353 181
353 183
353 186
352 188
352 190
351 193
350 195
350 198
349 200
348 202
347 204
346 206
345 208
344 210
342 212
341 215
339 217
338 219
337 221
335 223
333 225
332 227
330 229
328 231
326 233
324 235
322 237
320 239
317 241
315 243
313 244
310 246
308 248
305 249
302 250
299 252
296 253
293 254
290 255
287 256
284 257
281 259
278 260
275 261
271 262
268 263
264 264
261 264
258 265
254 266
251 266
247 267
243 267
239 268
236 268
232 268
228 268
225 268
221 268
217 268
213 268
209 268
206 267
203 267
199 266
196 265
192 265
189 264
186 263
183 262
180 261
177 259
174 258
172 257
169 256
166 255
164 254
161 252
159 251
157 249
155 248
153 246
151 245
149 243
147 241
145 239
143 237
141 234
139 232
138 230
136 228
135 226
134 224
132 222
131 219
130 217
129 214
128 212
127 209
126 207
126 205
125 202
124 199
123 197
123 194
122 191
121 189
121 186
120 183
120 181
119 178
119 175
119 173
118 170
118 167
118 164
117 161
117 158
118 155
118 153
118 150
118 147
119 144
119 141
120 139
120 136
121 133
122 130
123 128
123 125
124 122
125 120
126 117
127 115
127 112
128 110
129 108
129 105
130 103
131 100
132 98
133 96
134 94
135 92
136 90
137 88
138 86
139 85
141 83
142 81
143 80
145 78
146 76
148 75
149 73
150 72
151 71
153 70
154 69
155 68
157 67
158 66
160 65
161 65
163 64
164 63
166 62
167 62
168 61
170 61
171 60
172 60
173 59
175 59
176 58
177 58
178 58
180 57
181 57
183 57
184 56
185 56
187 56
188 56
189 56
190 55
191 55
192 55
193 55
194 55
195 55
196 55
197 55
198 55
199 55
200 55
201 54
202 54
203 53
