217
199 82
200 86
200 87
200 88
200 90
200 91
200 93
200 95
200 96
200 98
200 100
201 102
201 104
201 106
201 108
201 110
201 112
201 114
201 116
201 118
202 120
202 121
202 123
202 124
202 126
203 127
203 128
203 129
203 130
203 131
204 132
204 131
205 131
206 131
207 130
208 130
209 130
210 130
211 130
212 130
214 130
215 130
217 130
219 129
220 129
222 129
224 129
226 129
227 130
229 130
231 130
232 130
234 130
235 130
237 130
238 130
239 130
240 130
241 130
242 130
243 130
243 131
244 131
244 130
244 129
244 128
244 127
245 126
245 125
245 124
245 122
245 121
246 119
246 117
246 115
246 113
247 111
247 109
247 106
248 104
248 102
248 100
248 97
249 95
249 94
249 92
249 90
249 89
249 87
250 86
250 85
250 84
250 83
251 84
252 84
253 84
254 84
255 85
256 85
257 85
258 86
259 86
261 87
262 88
264 88
266 89
268 90
270 92
272 93
274 95
277 97
279 98
281 101
284 103
286 105
288 108
290 110
292 113
294 116
296 119
298 122
299 126
301 129
302 133
303 136
304 140
305 143
305 147
306 151
306 154
306 158
306 161
305 165
304 169
303 172
302 175
300 179
298 182
296 186
294 189
291 192
288 196
285 199
282 202
278 205
275 208
271 211
267 213
263 216
259 218
254 220
250 222
246 224
241 226
237 227
232 228
228 229
223 230
219 231
215 231
210 231
206 231
202 230
198 230
194 229
191 227
187 226
183 224
180 222
177 220
173 218
170 215
168 213
165 210
162 206
160 203
158 200
156 196
154 192
152 188
151 185
150 181
149 177
148 173
147 169
147 164
147 160
147 156
148 152
148 147
149 143
150 139
152 134
154 130
155 126
157 122
160 118
162 114
164 111
167 107
169 104
172 101
174 98
177 96
180 93
182 91
185 90
187 88
189 87
191 86
192 86
194 85
195 85
196 85
197 85
198 85
199 85
