221
187 68
188 72
188 73
188 75
188 76
188 77
188 79
188 80
188 82
189 84
189 86
189 89
189 91
189 94
189 97
189 99
189 102
190 105
190 108
190 110
190 113
190 116
190 118
190 120
191 122
191 124
191 126
191 127
191 129
192 130
192 131
193 132
194 132
195 132
196 132
196 131
197 131
198 131
199 131
200 131
202 131
203 131
204 131
206 131
208 131
210 131
212 131
214 131
216 132
218 131
220 132
223 132
225 132
227 132
229 132
231 132
233 132
234 132
236 132
238 132
239 133
240 133
241 133
242 133
243 133
244 133
244 132
244 131
244 130
244 129
245 127
245 126
245 124
245 122
246 120
246 118
246 116
247 113
247 111
248 108
248 105
249 102
249 99
249 96
250 94
250 91
251 88
251 86
251 84
251 81
251 80
252 78
252 76
252 75
252 73
252 72
252 71
251 71
251 70
251 69
252 69
253 69
253 70
254 70
255 71
256 71
257 72
259 73
260 73
261 74
263 75
265 76
266 77
268 79
270 80
272 82
274 84
276 86
278 88
280 90
282 93
284 95
286 98
288 101
290 104
291 108
293 111
294 114
295 118
297 122
297 125
298 129
299 133
300 137
300 140
301 144
301 148
301 151
301 155
300 158
300 162
299 166
298 169
296 173
295 176
293 179
291 183
288 186
286 189
283 192
280 195
277 198
273 201
270 203
266 206
262 208
258 210
253 212
249 214
244 216
240 217
235 218
231 220
226 221
221 221
216 222
212 222
207 222
202 222
198 221
189 219
185 218
181 216
176 214
173 212
169 209
165 207
162 204
159 200
155 197
153 194
150 190
147 186
145 182
143 178
141 174
140 170
138 165
137 161
137 157
136 152
136 148
137 143
137 139
138 134
139 130
140 126
142 121
143 117
145 113
147 110
149 106
151 103
153 99
155 96
157 94
159 91
161 88
164 86
166 84
168 83
170 81
172 80
174 78
175 77
177 77
179 76
180 75
181 75
182 75
183 75
