341
366 123
366 128
366 130
365 132
365 135
365 137
364 141
364 144
364 147
363 150
363 153
363 157
363 160
363 163
363 165
362 168
362 170
362 173
362 176
362 178
362 181
362 183
362 185
362 188
362 190
362 192
361 194
361 196
361 197
361 199
361 200
361 201
361 203
361 204
361 205
361 206
361 207
361 208
361 209
362 210
363 210
364 211
365 211
366 211
368 211
369 211
370 211
372 212
374 212
375 212
377 212
379 212
381 212
383 213
385 213
387 213
389 213
391 213
394 213
396 213
398 214
400 214
402 214
404 214
406 214
409 215
411 215
413 215
414 215
416 215
418 216
420 216
422 216
423 216
425 216
426 216
428 216
429 216
431 215
432 215
433 215
434 215
435 215
436 215
437 215
438 215
438 214
439 214
440 214
441 213
441 212
441 211
441 210
441 209
441 208
441 207
441 206
441 204
441 202
440 201
440 199
440 197
440 195
440 193
440 190
439 188
439 186
439 184
439 182
439 180
439 178
438 176
438 174
438 172
438 170
438 168
438 166
438 164
438 162
438 160
438 158
438 157
438 155
438 153
438 151
438 150
438 148
438 147
438 145
438 144
439 143
439 141
439 140
439 139
439 138
439 137
439 136
439 135
439 134
439 133
439 132
439 131
440 130
441 130
441 129
442 129
443 129
444 129
445 129
446 129
447 129
448 129
449 129
451 130
452 130
454 131
455 131
457 132
458 132
460 133
462 134
464 135
465 136
467 137
469 138
470 139
472 140
473 142
475 143
476 144
477 146
479 148
480 150
481 152
482 153
483 155
484 157
485 159
486 161
487 162
488 164
488 165
489 167
489 169
489 170
490 172
490 174
491 176
491 178
491 179
492 181
492 183
493 185
493 187
493 189
493 191
493 193
494 195
494 198
494 200
494 202
493 204
493 207
493 209
493 211
492 216
491 218
491 221
490 223
489 225
488 227
487 229
486 231
485 233
484 235
483 237
481 239
480 241
479 243
477 244
475 246
474 248
472 249
470 251
468 252
466 254
464 255
461 256
459 257
457 259
454 260
451 261
449 262
446 263
443 265
441 266
438 266
435 267
432 268
430 269
427 270
424 270
421 271
418 271
415 272
412 272
409 273
407 273
404 273
401 273
398 273
395 273
393 273
390 273
387 272
384 272
381 272
378 271
376 271
373 271
370 270
367 270
364 269
362 268
359 268
357 267
354 266
352 265
349 264
347 263
345 262
343 261
341 260
339 258
337 257
335 255
334 254
332 252
331 250
329 248
328 246
326 244
325 242
324 239
323 237
321 235
320 232
320 230
319 227
318 225
317 222
317 219
316 216
316 214
316 211
315 209
315 206
315 203
315 201
315 198
315 195
315 192
315 190
315 187
316 184
316 181
316 179
317 177
317 174
317 172
318 170
319 168
319 166
320 164
321 162
322 160
323 158
324 156
325 155
327 153
328 152
330 150
332 149
334 147
336 146
338 145
340 143
342 142
344 141
346 139
349 138
351 137
353 136
355 135
357 135
359 134
360 133
361 133
362 133
363 132
364 132
