346
338 121
339 128
339 131
339 134
340 136
340 139
340 142
341 144
341 147
341 150
342 152
342 155
342 158
342 161
342 164
341 167
341 170
341 173
341 176
341 179
341 182
341 185
341 188
341 191
341 194
341 197
341 200
341 203
341 206
341 209
341 212
341 215
341 218
341 221
341 224
341 227
340 229
340 232
340 235
340 238
340 241
339 243
339 246
341 247
344 247
346 246
349 246
352 246
355 246
357 245
360 245
363 245
366 245
369 245
372 245
375 245
377 246
380 246
383 246
385 245
387 246
389 245
392 246
395 245
398 245
401 245
405 245
409 245
413 245
417 245
420 245
423 245
426 245
429 245
432 245
435 245
438 245
439 242
439 239
439 236
439 233
439 230
439 227
439 224
439 221
439 217
439 214
438 212
438 209
438 206
438 203
438 199
437 197
437 194
437 190
437 187
436 185
436 182
435 179
435 176
435 173
435 169
435 166
435 163
435 160
435 157
434 155
434 152
434 149
434 146
433 144
433 141
432 138
432 135
431 133
433 132
435 133
437 134
440 135
443 136
445 137
447 138
449 139
451 140
453 141
455 143
457 144
459 145
460 147
462 148
464 150
466 152
468 153
470 155
472 156
473 158
475 159
477 161
479 163
481 165
482 167
484 168
485 170
487 172
488 174
490 175
491 177
492 179
494 181
495 184
496 186
497 188
497 192
498 194
499 197
499 200
500 202
500 205
501 207
501 210
502 212
502 215
502 218
502 221
503 223
503 227
503 230
502 233
502 236
502 239
501 241
501 245
500 247
500 250
499 252
498 256
497 259
497 262
496 264
495 266
495 269
494 271
493 274
492 276
491 278
490 280
489 282
487 285
486 287
484 289
483 291
481 293
480 295
478 297
476 299
474 301
472 303
470 305
468 306
466 308
464 309
462 310
460 311
458 313
455 314
453 315
451 316
449 317
446 318
443 319
440 320
438 321
436 322
433 323
430 324
427 325
423 325
420 326
418 327
415 327
413 328
410 328
408 329
405 329
401 330
397 330
393 330
391 331
387 331
383 331
379 331
375 331
371 331
367 331
363 331
359 331
356 331
353 330
350 330
347 329
344 329
341 328
338 328
336 327
333 327
330 326
328 325
326 324
323 323
320 322
316 321
313 320
310 319
307 318
305 317
302 316
300 315
298 314
295 312
293 311
290 309
288 307
286 305
284 304
282 302
280 300
278 298
276 295
274 293
273 291
271 288
270 286
268 283
267 281
266 279
265 277
264 274
263 271
263 268
262 266
261 263
261 260
260 257
259 255
259 252
258 249
258 246
258 243
258 240
258 237
258 234
258 231
259 228
259 225
260 223
260 220
261 217
262 214
263 211
264 208
265 205
266 203
267 200
268 197
270 195
271 192
272 189
274 186
275 183
277 180
279 178
280 175
282 173
284 170
286 168
287 165
289 162
291 160
293 158
295 156
297 154
299 152
301 150
303 149
305 147
307 146
309 144
311 142
314 141
316 139
318 138
320 137
322 136
324 135
326 134
328 133
331 132
333 131
335 130
338 129
340 128
343 128
345 127
348 127
350 126
350 125
