544
256 60
258 63
258 64
258 65
258 66
258 67
258 68
258 69
258 70
259 71
259 72
259 74
259 75
259 76
259 77
259 78
259 80
259 81
259 82
259 84
259 85
259 86
259 88
259 89
260 90
260 91
260 92
260 94
260 95
260 96
260 98
260 99
260 100
260 102
261 103
261 105
261 106
261 108
261 109
261 111
261 112
261 113
261 114
261 115
261 117
261 118
261 119
261 121
261 122
261 123
261 125
262 126
262 128
262 129
262 131
262 132
261 133
261 135
261 136
261 137
261 138
261 139
261 140
261 141
261 142
261 143
261 144
261 145
262 146
262 145
263 145
264 145
265 146
266 146
267 146
268 146
269 146
270 146
271 146
273 146
274 146
275 146
277 146
279 147
280 147
282 147
284 147
285 147
287 147
289 147
291 147
292 147
294 147
296 147
299 147
301 147
303 147
305 147
306 148
307 148
309 148
310 148
311 148
313 148
314 148
315 148
316 148
317 148
318 148
319 148
319 147
319 146
319 145
319 144
319 143
319 142
319 141
320 140
320 139
320 138
320 137
320 136
320 135
320 134
320 133
320 132
320 130
320 129
320 128
320 126
319 125
319 123
319 122
319 120
319 119
319 117
318 116
318 115
318 114
318 112
318 111
318 110
318 109
318 107
317 106
317 104
317 103
317 101
317 100
317 98
317 97
317 95
317 94
316 93
316 92
316 91
316 90
316 88
316 87
316 86
316 84
316 83
315 82
315 80
315 79
315 77
315 76
315 75
315 74
315 73
315 72
315 71
315 70
315 69
314 69
314 68
314 67
314 66
314 65
315 65
316 65
317 65
318 65
319 65
319 66
320 66
321 66
322 66
323 66
324 66
325 66
326 67
327 67
328 67
329 67
330 67
330 68
331 68
332 68
333 68
334 69
335 69
336 70
338 70
339 71
340 71
341 72
342 73
343 73
344 74
345 75
347 75
348 76
349 77
350 78
351 79
353 80
354 81
355 82
356 83
357 84
358 85
359 86
360 87
361 88
362 89
363 89
364 90
366 91
367 92
368 93
369 94
369 95
370 96
371 97
372 98
373 99
374 100
374 102
375 103
376 104
376 106
377 107
378 108
378 109
379 110
380 111
380 112
381 113
382 115
382 116
383 117
383 118
384 119
384 121
384 122
385 124
385 125
386 127
386 128
386 130
387 132
387 133
387 134
388 136
388 137
388 138
388 140
388 141
389 143
389 145
389 146
389 148
388 150
389 151
388 153
388 155
388 156
388 157
388 159
388 160
387 161
387 162
387 164
386 165
386 166
386 168
385 169
385 171
385 172
384 174
384 175
384 177
383 178
383 179
382 180
382 182
382 183
381 184
381 185
380 186
380 187
379 189
379 190
378 191
378 192
377 194
377 195
376 197
375 198
375 199
374 200
373 202
372 202
372 203
371 204
370 205
369 206
368 207
367 208
366 209
365 210
364 211
363 212
362 213
361 214
360 215
359 216
358 217
357 218
356 219
355 220
354 221
353 222
351 223
350 224
349 224
347 225
346 226
344 226
343 227
342 227
340 228
339 228
337 229
336 230
334 230
333 231
331 232
329 232
328 233
326 234
324 234
322 235
320 235
318 236
316 236
315 237
313 237
311 237
309 238
307 238
305 239
303 239
301 239
299 239
297 239
294 240
292 240
291 240
289 240
287 240
285 239
283 239
281 239
278 239
276 239
274 239
272 239
270 239
268 239
266 238
264 238
262 238
260 238
258 237
256 237
254 237
252 237
250 236
248 236
246 236
244 235
243 235
241 235
239 234
237 234
236 233
234 233
232 233
230 232
228 231
226 231
224 230
223 229
221 229
220 228
218 227
216 226
214 225
213 224
211 223
209 222
208 221
206 220
204 218
202 217
201 216
199 214
198 213
196 211
195 210
193 208
192 207
191 206
190 204
188 203
187 201
186 200
184 198
183 196
182 194
181 193
180 191
179 189
178 187
177 185
176 183
176 182
175 180
174 178
174 176
174 174
173 172
173 170
173 168
172 166
172 164
172 163
171 161
171 159
171 157
171 156
171 154
171 152
171 150
170 148
170 146
171 145
171 143
171 141
171 139
171 138
171 136
172 135
172 133
172 132
173 130
173 128
173 126
174 125
174 123
175 121
175 120
176 118
177 117
177 115
178 114
179 113
180 111
181 109
182 108
183 106
184 105
185 103
186 101
188 100
189 98
190 96
192 95
193 94
194 93
195 91
196 90
197 89
198 88
200 87
201 86
202 85
203 83
204 82
206 81
207 80
208 79
210 78
211 77
212 76
214 75
215 74
216 74
217 73
218 73
219 72
220 72
221 71
222 70
223 70
224 69
225 69
226 69
227 68
228 68
229 68
230 68
231 68
232 68
233 68
234 68
235 68
236 68
237 67
238 67
239 67
240 67
241 67
242 67
243 67
244 67
245 67
246 67
247 67
247 66
247 67
248 67
