375
368 153
369 158
369 161
369 164
369 167
369 171
369 174
369 177
369 180
369 183
369 186
370 189
370 192
370 195
370 199
369 201
369 204
369 207
368 209
368 212
368 216
367 220
367 223
367 226
367 229
366 231
366 234
366 238
365 241
365 244
365 247
365 250
365 253
365 256
365 259
365 262
365 266
364 268
364 271
364 274
364 277
363 279
365 280
368 280
371 280
374 279
377 279
380 279
383 279
386 279
390 279
393 279
397 279
400 279
404 279
408 279
411 280
415 280
419 280
423 280
427 280
431 280
435 281
438 281
442 281
446 281
450 282
454 282
458 282
461 282
463 283
467 283
471 283
475 283
477 284
480 284
484 284
487 284
490 284
491 282
491 279
491 276
491 273
491 270
491 267
491 264
491 261
491 258
492 256
492 253
492 250
492 247
492 244
492 241
492 238
492 235
492 232
492 228
493 225
493 222
493 219
494 216
494 212
495 209
495 205
495 202
496 200
496 197
496 194
497 191
497 187
497 183
497 180
497 177
496 175
496 172
496 169
497 167
499 168
501 169
504 170
506 171
508 172
510 173
512 175
514 176
516 178
519 179
521 181
524 183
526 185
528 186
530 188
532 190
534 192
536 195
538 196
540 199
542 201
544 203
546 205
547 207
549 210
551 213
553 216
554 218
556 221
557 225
558 227
560 230
561 234
562 237
563 239
564 243
564 247
565 249
565 253
566 255
566 259
567 261
567 265
567 269
567 273
567 278
567 282
567 286
567 290
567 294
566 296
566 300
566 304
565 306
565 310
564 313
564 316
563 318
563 321
562 323
561 326
560 328
559 331
558 334
556 336
555 338
553 340
552 342
550 344
547 347
545 349
542 351
541 353
539 354
536 356
534 358
532 359
530 360
527 362
525 363
523 364
521 365
519 366
517 367
515 368
513 369
511 370
509 371
507 372
505 373
501 374
499 375
497 376
495 377
492 377
490 378
488 379
486 380
483 381
478 382
476 383
473 384
470 384
468 385
465 386
460 387
455 388
450 388
448 389
445 389
442 389
440 390
437 390
434 390
429 390
426 390
423 390
420 390
417 390
414 390
409 390
406 390
403 390
401 389
398 389
395 389
393 388
390 388
387 388
385 387
382 387
379 386
374 385
372 384
369 384
366 383
364 382
361 382
359 381
356 380
353 380
351 379
348 378
345 378
343 377
340 376
337 375
335 374
332 373
329 373
327 372
324 371
322 370
320 369
317 367
315 366
313 365
310 364
308 363
306 362
304 360
302 359
300 357
298 356
296 355
294 353
292 352
290 350
287 347
285 346
284 344
282 343
281 341
279 340
277 337
275 334
273 331
272 329
270 326
268 323
267 321
266 318
265 316
264 313
263 310
262 308
262 305
261 303
261 299
261 295
261 291
261 288
261 284
262 282
262 278
263 275
263 271
264 269
265 266
266 263
267 261
268 258
269 254
270 251
271 249
272 246
273 244
275 241
276 238
277 236
279 234
280 232
282 229
284 226
286 223
288 222
289 220
291 217
293 216
294 214
296 212
298 210
300 208
301 206
304 204
306 201
309 199
311 196
313 195
316 192
319 190
321 188
323 187
325 185
327 184
329 182
331 181
333 179
335 178
337 177
340 175
342 173
345 172
347 170
350 169
352 168
354 166
356 165
358 164
360 163
362 162
364 161
366 160
369 159
372 159
374 158
376 158
