491
272 67
274 72
274 73
274 74
275 75
275 76
275 77
275 78
275 79
275 81
275 82
275 84
276 85
276 86
276 88
276 90
276 92
276 93
276 94
276 95
276 97
276 99
276 100
276 102
276 103
276 105
276 107
276 109
276 110
276 112
276 113
276 115
276 116
276 117
276 119
276 120
276 122
276 124
276 125
276 127
276 128
276 130
276 132
276 133
275 134
275 135
275 137
275 138
275 139
275 140
275 141
275 142
275 143
275 144
275 145
275 146
275 147
275 148
276 149
277 149
278 149
279 149
280 149
281 149
282 149
283 149
284 149
285 149
286 149
287 149
288 149
289 149
290 149
291 149
293 149
294 149
296 149
297 149
299 148
300 148
302 148
304 148
305 148
307 148
308 148
310 148
312 148
314 148
315 148
317 148
319 148
321 148
323 148
324 147
326 147
328 147
329 147
330 147
332 147
333 147
334 147
335 147
336 147
336 146
336 145
336 144
337 144
337 143
337 142
337 141
337 140
337 139
337 138
337 137
337 136
337 135
337 134
336 133
336 132
336 131
336 130
336 128
336 127
336 125
336 124
336 122
335 121
335 119
335 118
335 117
334 116
334 114
334 113
334 112
333 111
333 109
333 108
333 107
333 105
333 104
332 102
332 101
332 99
332 98
332 97
332 95
332 94
331 93
331 92
331 91
331 90
331 89
330 88
330 87
330 86
330 85
330 83
330 82
330 81
330 80
329 79
329 78
329 77
329 76
329 75
329 74
328 73
328 72
329 72
330 72
331 72
332 72
333 72
334 72
335 72
336 72
337 72
338 72
339 72
340 72
341 72
342 72
343 73
344 73
346 73
347 73
348 73
349 73
350 73
351 74
352 74
353 74
354 75
355 75
356 76
357 76
358 76
358 77
359 77
360 78
361 78
362 79
363 79
364 80
365 81
366 81
367 82
368 83
369 83
370 84
371 85
372 85
373 86
374 87
375 87
376 88
377 89
378 89
378 90
379 91
380 91
381 92
382 93
383 94
383 95
384 96
385 97
386 98
387 99
387 101
388 102
389 103
390 105
391 106
392 107
392 109
393 110
394 111
395 112
396 113
396 115
397 116
398 117
398 118
399 120
399 121
400 123
400 124
401 126
401 128
401 129
402 131
402 133
403 134
403 136
403 137
403 138
404 140
404 141
404 143
404 145
404 147
404 149
404 151
404 153
404 154
404 156
404 158
404 159
404 161
404 163
404 165
403 166
403 169
402 171
402 173
402 175
401 176
400 178
400 180
399 182
399 183
398 185
397 187
397 188
396 190
395 192
394 194
393 196
392 198
391 199
390 201
389 202
388 204
387 205
386 206
384 208
383 209
382 210
381 211
380 213
379 214
378 215
377 216
376 218
374 219
373 220
371 222
370 223
368 224
366 225
365 226
363 227
361 228
359 228
358 229
356 230
354 231
352 232
350 233
348 234
346 234
344 235
342 236
339 237
337 238
335 238
333 239
331 240
329 240
327 241
325 241
322 241
320 242
318 242
316 242
314 242
312 242
310 242
308 242
306 242
303 241
301 241
299 241
297 241
294 240
292 240
290 240
288 239
286 239
284 238
282 238
279 238
277 237
275 237
273 236
271 236
269 235
267 235
265 234
263 233
261 233
260 232
258 232
256 231
254 230
252 229
250 229
248 228
247 227
245 226
244 225
242 224
241 223
239 222
238 220
236 219
235 217
233 216
232 214
230 213
229 211
227 209
226 208
225 206
224 205
222 203
221 201
220 200
219 198
218 196
217 194
216 192
215 190
213 188
212 187
212 185
211 183
210 181
209 179
208 177
208 175
207 173
207 171
206 169
206 167
205 165
205 163
205 161
204 159
204 158
204 156
204 154
204 152
204 150
204 148
204 146
205 144
205 142
205 140
206 139
206 137
206 135
207 134
207 132
208 130
208 128
209 126
209 125
210 123
211 121
212 119
212 118
213 116
214 115
214 113
215 112
216 111
216 109
217 108
218 106
218 105
219 104
220 102
220 101
221 99
222 98
222 97
223 96
224 95
225 94
226 93
227 92
228 91
229 91
230 90
231 89
232 89
233 88
234 87
235 86
236 86
237 85
238 84
239 84
240 83
241 82
242 82
243 81
244 80
245 80
246 80
247 79
248 79
249 78
250 78
251 78
252 77
253 77
254 77
255 77
256 76
257 76
258 76
259 76
260 76
261 76
262 76
263 76
262 76
261 76
