329
355 155
357 162
358 164
358 167
358 170
359 173
359 176
359 179
359 182
359 185
359 188
359 191
359 194
359 197
359 200
359 203
358 206
358 209
358 212
358 216
358 219
358 222
358 225
358 228
358 232
358 235
358 238
358 241
358 244
357 247
357 251
357 254
357 257
357 260
357 263
357 266
357 269
357 272
357 276
357 279
357 282
358 284
361 284
365 283
369 283
373 283
376 283
379 283
382 283
386 283
389 283
392 283
395 283
398 283
401 283
403 284
406 284
409 284
413 284
416 284
420 284
423 285
426 285
430 285
434 285
436 286
439 286
442 286
444 287
447 287
448 285
448 282
448 279
448 276
448 273
447 270
447 266
447 263
446 260
446 257
446 254
445 251
445 247
445 243
444 241
444 238
444 235
444 232
444 228
444 224
443 222
443 219
443 216
443 213
443 210
443 206
443 203
443 199
443 195
442 191
442 188
442 185
441 183
441 180
441 177
440 175
440 172
442 174
445 175
448 175
450 176
453 177
455 178
457 179
459 180
461 181
463 182
465 184
467 186
469 187
471 189
472 191
474 193
476 194
478 196
481 198
483 200
485 202
486 204
488 206
490 208
491 211
493 213
495 216
496 218
497 220
499 222
500 225
501 227
502 229
503 231
504 234
505 237
506 240
507 243
508 245
509 248
509 252
510 255
511 258
511 261
512 263
512 266
512 270
513 273
513 276
513 280
513 283
513 286
512 288
512 291
512 295
511 298
511 302
510 305
510 309
509 312
508 315
508 318
507 321
506 324
504 327
503 329
502 331
501 333
500 335
499 337
497 339
495 342
494 344
492 346
490 348
488 351
486 353
484 355
481 357
478 359
476 361
474 362
471 364
468 366
465 367
462 369
460 370
457 371
455 372
452 373
450 374
446 375
442 376
440 377
436 378
433 378
429 379
425 379
423 380
420 380
416 381
413 381
408 381
404 382
401 382
396 382
391 382
386 382
382 382
377 382
373 381
370 381
366 380
361 379
357 378
353 377
350 377
348 376
346 375
341 374
339 373
336 373
334 372
332 371
329 370
325 369
323 368
320 367
318 366
316 365
314 364
312 363
310 362
308 361
306 359
304 358
301 356
299 354
297 353
295 351
292 348
290 347
288 346
287 344
285 342
282 339
280 336
279 334
277 331
276 329
275 327
274 325
273 321
271 318
270 314
269 310
268 305
267 303
266 299
266 295
265 293
264 288
264 284
264 280
263 278
263 275
263 271
263 267
263 263
264 259
264 255
265 251
265 247
266 245
267 241
268 239
269 235
270 233
271 231
272 227
273 225
275 222
276 220
277 218
278 216
281 213
282 211
285 208
286 206
288 205
289 203
291 202
293 200
296 197
298 196
299 194
301 193
302 191
304 190
307 188
310 186
313 184
316 182
318 181
321 179
324 177
326 176
329 174
332 172
335 171
338 170
341 168
344 167
347 166
350 165
352 164
354 163
357 163
359 162
362 162
364 161
366 160
