451
279 73
279 77
279 78
279 79
279 80
279 81
280 82
280 83
280 84
280 85
280 87
280 88
280 89
280 90
280 91
280 92
280 94
280 95
280 96
280 98
281 100
281 102
281 104
281 105
281 107
281 109
281 111
281 113
281 114
281 116
281 118
281 120
282 122
282 124
282 126
282 128
282 130
282 132
282 134
282 136
282 137
282 139
282 141
282 143
282 144
282 146
282 148
282 149
282 151
282 152
281 154
281 155
281 156
281 157
281 158
281 159
282 159
283 159
284 159
285 159
286 159
287 159
288 159
289 159
290 159
292 159
293 159
295 159
297 159
299 159
301 159
304 159
306 159
308 159
310 159
313 159
315 159
317 159
320 159
322 159
324 158
327 158
329 158
331 158
333 158
335 158
337 158
338 157
340 157
341 157
342 157
343 157
344 157
345 157
346 157
346 156
347 156
347 155
347 154
347 153
347 152
348 151
348 150
348 149
348 148
348 147
348 146
348 145
348 143
349 142
349 141
349 139
349 138
349 137
349 136
349 134
349 133
349 131
349 130
349 128
349 126
349 124
349 123
349 121
349 119
349 117
349 116
349 114
349 113
349 111
349 109
349 108
348 106
348 104
348 102
348 100
348 98
348 97
348 95
348 93
348 92
348 90
348 89
348 88
348 86
348 85
348 83
348 82
348 80
348 79
348 78
348 77
348 76
348 75
347 74
348 73
347 73
347 72
347 71
347 70
347 69
348 68
348 69
349 69
350 69
351 69
352 69
353 69
354 70
355 70
356 71
357 71
358 71
359 72
360 72
361 72
362 73
363 73
365 73
366 74
367 74
368 75
369 75
370 76
371 76
373 77
374 77
375 78
376 79
377 80
378 80
379 81
380 82
381 83
382 84
383 85
384 86
385 87
387 88
388 89
389 89
390 90
391 91
392 92
394 93
395 94
396 95
397 96
398 97
399 99
400 100
401 102
402 103
403 105
404 106
405 108
406 110
407 111
408 113
409 114
410 116
411 117
412 119
413 121
414 123
415 125
416 127
416 129
417 131
418 132
418 134
419 136
420 138
420 139
421 141
421 143
422 145
422 147
422 149
422 152
422 154
423 156
423 158
423 159
423 161
422 163
422 165
422 167
422 170
422 172
422 174
421 176
421 178
421 180
421 182
420 184
420 185
419 187
419 189
418 191
417 193
417 195
416 197
415 199
414 201
413 203
412 205
411 206
410 208
409 210
408 211
407 213
406 215
404 217
403 219
402 220
401 222
400 223
399 225
397 226
396 228
394 229
393 230
391 231
389 233
388 234
386 235
384 236
383 237
381 238
379 240
378 241
376 242
374 243
372 244
370 244
368 245
366 246
364 246
362 247
360 247
358 248
356 248
354 248
352 248
350 249
348 249
346 249
344 249
341 249
339 249
337 249
335 249
333 249
331 249
329 249
327 248
325 248
323 248
321 248
318 247
316 247
314 247
313 246
311 246
309 245
307 245
305 244
303 244
301 243
299 242
298 242
296 241
294 240
292 240
290 239
289 238
287 237
285 236
284 236
282 235
280 234
278 233
276 232
275 231
273 230
271 230
269 229
267 228
266 227
265 226
263 225
262 223
261 222
259 221
258 219
256 218
255 216
253 215
252 213
251 212
249 210
248 209
247 208
246 206
245 205
244 204
243 202
242 201
242 199
241 198
241 196
240 194
239 193
239 191
238 190
238 188
237 187
237 185
236 184
236 182
236 181
236 180
235 178
235 177
235 175
235 174
235 172
235 170
235 169
235 167
235 165
235 164
235 162
235 161
235 160
235 158
236 157
236 155
236 153
236 152
237 150
237 148
237 146
238 144
238 143
238 141
239 140
239 138
239 137
240 135
240 134
241 132
241 131
242 129
242 127
243 125
244 124
244 122
245 121
246 119
246 118
247 116
248 115
249 114
250 112
250 111
251 109
252 108
253 106
255 105
256 103
257 102
258 100
259 99
260 98
260 97
261 96
262 95
263 94
263 93
264 92
265 92
265 91
266 91
267 90
268 90
269 90
268 89
268 88
269 87
