239
191 76
191 79
192 80
192 81
192 83
192 84
193 86
193 88
193 90
194 92
194 94
195 97
195 100
195 102
196 105
196 108
196 111
197 114
197 117
197 119
197 122
198 124
198 127
198 129
198 131
199 133
199 134
199 136
199 137
200 138
200 139
200 140
201 140
202 140
203 140
204 140
205 139
206 139
207 139
208 139
209 139
210 139
212 139
213 139
215 138
217 138
219 138
221 138
223 138
225 138
227 138
228 138
230 139
232 139
234 139
236 139
238 139
240 139
242 139
243 139
245 139
246 140
247 140
248 140
249 140
250 140
251 140
251 141
252 140
252 139
252 138
252 137
252 136
252 135
252 133
252 132
253 130
253 128
253 126
253 124
253 121
254 119
254 116
254 113
255 110
255 107
255 104
256 101
256 98
256 95
257 92
257 90
257 87
257 85
257 83
257 81
257 79
257 78
257 77
257 75
257 74
257 73
256 72
257 72
258 72
259 72
260 73
261 73
262 73
263 74
265 74
266 75
268 75
270 76
271 77
273 78
276 79
278 80
280 81
282 82
284 84
286 86
288 87
290 90
293 92
295 94
297 96
299 99
301 102
303 104
305 107
306 110
308 113
310 117
311 120
313 123
314 126
315 130
316 133
317 136
318 140
319 143
320 146
320 150
321 153
321 157
320 160
320 164
319 168
319 171
318 175
316 178
315 182
313 185
311 189
309 192
307 196
305 199
302 202
299 205
296 208
293 211
290 213
287 215
284 218
280 220
276 221
273 223
269 225
265 226
261 227
257 228
253 229
249 230
245 230
241 231
237 231
233 231
229 231
224 231
220 230
216 230
212 229
208 228
203 227
199 225
195 224
191 222
187 221
184 218
180 216
176 214
173 212
170 209
167 206
164 203
161 200
159 196
157 193
155 189
153 186
152 182
150 178
149 174
149 170
148 166
148 162
148 158
148 153
148 149
149 145
149 141
150 136
151 132
153 128
154 124
156 120
157 116
159 113
161 109
163 106
165 102
168 99
170 96
172 94
174 91
176 89
178 87
180 85
181 83
183 82
184 81
185 80
187 79
188 79
189 78
190 78
189 78
189 79
