359
348 109
354 123
354 125
355 128
355 130
355 133
355 136
356 139
356 142
356 145
357 148
357 151
357 154
358 157
358 159
359 162
359 164
359 167
360 169
360 172
360 174
360 176
361 178
361 180
361 183
361 185
361 186
361 188
361 190
361 192
362 193
362 195
362 196
362 198
362 199
362 200
362 201
362 202
362 203
362 204
362 205
363 205
363 206
364 206
365 206
366 206
367 206
368 206
369 206
370 205
372 205
374 205
376 204
378 204
381 203
383 203
386 202
388 202
391 201
394 201
397 200
399 200
402 199
404 199
407 199
409 198
411 198
414 198
416 198
418 197
420 197
422 197
424 197
426 197
427 196
429 196
431 196
432 196
434 195
435 195
437 194
438 194
439 194
440 193
441 193
442 193
442 192
443 192
443 191
443 190
443 189
443 188
442 187
442 186
442 184
441 183
441 182
440 180
440 179
439 177
439 175
438 173
438 172
437 170
437 168
437 166
436 164
436 162
435 160
435 158
434 157
434 155
434 153
433 151
433 150
433 148
433 146
432 144
432 142
432 140
432 138
432 137
432 135
432 133
432 132
432 131
432 129
432 128
432 127
432 126
432 125
432 124
431 123
431 122
431 121
431 120
431 119
432 118
432 117
433 117
433 116
434 116
435 115
436 115
436 114
437 114
439 114
440 114
441 113
443 113
444 113
446 113
448 112
450 112
452 112
454 112
457 112
459 112
461 112
463 113
465 113
466 114
468 115
470 116
472 117
474 118
476 119
478 120
480 121
482 122
484 123
486 124
488 126
490 127
491 128
493 130
494 131
496 133
497 135
499 137
500 139
501 141
503 143
504 145
506 147
507 148
508 150
509 152
510 154
511 156
512 158
513 160
513 162
514 164
514 166
515 169
515 171
515 173
515 175
516 177
516 179
516 181
516 183
516 185
517 187
517 189
517 192
517 194
516 197
516 199
516 202
515 204
514 207
514 209
513 212
512 215
511 217
510 219
509 222
508 224
506 226
505 229
503 231
502 233
500 235
498 237
496 240
493 242
491 244
488 247
486 249
483 251
480 253
477 255
474 257
471 259
467 261
464 263
461 265
457 267
454 269
450 271
447 272
443 274
439 275
436 277
432 278
428 279
424 281
420 282
416 283
412 284
408 284
404 285
400 286
396 286
392 287
388 287
384 288
380 288
376 288
372 288
368 288
365 288
361 288
357 287
353 287
350 287
347 286
343 286
340 285
337 284
334 283
331 282
328 281
325 280
322 279
319 277
316 276
314 274
311 272
309 270
307 268
305 267
303 265
301 262
300 260
298 258
296 256
295 254
294 251
292 249
291 246
290 244
289 241
288 238
287 236
287 233
286 230
285 227
285 225
284 222
284 219
284 216
284 213
284 211
284 208
284 205
284 202
284 200
285 197
285 194
286 191
287 188
288 185
289 182
290 180
291 177
293 174
294 171
295 169
297 166
298 164
300 161
301 159
303 157
305 155
306 152
308 150
310 148
312 147
313 145
315 143
317 141
319 140
321 138
323 137
325 135
327 134
329 133
332 131
334 130
336 129
338 129
341 128
343 127
345 126
347 125
349 125
351 124
352 124
353 124
354 124
355 123
356 123
357 123
358 123
357 123
356 123
