334
357 166
358 175
358 178
358 181
358 184
358 187
357 191
357 194
357 198
357 201
356 203
356 206
356 209
356 212
356 215
355 218
355 221
355 224
355 227
355 230
355 233
355 237
355 240
355 243
355 246
355 249
355 252
355 255
355 259
355 262
355 265
355 268
355 271
355 274
355 277
355 280
355 283
354 285
354 288
354 291
354 294
354 297
357 297
360 297
363 297
366 296
369 296
372 296
375 296
378 297
382 297
385 297
389 297
393 297
397 297
400 297
404 297
408 297
412 297
415 297
418 297
421 297
424 297
427 297
430 297
433 297
436 297
438 298
442 298
446 299
449 299
452 299
455 300
456 298
456 295
457 293
457 290
457 287
457 283
457 280
457 277
457 274
457 271
457 268
457 264
457 261
457 257
457 253
457 249
457 246
457 243
457 240
457 236
457 232
458 230
458 227
458 224
458 220
458 217
459 215
459 212
459 209
459 205
459 202
459 199
458 196
458 192
458 189
457 187
458 185
460 186
462 187
464 188
466 190
468 191
470 192
472 193
474 195
477 196
479 197
481 199
483 200
485 202
487 204
489 206
491 207
493 209
495 210
497 213
499 215
500 217
502 218
504 221
506 224
508 226
509 228
511 230
512 232
513 234
514 236
515 239
516 241
517 243
518 246
519 250
519 253
520 255
520 258
520 261
520 264
520 267
520 271
520 274
520 278
519 281
519 285
519 288
519 292
519 295
519 299
519 303
518 306
518 310
518 313
517 316
517 320
516 323
516 326
515 329
514 332
514 335
513 337
512 339
511 341
510 344
508 346
507 348
505 350
504 353
502 354
500 356
499 358
497 360
495 362
492 364
490 366
488 368
485 369
483 371
481 372
479 373
477 374
475 375
472 377
469 378
467 379
465 380
462 381
460 382
457 384
453 385
450 386
448 387
444 388
440 389
436 390
433 390
431 391
427 391
425 392
421 392
419 393
415 393
411 393
409 394
406 394
402 394
399 394
395 394
391 394
389 393
386 393
382 392
379 392
375 391
371 391
369 390
365 390
363 389
359 388
356 387
354 386
350 385
347 384
345 383
343 382
340 381
338 380
336 379
333 377
331 376
328 374
326 373
323 372
320 370
318 369
315 367
313 365
310 363
307 361
304 359
303 357
301 356
299 354
297 352
294 350
293 348
290 346
289 344
286 342
284 339
282 337
281 335
280 333
279 331
277 328
276 325
275 323
274 320
273 317
272 314
272 311
271 308
271 305
271 301
271 298
271 295
271 291
271 288
271 285
271 282
271 278
272 275
272 271
273 268
274 264
275 261
276 258
277 256
278 253
279 249
280 247
281 244
282 242
284 239
285 237
288 234
290 231
292 228
294 226
296 224
297 222
299 219
301 218
302 216
304 213
307 211
308 209
310 207
313 204
315 202
318 200
320 197
322 196
324 195
327 192
329 190
331 188
333 187
335 185
338 184
340 182
343 181
345 180
347 179
349 178
351 177
354 176
357 175
360 174
362 173
365 173
367 172
369 171
