626
291 66
291 71
291 72
291 73
291 74
291 75
291 76
291 77
291 79
291 80
291 82
291 83
291 85
291 86
291 88
291 89
291 91
291 92
291 94
291 95
291 97
291 99
291 100
291 102
291 104
291 106
291 108
290 111
290 113
290 115
290 117
290 119
289 121
289 124
289 126
289 128
289 130
289 132
289 134
289 137
289 139
289 141
289 143
289 145
289 147
289 149
290 151
290 154
290 156
290 158
290 161
290 163
290 165
290 168
290 170
290 172
291 175
291 177
291 180
291 182
291 185
291 187
291 189
291 192
291 194
291 197
292 199
292 202
292 204
292 207
292 209
291 212
291 214
291 217
291 219
291 221
291 223
291 225
291 227
291 229
291 231
291 233
291 234
291 236
291 237
291 238
291 239
291 240
291 241
292 241
292 242
292 243
293 243
294 243
295 243
296 243
297 243
298 243
299 243
300 243
301 242
302 242
304 242
305 242
306 242
308 241
310 241
311 241
313 241
315 240
316 240
318 240
319 240
321 240
322 240
324 240
325 240
327 240
328 240
330 240
331 240
333 240
334 241
336 240
338 241
339 241
341 241
343 241
344 241
346 241
348 241
350 241
352 241
354 241
356 241
358 241
360 240
362 240
364 240
366 240
368 241
371 241
373 241
375 241
377 241
379 241
381 241
383 241
386 241
388 241
390 241
392 242
395 242
397 242
399 242
402 242
404 242
406 242
409 242
411 242
413 242
416 242
418 242
421 242
423 242
425 242
427 242
429 242
431 242
433 242
435 242
437 242
438 242
440 242
441 241
442 241
444 241
445 241
446 241
447 241
447 240
448 240
448 239
448 238
449 237
449 236
449 235
449 234
449 233
449 232
449 231
449 230
450 228
450 227
450 226
450 224
451 223
451 221
451 219
451 218
452 216
452 214
452 212
452 210
452 208
452 206
452 204
453 202
453 200
453 198
453 196
453 194
453 192
452 189
452 187
452 185
452 183
452 181
452 179
452 176
452 174
452 172
451 170
451 168
451 165
451 163
451 161
451 159
451 156
451 154
451 152
451 150
451 147
451 145
450 143
450 140
450 138
450 135
450 133
450 131
450 129
450 127
450 124
450 122
449 120
449 118
449 116
449 114
449 112
449 110
448 109
448 107
448 105
448 103
448 101
447 99
447 97
447 95
447 93
447 92
446 90
446 88
446 87
446 85
446 83
446 83
446 82
446 80
446 79
446 78
446 78
446 77
446 76
446 75
445 74
445 73
445 72
446 72
447 72
448 72
449 72
450 72
451 72
452 72
453 73
454 73
455 73
456 73
458 73
459 73
460 73
462 74
463 74
465 74
466 75
468 75
469 76
471 76
473 77
475 77
477 78
478 79
480 79
482 80
484 81
486 82
487 83
489 84
491 85
493 86
495 87
497 88
498 89
500 90
502 91
504 93
505 94
507 95
509 97
510 98
512 100
513 101
515 103
516 105
518 107
519 109
521 110
522 112
523 114
525 116
526 118
527 120
529 122
530 124
531 127
532 129
533 131
534 134
535 136
536 138
537 141
538 143
539 146
540 148
541 151
542 153
543 156
543 159
544 161
545 164
545 167
546 169
546 172
547 175
547 178
548 180
548 183
549 186
549 189
549 192
549 194
549 197
549 200
549 203
549 205
549 208
549 211
548 214
548 217
548 220
547 222
547 225
547 228
546 231
546 233
545 236
545 239
544 242
543 244
543 247
542 250
542 252
541 255
541 258
540 260
540 263
539 266
538 268
537 271
537 273
536 276
535 278
534 280
533 283
532 285
531 288
531 290
530 292
529 294
528 296
527 299
525 301
524 303
523 305
521 307
520 308
519 310
517 312
516 314
514 316
513 318
511 319
509 321
508 323
506 325
504 326
502 328
500 329
498 331
496 333
494 334
491 335
489 337
487 338
485 340
482 341
480 342
478 344
475 345
473 346
470 348
468 349
465 350
462 351
459 353
457 354
454 355
451 356
448 357
445 358
442 359
439 360
435 361
432 362
429 363
426 364
423 365
419 365
416 366
413 367
410 368
406 368
403 369
399 370
396 370
393 371
389 371
386 371
382 372
379 372
375 372
372 372
368 372
365 373
361 373
358 373
354 373
351 373
347 372
344 372
340 372
336 372
333 372
329 371
326 371
322 371
318 370
315 370
311 369
308 369
304 368
301 367
297 366
294 365
290 365
287 364
284 363
280 362
277 361
274 359
270 358
267 357
264 356
260 354
257 353
253 352
250 350
247 348
244 347
241 345
238 343
235 341
232 339
229 337
226 335
224 333
221 331
218 329
216 327
214 325
212 323
209 320
207 318
205 315
203 313
201 310
199 308
197 305
195 303
194 300
192 297
191 295
190 292
188 290
187 287
186 284
185 281
184 279
183 276
182 273
181 270
181 267
180 264
179 261
179 258
178 255
178 252
178 249
178 246
178 243
177 240
177 236
178 233
178 230
178 227
178 224
179 221
179 217
179 214
180 211
181 208
181 205
182 202
183 198
183 195
184 192
185 189
186 185
187 182
189 179
190 176
191 172
192 169
194 166
195 163
197 160
198 157
200 154
201 151
203 148
204 146
206 143
208 140
210 138
211 135
213 132
214 130
216 128
218 125
219 123
221 121
222 119
224 116
226 114
227 112
229 110
231 108
233 106
235 104
237 102
239 101
241 99
242 97
244 96
246 94
248 93
250 92
252 90
254 89
256 88
258 87
260 86
262 85
264 84
266 83
268 83
270 82
271 81
273 81
275 80
276 80
278 79
280 79
281 79
283 79
285 78
286 78
288 78
289 78
291 78
292 79
293 79
294 79
295 79
296 80
296 80
