366
335 107
335 111
335 112
335 113
335 114
335 115
335 117
335 118
335 120
335 122
335 125
335 127
335 130
335 133
335 136
335 139
335 142
335 145
335 148
335 150
335 153
335 155
335 158
335 160
335 163
335 165
335 167
335 169
335 171
334 173
334 176
334 177
334 179
334 181
334 182
334 184
334 185
333 186
333 187
333 188
333 189
333 190
333 191
334 191
334 192
335 192
336 192
337 192
338 193
339 193
340 193
341 193
342 193
344 193
345 193
347 193
348 193
350 193
352 193
354 193
356 193
358 193
360 193
362 193
364 193
366 193
368 193
370 193
372 193
374 193
376 193
378 193
380 193
382 193
384 193
386 193
388 193
390 193
391 192
393 192
395 192
396 192
398 192
399 192
401 192
402 192
403 193
405 192
406 193
407 193
408 193
409 193
410 193
411 193
412 193
412 192
412 191
412 190
411 188
411 187
411 186
410 184
410 183
410 181
409 180
409 178
409 176
408 174
408 172
408 169
408 167
408 165
407 163
407 161
407 159
407 157
407 155
406 153
406 151
406 149
406 148
406 146
406 144
406 143
406 141
405 139
405 138
405 136
405 135
405 133
405 132
405 130
405 129
405 128
405 126
405 125
405 124
405 123
405 122
405 121
405 120
405 119
405 118
406 117
406 116
407 116
407 115
408 115
409 115
410 114
411 114
412 114
414 114
415 114
416 113
418 113
419 113
421 113
423 113
425 114
426 114
428 115
430 115
432 116
434 117
435 118
437 119
439 121
441 122
443 123
444 124
446 125
447 127
449 128
450 129
451 131
453 132
454 134
455 135
456 137
458 139
459 141
460 143
461 145
462 147
463 149
464 151
465 153
466 154
467 156
468 158
468 160
468 162
469 164
469 166
469 168
469 170
469 172
469 174
469 176
469 178
469 180
469 182
469 184
469 187
469 189
469 191
469 193
469 195
469 197
469 199
468 201
468 202
468 204
467 206
467 208
466 210
466 212
465 214
464 216
464 218
463 220
462 222
461 224
460 226
459 227
458 229
457 231
456 233
454 235
453 236
451 238
450 240
448 241
447 243
445 244
443 246
441 248
440 249
438 250
436 252
433 253
431 254
429 255
427 257
425 258
422 259
420 260
418 261
416 261
413 262
411 263
408 264
405 264
403 265
400 266
397 266
395 267
393 267
390 267
388 267
386 267
383 267
381 267
378 267
375 267
373 267
370 267
367 267
364 267
362 266
359 266
356 266
354 265
351 265
348 264
346 263
343 263
340 262
337 261
335 260
332 259
329 258
326 257
324 255
321 254
319 253
316 251
314 250
311 248
309 246
307 244
304 243
302 241
300 239
298 237
297 235
295 233
294 231
292 229
291 227
290 224
289 222
288 219
287 217
286 214
285 212
284 209
284 206
283 204
283 201
283 198
282 195
282 193
282 190
282 187
282 184
282 182
282 179
282 176
282 174
283 171
283 169
283 166
284 164
285 161
285 159
286 157
287 154
288 152
289 150
289 148
290 146
291 144
292 142
293 140
294 139
295 137
297 135
298 134
299 132
301 130
303 129
305 128
306 126
308 125
310 124
312 122
314 121
316 120
318 119
320 117
322 116
324 115
325 114
327 114
329 113
330 112
332 112
333 112
334 111
335 111
336 111
337 111
337 110
338 110
