311
330 119
331 124
332 125
332 126
332 128
332 129
332 131
333 133
333 134
333 137
333 139
333 141
333 143
334 146
334 148
333 150
333 152
333 154
333 156
333 159
333 161
333 163
333 165
333 167
332 170
332 172
332 174
332 176
332 178
332 180
332 181
332 183
332 185
333 186
332 187
333 189
333 190
333 191
333 192
333 193
333 194
334 195
335 195
336 195
337 195
338 195
339 196
340 196
342 196
343 196
345 196
346 196
348 196
350 196
353 197
355 197
357 197
360 197
362 197
365 197
367 197
369 197
372 197
374 197
376 197
378 197
380 197
382 197
384 197
386 197
388 198
390 198
391 198
393 198
394 198
395 198
397 199
398 199
399 199
400 199
401 199
402 199
402 198
402 197
402 196
402 195
402 194
401 192
401 191
401 190
401 188
401 186
401 185
400 183
400 181
400 179
400 177
400 175
399 173
399 171
399 169
399 167
399 165
398 162
398 160
398 159
398 157
398 155
398 153
398 151
397 150
397 148
397 146
397 145
397 143
397 142
397 140
397 139
397 138
397 136
397 135
397 134
397 133
397 132
397 131
397 130
397 129
397 128
398 127
399 127
400 127
401 127
402 127
403 127
404 126
406 126
407 127
409 127
411 127
413 127
415 127
418 127
420 127
422 127
425 127
427 128
429 128
431 129
433 130
435 131
437 132
439 133
440 134
442 135
443 137
445 138
446 140
447 142
449 143
450 145
451 147
452 148
453 150
454 152
455 154
456 156
457 158
458 160
459 162
460 163
461 165
462 167
462 170
463 172
463 174
464 176
464 178
465 180
465 183
465 185
465 187
465 189
465 192
465 194
465 196
465 199
465 201
464 203
464 206
463 208
463 211
462 213
461 216
461 218
460 221
459 223
458 226
457 228
456 230
454 233
453 235
452 237
450 240
448 242
447 245
445 247
443 249
441 251
439 253
437 255
435 257
432 259
430 260
427 262
425 264
422 266
419 267
413 270
410 271
407 272
404 273
401 274
398 275
394 275
391 276
388 276
385 276
382 276
378 276
375 276
371 276
368 276
364 275
361 275
358 275
354 274
351 274
348 273
346 272
343 271
340 270
337 268
334 267
331 266
329 264
326 262
323 261
320 259
318 258
315 256
313 254
311 252
309 250
307 248
305 245
303 243
302 241
300 238
299 236
297 233
296 231
295 228
294 226
293 223
293 220
292 218
291 215
291 212
291 209
291 206
290 203
290 200
290 197
290 194
290 191
290 188
290 185
290 183
290 180
291 177
291 174
291 172
292 169
293 166
294 163
295 161
296 158
297 156
298 154
300 151
301 149
303 147
304 145
306 143
307 142
309 140
311 138
313 136
315 135
317 133
319 132
321 130
323 129
324 128
326 127
327 126
329 126
330 125
331 125
332 124
333 123
