365
362 132
363 137
363 140
364 142
364 145
364 148
364 151
364 154
364 157
363 159
363 162
363 165
363 168
363 171
362 173
362 176
362 179
362 182
362 185
362 188
362 191
361 194
361 198
361 201
360 204
360 207
360 210
360 213
360 216
359 218
359 221
359 224
358 226
358 229
358 232
357 235
357 238
358 240
358 243
358 246
358 249
358 253
358 256
358 259
357 261
358 263
361 263
363 262
366 262
369 262
372 261
375 261
378 261
381 261
384 261
388 261
391 261
395 261
399 261
403 261
406 261
410 261
413 261
416 262
419 262
423 262
426 262
430 262
433 262
436 262
440 262
443 262
446 262
449 262
452 262
455 262
458 262
461 263
464 263
467 263
470 263
473 263
475 262
476 260
476 257
477 255
477 252
477 249
477 246
476 244
476 241
475 239
475 236
475 233
474 229
474 226
474 223
473 220
473 217
473 214
472 211
472 208
472 205
472 202
471 200
471 196
471 193
471 190
470 188
470 185
470 182
469 179
469 176
469 172
469 169
469 165
469 162
468 160
468 157
468 154
467 152
467 149
466 147
466 144
468 143
470 144
473 144
475 145
477 146
480 147
482 148
484 149
486 150
489 151
491 153
493 154
495 156
497 157
499 159
501 161
503 163
505 165
507 167
509 169
511 171
512 174
514 176
515 178
517 180
518 183
520 185
521 187
523 190
525 193
527 196
528 199
530 202
531 204
533 207
534 210
535 213
536 215
537 218
538 222
539 225
539 228
540 230
540 233
541 236
542 239
542 242
543 246
543 249
543 252
544 255
544 258
544 262
544 265
544 268
544 271
545 274
544 276
544 279
544 282
544 286
543 289
542 291
542 294
541 297
540 299
539 301
538 303
537 306
536 308
534 311
532 313
530 315
529 317
527 319
525 321
524 323
522 325
520 327
519 329
517 331
515 333
513 335
512 337
510 338
508 340
506 342
504 343
501 345
498 347
496 348
493 351
490 353
487 355
485 356
482 358
480 359
476 360
474 361
472 362
470 363
468 364
464 365
462 366
460 367
456 368
452 369
450 370
446 370
444 371
440 372
436 372
434 373
430 373
428 374
425 374
421 374
416 374
412 374
408 374
403 374
401 373
397 373
395 372
391 372
388 371
384 371
382 370
378 369
374 368
371 368
369 367
365 366
363 365
359 364
357 363
353 362
351 361
347 360
345 359
341 358
339 357
336 355
334 354
332 353
329 351
327 350
324 348
321 346
318 344
316 343
313 341
311 339
309 338
307 336
304 334
303 332
301 330
300 328
298 326
297 324
294 321
292 318
290 315
288 312
286 309
285 306
284 303
283 301
283 298
282 296
282 293
281 291
281 288
280 284
280 281
280 277
279 274
279 270
278 266
278 263
278 259
278 256
277 254
277 250
277 246
277 243
277 239
277 235
277 231
277 228
277 224
278 222
278 218
279 215
279 211
280 208
281 206
282 203
283 201
284 198
286 195
287 193
289 190
291 187
293 184
295 182
296 180
298 179
300 177
302 174
304 173
306 171
308 169
310 167
312 166
315 164
316 162
318 161
321 159
324 157
326 155
328 154
331 152
333 150
336 149
338 148
340 147
342 146
344 144
347 143
350 142
352 141
354 140
356 139
358 138
361 138
363 137
366 137
368 138
370 138
