361
353 127
352 131
352 134
352 137
352 140
352 143
352 146
352 149
352 152
353 154
353 157
353 160
353 163
353 166
353 169
354 172
354 175
354 178
354 181
354 184
354 187
354 190
354 193
354 196
354 199
354 202
354 205
354 208
354 211
354 214
355 216
355 219
355 222
355 225
355 228
355 231
354 234
354 237
354 240
354 243
354 246
354 250
354 254
353 256
353 259
353 262
354 264
357 263
360 263
363 263
366 263
369 263
373 263
376 263
379 263
382 263
386 263
389 263
393 263
396 263
399 263
402 263
406 263
409 263
412 263
416 264
419 264
423 264
426 264
430 264
433 265
436 265
440 265
443 265
446 265
449 266
452 266
455 266
458 266
460 265
462 264
463 262
464 260
465 257
465 254
466 252
466 249
467 246
467 243
467 240
467 237
467 234
467 230
467 226
467 222
467 219
467 216
466 214
466 211
466 208
466 205
466 202
466 199
466 196
466 193
466 190
466 187
466 184
466 181
466 177
466 173
466 170
466 167
466 163
466 160
466 157
466 153
466 150
465 147
465 144
465 141
468 142
470 143
473 144
475 145
478 146
480 147
482 148
484 149
486 150
488 152
490 153
492 155
494 156
497 158
499 160
501 162
503 164
505 166
507 169
509 171
511 173
512 175
514 177
516 180
517 182
518 184
520 186
521 188
522 191
524 194
526 197
527 200
528 202
529 205
531 208
532 211
533 213
534 216
535 218
536 221
537 223
538 226
538 230
539 233
540 236
540 240
541 243
541 246
541 250
542 252
542 255
542 258
542 262
543 265
543 268
543 271
543 275
543 278
543 281
542 284
542 287
541 289
541 292
540 294
539 296
538 299
537 302
536 304
535 307
534 309
533 311
532 314
530 316
528 319
526 321
525 323
523 325
522 327
520 329
518 331
516 333
514 335
511 337
508 339
505 341
502 343
499 345
496 347
494 348
492 349
489 351
486 353
483 354
481 355
479 356
477 357
475 358
471 359
469 360
467 361
464 361
462 362
460 363
456 364
451 365
447 366
444 366
442 367
439 367
437 368
434 368
429 369
425 369
422 369
418 369
415 369
411 369
407 369
403 369
398 369
394 369
392 368
389 368
385 368
382 368
380 367
375 367
370 366
366 366
363 365
359 364
355 363
351 362
347 361
344 360
340 359
338 358
336 357
332 356
330 355
328 354
326 353
324 352
320 351
317 349
315 347
313 346
311 345
309 344
307 343
305 342
302 340
300 339
299 337
297 336
295 335
293 332
291 331
288 328
286 326
285 324
283 323
282 321
280 319
279 317
278 314
276 311
274 308
273 305
272 302
271 300
270 297
269 294
269 291
268 289
268 286
268 283
268 279
268 275
268 272
268 268
268 265
268 262
268 259
269 255
269 252
270 250
271 246
272 243
273 239
274 236
275 234
276 232
277 229
278 227
280 224
281 221
282 219
283 217
285 214
286 212
287 210
290 207
292 204
293 202
295 199
296 197
298 194
300 191
302 188
304 185
307 182
309 180
310 178
312 176
313 174
316 172
317 170
319 168
321 165
323 163
325 161
327 159
329 157
332 155
333 153
335 151
337 150
340 148
343 146
346 145
348 144
351 142
353 141
356 140
358 139
360 138
362 137
365 137
368 137
