376
360 124
363 130
363 132
363 133
363 135
363 136
363 138
363 140
363 142
363 144
363 147
363 149
363 151
363 153
363 155
364 158
364 160
364 162
363 165
363 167
363 169
363 171
363 174
362 176
362 178
362 180
362 182
362 184
361 186
361 188
361 190
360 191
360 193
360 194
360 195
359 197
359 198
359 199
359 200
359 201
359 202
359 203
360 203
360 204
361 205
362 205
363 205
364 206
365 206
366 206
367 206
368 206
369 206
370 206
372 206
373 206
374 207
376 207
377 207
379 207
380 207
382 207
384 207
385 207
387 207
388 207
390 207
391 207
393 207
394 207
396 208
397 208
399 208
401 208
402 208
404 208
405 207
407 207
409 207
410 207
412 207
413 208
415 208
416 208
417 208
419 208
420 208
421 208
423 208
424 208
425 208
427 208
428 208
429 208
430 208
431 208
432 208
433 208
434 208
435 208
436 208
437 207
437 206
437 205
437 204
437 203
437 202
437 201
437 200
437 199
437 198
437 197
437 195
437 193
437 192
437 190
437 188
437 187
437 185
437 183
437 181
437 180
437 178
437 176
437 175
437 173
437 171
437 169
437 168
437 166
437 164
436 163
436 161
436 160
436 159
436 157
436 156
436 155
436 154
436 153
436 152
436 151
436 149
435 148
436 147
435 146
435 145
435 144
435 143
435 142
435 141
435 140
435 139
435 138
436 138
436 137
436 136
437 136
437 135
438 135
439 135
440 135
441 135
442 135
443 134
445 134
446 134
448 134
449 134
451 134
453 135
454 135
456 135
458 136
460 137
462 137
464 138
466 139
468 140
469 141
470 142
472 143
473 144
474 146
475 147
477 148
478 150
479 151
480 152
481 154
482 156
483 157
485 159
486 161
487 162
488 164
489 166
489 168
490 169
491 171
492 173
492 174
493 176
494 177
494 179
495 181
495 182
495 184
495 186
495 188
495 190
495 192
495 194
495 197
495 199
495 201
495 203
495 205
495 207
495 209
495 211
495 213
495 215
494 217
494 220
493 222
492 224
491 226
490 228
489 230
488 232
487 234
486 236
484 238
483 240
482 241
480 243
478 245
477 247
475 248
473 250
471 252
470 253
468 254
466 256
464 257
462 258
460 259
458 260
456 261
454 262
452 263
450 264
448 265
446 266
443 267
441 268
439 269
436 270
434 270
432 271
429 272
427 273
424 273
422 274
419 274
417 275
414 275
412 275
409 276
406 276
404 276
401 276
398 277
396 277
393 277
390 277
388 276
385 276
382 276
379 275
377 275
374 274
371 273
368 273
366 272
363 272
360 271
357 271
354 270
352 270
349 269
346 269
344 268
341 267
339 266
337 265
335 265
332 264
330 262
328 261
326 260
324 259
323 257
321 256
319 254
318 252
317 251
316 249
314 247
313 246
312 244
311 242
311 239
310 237
309 235
309 232
309 230
308 228
308 225
308 223
308 220
308 218
308 215
308 213
308 211
308 208
309 206
309 203
309 200
310 197
310 195
311 192
311 189
312 187
312 184
312 182
313 180
314 178
314 175
315 173
316 171
317 169
317 167
318 164
320 162
321 160
322 158
323 156
324 155
326 153
327 151
329 150
331 148
332 147
334 145
336 144
338 142
341 141
343 139
345 138
348 137
350 135
352 134
354 133
356 133
358 132
359 132
361 131
362 131
363 131
363 130
364 130
365 130
366 130
366 129
