639
292 77
292 80
292 81
292 82
292 83
292 84
292 85
292 86
292 87
293 88
293 90
293 91
293 92
293 93
293 95
293 96
293 98
293 99
293 101
293 102
293 104
293 105
294 107
294 109
294 111
294 113
294 115
294 117
294 119
294 120
294 122
294 124
294 126
294 128
294 129
294 131
294 133
294 135
295 137
295 138
295 140
295 142
295 144
295 145
294 147
294 149
294 150
294 152
294 154
294 156
294 157
294 159
294 161
294 162
294 164
294 166
294 168
294 169
294 171
294 173
294 175
294 176
294 178
294 180
294 182
294 183
294 185
294 187
294 189
294 191
294 193
294 195
294 197
293 199
293 200
293 202
293 204
293 206
293 208
293 210
292 212
292 214
292 215
292 217
292 218
291 220
291 221
291 222
291 223
291 224
290 225
290 226
290 227
291 227
291 228
292 228
293 228
294 228
295 227
296 227
297 227
298 227
299 227
300 227
301 227
303 227
304 227
305 227
306 227
308 226
309 226
311 226
312 226
314 226
315 226
317 226
318 226
320 226
321 226
323 226
324 226
326 226
327 226
329 226
330 226
332 226
333 226
335 226
336 226
338 226
339 226
341 226
342 226
344 226
345 226
347 226
348 225
350 225
351 225
353 225
355 225
356 225
358 225
360 225
361 225
363 225
365 225
367 225
368 226
370 226
372 226
374 226
375 225
377 225
379 225
381 225
383 225
385 225
387 225
389 225
391 225
393 224
395 224
397 224
398 224
400 224
402 224
403 224
405 224
407 224
408 223
410 223
411 223
412 223
414 223
415 223
416 223
417 223
418 223
419 223
419 222
419 221
419 220
420 219
420 218
420 217
420 216
420 215
420 214
421 213
421 212
421 211
421 210
421 208
421 207
421 206
421 205
421 203
421 202
421 201
421 200
421 199
420 197
420 196
420 195
419 194
419 192
419 191
418 190
418 188
418 187
417 186
417 184
417 183
417 181
417 180
416 178
416 177
416 175
416 174
416 172
417 171
417 169
417 168
417 166
417 164
417 163
417 161
417 160
417 158
417 156
417 154
417 153
417 151
417 149
417 148
417 146
417 144
417 143
417 141
417 139
417 138
417 136
417 134
416 133
416 131
416 129
416 128
416 126
416 124
416 123
416 121
416 120
416 118
416 117
416 115
416 114
416 112
415 111
415 109
415 108
415 106
415 105
415 103
415 102
415 100
415 99
415 97
415 96
414 94
414 93
414 92
414 91
414 89
413 88
413 87
413 86
413 85
412 85
412 84
412 83
412 82
411 81
412 81
413 81
414 81
415 81
416 81
417 81
418 81
419 81
421 81
422 81
423 81
424 81
426 82
427 82
429 82
430 82
431 83
433 83
434 83
436 84
437 84
439 85
440 85
441 86
443 86
445 87
446 88
448 88
449 89
451 90
452 91
454 92
455 93
457 94
458 95
460 96
462 97
463 98
465 99
467 100
468 102
470 103
472 104
473 106
475 107
477 109
478 110
480 112
481 113
483 115
484 117
486 118
487 120
488 122
489 124
491 126
492 128
493 130
494 132
496 134
497 136
498 138
499 140
500 143
501 145
502 147
503 149
504 151
504 154
505 156
506 159
506 161
506 163
507 166
507 168
508 171
508 173
508 176
508 178
509 180
509 183
509 185
509 188
509 190
509 193
509 195
509 197
509 200
509 202
509 205
509 207
508 210
508 212
508 215
508 217
507 220
507 222
507 224
506 227
506 229
506 232
505 234
505 236
505 239
504 241
504 243
503 246
503 248
502 250
502 252
501 254
501 256
500 258
499 261
499 263
498 265
497 267
496 269
496 271
495 273
494 275
493 277
492 279
490 280
489 282
488 284
487 286
485 288
484 289
482 291
481 293
479 295
478 296
476 298
474 300
473 301
471 303
469 304
467 305
465 307
463 308
462 310
460 311
458 312
456 314
454 315
452 316
450 317
447 318
445 320
443 321
441 322
439 323
437 324
435 325
432 326
430 327
428 327
426 328
423 329
421 330
418 331
416 332
413 332
411 333
408 334
405 335
403 336
400 336
397 337
394 338
391 339
388 339
385 340
382 341
379 342
375 342
372 343
369 344
366 344
363 345
360 345
357 345
354 346
351 346
348 346
345 347
342 347
338 347
335 347
332 347
329 347
326 347
323 347
321 346
318 346
315 346
312 345
309 345
306 345
303 344
300 343
297 343
295 342
292 341
289 340
286 339
283 339
280 338
277 337
275 336
272 334
269 333
266 332
264 331
261 330
258 329
256 327
253 326
251 325
248 323
246 322
244 320
241 318
239 317
237 315
235 313
232 311
230 310
228 308
226 306
224 304
222 302
220 300
218 298
216 296
214 294
213 291
211 289
209 287
208 284
206 282
204 280
203 277
201 275
200 272
199 269
197 267
196 264
195 261
194 258
192 256
191 253
190 250
189 248
189 245
188 242
187 239
187 236
186 233
186 231
185 228
185 225
185 222
185 219
185 216
185 213
185 210
185 207
186 205
186 202
186 199
186 196
187 193
187 190
188 187
188 184
189 182
189 179
190 176
191 173
192 170
193 167
194 164
194 161
195 158
197 155
198 152
199 149
200 147
201 144
203 142
203 142
204 139
205 136
207 134
208 132
210 129
210 129
211 127
213 125
214 123
215 121
217 119
218 117
220 115
221 113
223 112
224 110
226 108
227 107
229 105
231 104
233 102
234 101
236 99
238 98
240 97
241 96
243 95
245 94
246 93
248 92
249 92
251 91
253 90
254 89
256 89
258 88
260 87
262 87
264 86
265 86
267 85
269 85
270 84
272 84
273 83
275 83
276 83
278 83
279 82
280 82
281 82
283 82
284 82
285 82
286 82
287 82
288 82
289 82
290 82
291 83
292 83
293 83
293 83
