273
270 93
268 94
268 95
268 97
269 99
269 100
269 102
270 104
270 106
270 109
270 111
271 114
271 117
271 120
272 123
272 126
272 129
273 133
273 136
273 139
274 143
274 146
274 149
275 153
275 156
275 159
275 161
276 164
276 166
276 168
276 170
277 172
277 174
277 175
278 176
278 177
278 178
279 179
279 180
280 181
281 182
282 182
283 182
284 182
284 183
285 182
286 182
287 182
288 182
289 182
291 182
292 182
294 182
296 182
298 182
300 182
302 182
304 183
306 183
309 183
311 183
313 183
315 183
317 184
320 184
322 184
324 184
326 184
328 185
329 185
331 185
332 185
333 185
334 186
335 186
336 186
337 186
337 185
337 184
337 183
337 182
337 181
337 180
338 178
338 176
338 174
338 172
339 169
339 166
339 164
340 160
340 157
340 153
340 150
341 146
341 142
341 138
342 134
342 130
342 126
342 123
342 119
342 115
342 112
342 109
342 106
342 103
342 101
342 99
342 97
342 95
342 93
341 92
341 91
341 90
341 89
340 89
341 89
342 90
343 90
343 91
344 91
345 92
346 93
347 93
348 94
349 95
350 96
352 97
353 98
354 99
356 100
357 101
359 102
360 104
362 105
364 107
365 109
367 110
369 112
371 114
372 116
374 119
376 121
378 123
380 126
381 128
383 131
385 133
387 136
388 139
390 141
392 144
393 147
395 149
396 152
398 155
399 158
401 161
402 164
403 167
404 170
405 173
405 176
406 180
406 183
406 187
406 190
406 194
405 198
404 201
403 205
402 209
401 213
400 216
398 220
396 224
395 227
393 231
390 235
388 238
386 242
383 245
380 248
377 252
373 255
370 258
366 261
362 264
359 266
355 269
350 271
346 273
342 275
337 277
332 278
328 279
323 281
318 282
313 282
308 283
303 283
298 283
293 283
288 282
283 282
278 281
273 280
269 279
264 277
260 276
255 274
251 272
247 270
243 268
239 266
235 263
232 260
229 257
226 254
224 251
221 247
219 243
217 239
216 235
214 231
213 227
212 222
211 218
210 213
209 209
209 204
209 199
209 195
209 190
209 186
210 181
210 177
211 172
212 168
213 164
215 159
216 155
218 151
219 147
221 144
223 140
225 137
227 133
229 130
231 127
233 125
235 122
238 120
240 118
242 115
244 114
246 112
248 111
250 109
252 108
254 107
255 107
256 106
258 106
259 105
260 105
261 105
262 105
263 105
263 104
263 105
262 105
