230
210 84
210 87
211 88
211 89
211 91
211 92
212 94
212 96
212 99
212 101
212 104
212 106
213 109
213 112
213 115
213 119
214 122
214 125
214 129
214 132
214 136
215 139
215 142
215 145
215 148
215 150
215 152
216 154
216 156
216 157
216 159
217 160
217 161
217 162
218 162
218 163
219 163
220 162
221 162
222 162
223 162
224 161
225 161
227 161
228 160
230 160
232 160
234 160
236 160
238 159
240 159
243 159
245 159
248 159
250 159
253 159
255 159
258 159
260 159
262 160
264 160
266 160
267 160
269 160
270 160
271 160
272 160
273 160
274 160
274 159
274 158
274 157
274 156
274 155
274 154
274 152
274 151
274 149
275 147
275 144
276 142
276 139
277 137
277 134
278 131
278 128
279 125
279 122
280 119
280 116
281 113
281 110
282 107
282 105
282 103
282 100
283 98
283 97
283 95
283 94
283 92
283 91
283 90
283 89
283 88
284 88
284 89
285 89
286 90
287 91
288 92
289 93
291 94
292 95
294 97
295 98
297 100
299 102
301 104
303 106
305 108
307 110
309 113
311 116
313 119
315 122
317 125
319 129
321 132
323 136
325 139
326 143
328 147
330 151
331 155
332 159
333 163
334 168
335 172
336 176
336 180
336 185
336 189
336 193
335 197
335 202
334 206
332 210
331 214
329 218
327 222
324 226
321 230
318 234
315 238
311 241
308 245
303 248
299 251
295 254
290 257
285 260
280 262
275 264
270 266
265 267
259 268
254 269
248 270
243 270
237 270
232 270
226 270
221 269
216 268
211 267
206 265
201 263
196 261
191 258
187 256
182 253
178 249
174 246
171 242
167 238
164 234
161 230
158 226
156 221
154 217
152 212
150 207
149 202
148 197
148 192
147 186
147 181
148 176
148 171
149 166
150 161
152 155
154 150
156 145
158 141
160 136
163 131
165 126
168 122
171 118
174 114
177 110
179 107
182 103
185 100
188 97
190 95
192 93
194 91
196 89
198 88
199 87
200 86
201 86
202 85
202 86
202 87
201 87
201 88
