276
290 171
294 169
297 169
299 168
302 168
305 168
308 168
311 168
313 167
316 167
320 167
323 167
326 167
328 166
331 166
334 166
337 166
340 166
343 166
346 165
349 165
352 165
355 165
358 165
361 165
364 165
367 165
370 165
373 165
376 165
379 165
381 164
384 164
387 164
390 164
393 164
396 164
399 163
402 163
405 163
408 163
410 162
413 162
416 162
418 161
421 161
424 161
427 161
430 161
433 161
436 161
438 162
441 162
444 162
447 162
449 163
452 163
454 164
457 164
460 165
463 165
466 166
469 166
470 164
471 167
473 168
476 169
479 169
481 170
483 171
486 172
489 173
491 174
494 174
496 175
498 176
500 177
502 178
504 179
506 180
508 181
510 182
512 183
514 184
516 185
518 187
520 188
522 190
524 191
526 193
527 191
527 194
528 196
530 198
531 200
533 202
534 204
535 206
536 208
537 210
539 212
540 214
539 216
541 217
540 215
541 218
542 220
543 222
544 224
544 227
545 229
545 232
545 235
546 237
546 240
546 243
546 246
545 248
545 251
545 254
545 257
544 259
544 262
543 264
543 267
542 269
541 272
541 275
540 277
539 280
538 283
537 285
536 287
535 289
534 291
533 293
531 295
530 297
528 298
527 300
526 302
524 303
523 305
521 306
520 308
518 309
516 311
514 312
512 314
510 315
508 316
506 317
503 318
501 319
499 320
496 321
493 321
491 322
489 323
486 324
483 324
481 325
478 325
476 326
473 326
470 327
467 327
465 328
462 328
460 329
457 329
454 329
452 330
449 330
446 330
443 330
440 331
437 331
434 331
431 331
429 332
426 332
423 332
420 332
417 332
414 332
411 332
408 332
405 331
401 331
397 331
394 332
391 332
388 332
384 332
382 331
379 331
376 331
372 331
368 331
364 331
361 331
358 331
355 331
351 331
347 331
344 331
341 331
337 331
335 332
332 332
329 331
326 331
322 331
319 331
315 331
314 329
312 331
308 331
305 331
301 331
298 331
295 331
292 331
290 330
289 328
289 325
289 322
289 319
289 316
290 314
290 311
290 308
290 304
291 302
291 299
291 295
291 291
292 289
292 286
292 283
292 280
292 277
292 274
292 271
292 268
292 265
292 262
293 260
293 257
293 254
293 251
293 247
293 244
294 241
294 237
294 234
294 231
294 228
294 225
295 221
295 217
295 214
295 211
295 207
296 204
296 201
296 198
297 194
297 191
297 188
297 185
297 182
298 180
298 177
298 175
