258
151 90
156 89
157 89
158 89
159 89
161 89
162 89
164 89
165 89
167 88
169 88
171 88
173 88
175 88
177 88
180 87
182 87
184 87
187 87
189 87
191 87
194 87
196 86
199 86
201 86
203 86
206 86
208 86
211 85
213 85
216 85
218 85
220 84
223 84
225 84
227 84
230 84
232 83
234 83
236 83
239 83
241 83
243 83
246 82
248 82
251 82
253 82
255 82
258 82
260 82
263 82
265 82
267 81
270 81
272 81
275 81
278 81
280 81
283 81
285 81
288 81
290 81
293 81
295 81
298 82
300 82
303 82
305 82
308 82
310 83
313 83
315 83
318 83
320 84
323 84
325 85
328 85
330 85
332 86
335 87
337 87
339 88
342 89
344 90
346 91
349 91
351 93
353 94
355 95
358 96
360 97
362 99
364 100
366 101
368 103
370 104
372 106
373 107
375 109
377 111
378 112
380 114
381 116
382 117
383 119
384 121
385 122
386 124
387 126
388 128
388 129
389 131
389 133
390 134
390 136
390 137
391 139
391 141
391 142
391 144
391 145
391 147
390 149
390 150
390 152
389 154
389 155
388 157
388 158
387 160
386 161
385 163
384 164
383 166
382 167
380 169
379 170
377 172
376 173
374 175
373 176
371 177
369 179
367 180
365 181
363 182
361 183
359 184
357 185
355 186
352 187
350 188
347 189
344 190
342 191
339 192
336 192
334 193
331 194
328 194
325 195
322 195
319 196
316 196
313 197
310 197
307 198
304 198
301 199
297 199
294 200
291 200
287 201
284 201
280 201
277 202
273 202
269 203
266 203
262 204
258 204
254 204
251 205
247 205
243 206
240 206
236 207
233 207
229 208
226 208
222 208
219 209
216 209
213 209
210 209
207 210
205 210
202 210
199 210
197 211
194 211
192 211
190 212
188 212
186 212
184 212
183 212
181 213
180 213
179 213
178 213
177 213
176 213
175 213
174 213
174 212
173 211
173 210
173 209
173 208
172 206
172 204
172 202
171 200
171 198
171 195
170 192
170 189
169 186
169 182
168 179
168 175
167 171
167 167
166 163
166 159
166 155
165 151
165 147
164 143
164 139
163 135
163 131
162 128
162 124
162 121
161 118
161 115
160 113
160 110
160 108
160 106
159 105
159 104
159 102
158 101
158 100
158 101
