253
285 164
288 163
290 162
293 162
296 162
299 162
301 161
304 161
307 161
310 161
313 161
316 160
319 160
323 160
326 160
328 159
331 159
334 159
337 159
340 159
343 159
346 159
348 158
351 158
354 158
357 158
360 157
363 157
366 157
369 157
372 157
375 157
377 156
380 156
383 156
386 156
389 156
391 155
394 155
397 155
400 155
403 155
406 155
409 155
411 156
414 156
417 156
420 156
423 156
426 157
429 157
432 158
435 158
437 159
440 160
442 161
445 161
447 162
449 163
452 164
454 165
457 166
460 167
462 168
464 169
466 170
469 171
471 172
473 173
475 174
477 175
479 176
481 177
483 178
485 180
487 182
489 183
490 185
492 186
493 188
495 189
496 191
497 193
499 195
500 197
501 199
503 201
504 203
506 205
507 207
508 209
509 211
510 213
511 215
512 217
513 219
514 221
514 224
515 226
516 228
517 230
518 232
519 234
519 237
520 239
520 242
520 245
520 248
520 251
520 254
519 256
519 259
518 261
517 263
517 266
516 268
515 270
514 272
513 274
512 276
511 278
510 280
509 282
508 284
507 286
506 288
505 290
504 292
502 294
501 296
499 298
497 300
496 302
494 303
492 305
490 306
488 307
486 309
484 310
482 311
480 312
478 314
476 315
473 316
471 317
468 317
466 318
463 319
460 319
458 320
455 320
453 321
450 321
448 322
445 322
442 322
440 323
437 323
434 323
431 323
428 323
425 323
422 323
419 323
416 323
413 323
410 323
407 323
404 323
401 323
398 323
395 323
392 323
389 323
386 323
383 323
380 323
377 323
374 323
372 322
369 322
366 322
362 322
358 322
354 322
351 322
348 322
345 321
342 321
339 321
336 321
333 321
330 321
327 321
324 321
322 320
319 320
316 320
313 320
310 320
307 320
304 321
301 321
298 321
295 320
294 318
294 315
295 312
295 309
295 306
295 303
295 300
295 296
296 294
296 291
296 288
296 285
296 282
296 279
296 275
297 272
297 269
297 265
297 262
298 260
298 257
298 253
298 249
298 246
298 243
298 239
299 236
299 232
298 229
298 225
298 222
298 219
298 216
297 212
297 209
297 205
296 203
296 200
296 197
295 195
295 192
294 188
294 185
293 182
293 179
293 176
292 174
293 171
