260
289 163
293 162
296 162
298 161
301 161
304 161
307 161
310 161
313 161
315 160
319 160
322 160
325 160
328 159
331 159
334 159
337 159
341 158
344 158
347 158
350 158
353 158
356 158
358 157
361 157
365 157
368 157
371 157
374 156
377 156
380 156
383 156
386 155
389 155
392 155
395 155
398 155
401 155
404 155
407 155
410 155
413 155
416 155
419 155
422 155
424 154
427 155
429 154
431 155
434 155
437 155
440 155
442 156
445 156
448 156
451 157
454 157
457 157
459 158
462 158
464 159
467 159
469 160
472 161
475 162
477 163
480 164
482 165
484 166
487 167
489 168
491 169
493 170
495 171
497 173
499 174
501 175
503 176
505 178
507 179
509 180
510 182
512 183
513 185
515 186
517 187
518 189
520 191
521 193
523 195
524 197
526 198
527 200
528 202
530 204
531 206
532 208
533 210
534 212
535 214
535 217
536 219
536 222
537 224
537 227
538 229
538 232
538 235
538 238
538 241
538 244
537 246
537 249
536 251
536 254
535 256
534 258
534 261
533 263
532 265
531 267
530 269
529 271
528 273
527 276
526 278
525 280
524 282
523 284
522 286
520 288
519 290
518 292
516 294
514 296
512 298
510 299
509 301
507 302
505 303
503 304
501 305
499 306
497 307
495 308
493 309
490 310
487 311
484 312
481 313
478 314
475 314
472 314
470 315
467 315
465 316
462 316
459 316
456 316
454 317
451 317
448 317
445 318
442 318
439 318
436 318
434 319
431 319
428 319
425 319
422 319
419 319
416 319
413 319
410 319
407 319
405 318
401 318
397 318
393 318
390 318
386 318
382 318
379 318
376 318
373 318
370 318
368 317
365 317
362 317
359 317
356 317
353 317
350 316
346 316
343 316
340 316
337 316
335 315
332 315
329 315
326 315
323 315
321 314
318 314
315 314
312 314
309 314
306 314
303 314
300 314
297 313
294 313
292 312
292 309
292 306
293 304
293 301
293 298
293 295
293 292
293 289
293 286
293 283
293 280
293 277
293 274
293 271
293 267
293 263
293 260
293 257
293 254
293 250
293 247
293 244
293 240
293 237
293 234
293 231
292 228
292 225
292 222
292 219
292 215
292 212
291 209
291 206
291 202
291 199
291 196
291 193
291 190
291 187
290 185
290 182
290 179
290 176
291 173
292 173
