263
176 96
180 95
181 95
182 95
183 95
185 95
186 95
187 95
189 95
190 94
192 94
194 94
195 94
197 94
199 93
201 93
203 93
204 93
206 92
208 92
210 92
212 92
214 92
216 91
219 91
221 91
223 91
225 91
227 91
229 91
231 91
233 91
235 91
237 91
240 91
242 91
244 91
247 91
249 91
251 91
254 91
256 92
259 92
261 92
263 92
266 92
269 92
271 92
274 93
276 93
279 93
281 93
284 93
287 94
289 94
292 94
295 94
297 94
300 95
303 95
306 95
308 96
311 96
313 96
316 97
318 97
321 98
324 98
326 99
329 100
331 100
333 101
336 102
338 102
341 103
343 104
345 105
348 106
350 107
352 108
354 109
357 110
359 111
361 112
363 113
364 114
366 116
368 117
370 118
371 120
373 121
375 123
376 124
377 126
379 127
380 129
381 130
382 132
383 133
384 135
385 136
386 138
387 139
388 140
388 142
389 143
390 145
390 146
391 148
391 149
391 151
392 152
392 154
392 155
392 156
392 158
392 159
392 160
392 161
391 163
391 164
391 165
390 167
390 168
389 169
389 171
388 172
387 173
386 175
385 176
384 178
383 179
382 181
381 182
379 183
378 184
376 186
374 187
372 188
371 189
369 190
367 191
365 192
362 193
360 194
358 195
355 196
353 197
350 198
348 198
345 199
342 200
340 200
337 201
334 202
331 202
328 203
325 203
322 204
319 204
316 205
313 205
310 206
307 206
304 207
301 207
298 208
295 208
292 208
289 209
285 209
282 210
279 210
276 210
273 211
270 211
267 212
264 212
261 212
257 213
254 213
251 213
249 214
246 214
243 214
240 215
237 215
234 215
231 215
228 216
226 216
223 216
220 217
218 217
215 217
213 217
210 218
208 218
206 218
203 218
201 218
200 219
198 219
196 219
195 219
193 219
192 219
191 220
190 220
189 220
188 220
188 219
188 218
187 217
187 216
187 215
186 214
186 212
186 210
185 209
185 206
184 204
184 201
183 199
183 196
182 192
181 189
181 186
180 182
179 178
179 175
178 171
177 167
176 163
175 159
175 155
174 151
173 147
173 143
172 139
171 135
171 131
170 127
170 123
169 120
169 117
169 114
168 111
168 108
168 106
168 103
167 101
167 100
167 98
167 97
166 96
166 95
166 94
166 95
166 96
166 97
165 97
165 98
