270
198 94
204 93
205 92
207 92
208 92
210 92
212 92
214 92
216 91
218 91
221 91
223 91
226 91
228 90
231 90
233 90
236 90
239 90
242 90
245 89
248 89
251 89
254 89
257 89
260 89
263 89
266 89
269 88
272 88
275 88
277 88
280 88
283 88
286 88
288 88
291 87
294 87
297 87
299 87
302 87
305 87
307 87
310 86
312 86
315 86
317 86
320 86
322 86
325 86
327 86
329 87
331 87
334 87
336 87
338 88
340 88
342 88
344 89
346 89
348 90
350 91
352 91
354 92
356 93
358 94
359 95
361 96
363 97
364 98
366 99
368 100
370 102
371 103
373 104
375 105
376 107
378 108
379 109
381 111
383 112
384 113
386 115
387 116
388 117
390 119
391 121
392 122
393 124
395 125
396 127
397 129
398 130
399 132
400 134
401 135
401 137
402 138
403 140
403 142
404 144
405 145
405 147
405 149
406 150
406 152
406 154
407 155
407 157
407 159
407 160
407 162
407 163
407 165
407 166
407 168
406 169
406 171
406 172
405 174
404 175
404 177
403 178
402 180
401 181
400 183
399 184
398 185
397 187
396 188
395 189
394 190
392 191
391 193
390 194
389 195
387 196
386 197
385 198
383 199
382 200
380 200
379 201
377 202
376 203
374 204
372 204
371 205
369 206
367 206
365 207
364 207
362 208
360 208
358 209
356 209
354 209
352 209
350 210
348 210
346 210
343 210
341 211
339 211
336 211
334 211
331 211
328 211
325 211
322 211
319 211
316 211
313 211
310 211
307 211
303 211
300 211
297 211
293 211
290 211
286 211
282 211
279 211
275 211
272 211
268 211
265 211
261 212
258 212
254 212
251 212
247 212
244 212
241 212
238 212
235 212
232 213
229 213
226 213
223 213
221 213
218 213
216 213
214 213
212 213
210 213
208 213
207 213
206 213
205 213
204 213
203 213
202 213
201 213
200 212
200 211
200 210
200 209
200 208
200 206
200 205
199 203
199 201
199 199
198 197
198 195
198 192
197 189
197 186
196 183
196 180
195 176
194 173
194 170
193 166
192 162
192 159
191 155
190 151
190 148
189 144
188 141
188 138
187 135
187 132
186 129
186 126
186 123
185 121
185 118
185 116
185 114
185 112
184 110
184 108
184 106
184 105
184 103
184 102
184 101
183 100
183 99
183 98
183 97
183 96
182 95
182 96
182 97
182 98
182 99
181 100
