320
303 127
306 129
308 129
309 129
311 129
313 129
315 129
317 128
319 128
322 128
325 128
327 128
330 127
334 127
337 126
340 126
343 126
346 126
350 125
353 125
356 125
360 124
363 124
367 124
370 123
373 123
376 123
380 122
383 122
386 122
389 121
391 121
394 121
397 120
400 120
402 120
405 119
407 119
410 119
412 119
414 118
416 118
418 118
420 118
421 117
423 117
424 117
425 117
426 117
427 117
428 117
429 116
430 116
431 116
432 116
432 117
433 117
434 117
435 117
436 117
437 117
438 118
439 118
440 118
441 118
442 119
443 119
445 119
446 120
447 120
448 120
450 121
451 121
452 122
453 123
454 123
456 124
457 125
458 125
459 126
461 127
462 128
463 129
464 130
466 132
467 133
468 134
469 136
471 137
472 138
473 140
475 142
476 143
478 145
479 146
480 148
482 149
483 151
484 153
485 154
485 156
486 158
487 160
487 162
488 164
488 166
488 168
489 170
489 172
490 174
490 176
490 178
491 181
491 183
491 185
491 187
491 190
491 192
491 194
491 196
491 198
491 200
491 202
490 204
490 206
490 207
489 209
488 211
488 212
487 214
486 216
485 217
484 219
483 221
482 222
481 224
480 225
478 226
477 227
476 228
474 230
473 231
472 232
470 233
469 234
467 234
466 235
464 236
462 237
461 237
459 238
458 239
457 239
455 240
454 240
453 241
452 241
451 241
451 242
450 242
449 242
448 243
447 243
446 243
445 244
444 244
443 244
442 244
441 245
440 245
439 245
437 245
436 245
435 245
433 245
432 245
430 246
428 246
426 246
425 246
423 246
421 246
419 246
417 246
415 247
413 247
412 247
410 247
408 247
406 248
404 248
402 248
400 248
398 248
396 249
394 249
392 249
390 249
388 249
386 250
383 250
381 250
379 250
376 250
374 250
372 251
369 251
367 251
365 251
363 251
361 251
359 251
356 252
354 252
352 252
350 252
348 252
346 252
344 253
342 253
340 253
338 253
337 253
335 253
333 254
332 254
330 254
329 254
327 254
326 254
325 254
324 254
323 254
322 254
321 254
321 253
320 253
319 253
319 252
318 252
318 251
318 250
317 250
317 248
317 247
316 246
316 244
316 243
316 241
315 239
315 237
315 235
315 234
314 231
314 229
314 227
314 225
313 223
313 220
313 218
313 216
313 214
313 212
313 210
313 208
313 206
313 204
312 202
312 200
312 197
312 195
312 194
312 192
312 190
312 188
312 186
312 185
312 183
312 181
311 180
311 178
311 177
311 175
311 174
311 172
310 171
310 169
310 168
310 167
309 165
309 164
309 163
308 162
308 161
308 160
308 159
307 158
307 157
307 156
307 155
307 154
306 153
306 152
306 151
306 150
306 149
306 148
306 147
306 146
306 145
306 144
305 143
306 143
306 142
306 141
305 140
305 139
305 138
306 138
307 138
