634
192 112
196 112
197 112
198 112
199 112
201 113
202 112
203 113
204 113
205 113
206 112
207 112
208 112
209 112
211 112
212 112
213 112
214 113
215 113
216 113
217 113
218 113
220 113
221 113
222 113
223 113
224 113
225 113
226 113
228 113
229 113
230 113
231 113
233 113
234 113
235 113
236 113
237 113
239 113
240 113
241 113
242 113
243 113
245 113
246 113
247 113
248 113
250 113
251 113
252 113
254 113
255 113
257 113
258 113
259 113
261 113
262 113
264 112
265 112
266 112
268 112
269 112
271 112
272 112
273 112
274 112
276 112
277 112
278 111
280 111
281 111
282 111
284 111
285 111
287 111
288 111
289 111
291 111
292 111
293 111
294 111
295 110
297 110
298 110
299 110
300 110
302 110
303 110
304 110
306 110
307 110
308 109
310 109
311 109
312 109
314 109
315 109
316 109
318 109
319 109
320 109
321 109
323 108
324 108
325 108
326 108
327 108
328 108
329 108
331 108
332 108
333 108
334 108
335 108
337 108
338 108
339 108
340 107
341 107
342 107
343 107
344 107
345 107
346 107
347 107
348 107
349 107
350 107
351 107
352 107
353 107
354 107
355 107
356 107
357 107
358 107
359 107
360 107
361 107
362 107
363 107
364 107
365 107
366 108
367 108
369 108
370 108
371 108
372 108
373 108
374 108
375 108
377 108
378 109
379 109
380 109
381 109
382 109
383 109
384 109
385 110
386 110
387 110
388 110
389 110
390 110
391 111
393 111
394 111
395 111
396 111
397 112
398 112
399 112
400 112
401 113
402 113
403 113
404 114
405 114
406 114
407 114
408 115
409 115
411 116
412 116
413 116
414 117
415 117
416 117
418 118
419 118
420 119
421 119
422 120
423 120
425 121
426 121
427 122
428 122
429 122
430 123
431 123
432 124
433 124
434 125
435 126
436 126
437 127
438 128
439 128
441 129
442 129
443 130
444 131
445 131
446 132
447 133
448 134
449 134
450 135
451 136
452 137
453 138
454 138
454 139
455 140
456 141
457 141
458 142
459 143
460 144
461 145
462 145
462 146
463 147
464 148
465 149
465 150
466 151
467 152
468 153
469 154
470 155
471 156
472 157
473 158
473 159
474 160
475 161
476 162
477 163
477 164
478 165
479 166
480 167
480 168
481 169
482 171
482 172
483 173
484 174
484 175
485 176
486 177
486 178
487 179
487 180
488 181
488 183
489 184
489 185
490 186
490 187
491 188
491 190
491 191
492 192
492 193
492 194
492 196
492 197
492 198
492 199
492 200
492 202
492 203
492 204
492 205
492 206
492 208
492 209
491 210
491 211
491 213
491 214
491 215
491 217
491 218
491 219
491 220
491 222
490 223
490 224
490 225
490 226
490 228
490 229
490 230
490 231
490 232
489 234
489 235
489 236
489 238
489 239
488 240
488 242
487 243
487 244
487 246
486 247
485 248
485 249
484 250
483 252
483 253
482 254
481 255
480 256
480 257
479 258
478 260
477 261
476 262
475 263
475 264
474 265
473 267
472 268
471 269
470 270
469 271
468 272
467 273
466 274
465 275
464 276
463 277
462 278
460 278
459 279
458 280
457 281
455 282
454 283
452 284
451 284
449 285
448 286
446 287
445 288
443 289
441 290
440 290
438 291
437 292
435 293
433 293
432 294
430 295
428 296
427 296
425 297
424 298
422 298
420 299
419 299
417 300
415 300
414 301
412 301
411 301
409 302
407 302
406 302
404 303
403 303
401 303
400 304
398 304
396 304
395 304
393 304
392 305
390 305
388 305
387 306
385 306
384 306
382 306
381 307
379 307
377 307
376 307
374 307
373 308
371 308
369 308
367 308
366 308
364 308
362 309
360 309
358 309
356 309
354 309
353 309
351 310
349 310
347 310
345 310
343 310
341 310
340 310
338 310
336 310
334 310
332 310
330 310
328 311
326 311
324 311
322 310
320 310
318 311
316 311
314 310
312 311
310 310
308 310
306 310
304 310
302 310
300 310
298 310
296 310
294 310
292 310
290 310
289 310
287 310
285 310
283 310
281 310
279 310
277 310
275 310
274 309
272 309
270 309
268 309
266 309
264 309
262 309
260 309
258 309
256 309
254 309
251 309
249 309
247 309
245 309
242 309
240 309
238 309
235 309
233 309
231 309
228 309
226 309
224 309
222 309
219 309
217 309
215 309
213 309
211 308
209 308
206 308
204 308
202 308
200 308
199 308
197 308
195 308
194 308
192 307
191 307
190 307
189 307
188 307
187 306
186 306
186 305
185 304
184 303
184 302
184 301
184 300
184 299
184 298
184 297
183 296
183 295
183 294
183 293
183 292
183 291
183 290
183 289
183 288
183 287
183 286
183 285
183 284
183 283
183 282
183 281
183 280
183 279
183 277
183 276
182 275
182 274
182 272
182 271
182 270
182 268
182 267
182 265
182 264
182 262
182 261
183 259
183 258
183 257
183 255
183 254
183 253
183 251
183 250
183 248
183 247
183 245
183 244
183 243
183 241
183 239
183 238
183 236
184 235
184 233
184 232
184 230
184 229
184 227
184 226
184 224
185 223
185 221
185 219
185 218
185 216
185 215
185 213
185 211
185 210
186 208
186 206
186 205
186 203
186 201
186 200
186 198
186 197
186 195
186 193
186 192
187 190
187 188
187 186
187 184
187 183
187 181
187 179
187 178
187 176
187 174
187 173
188 171
188 169
188 167
188 166
188 164
188 162
188 160
188 159
188 157
188 155
189 153
189 152
189 150
189 149
189 147
189 146
189 144
189 143
189 141
189 140
189 138
190 137
190 135
190 134
190 133
190 131
190 130
191 129
191 128
191 127
191 126
191 125
190 125
190 125
