388
289 114
293 114
294 114
295 114
297 114
298 113
299 113
301 113
303 113
304 113
306 113
307 112
309 112
311 112
313 112
315 112
317 112
319 111
321 111
322 111
324 111
326 110
328 110
330 110
332 110
334 110
335 110
337 110
339 110
340 110
342 110
343 109
345 109
346 109
348 109
349 109
351 109
352 108
354 108
355 108
357 108
358 108
360 108
361 108
363 108
364 107
366 107
367 107
369 107
370 107
372 107
374 107
376 107
378 107
380 107
382 107
384 107
386 107
388 107
390 107
392 106
393 106
395 106
397 106
399 106
400 106
402 106
403 106
404 106
406 106
407 106
408 106
409 106
410 106
411 106
412 106
413 106
414 106
415 106
416 107
417 107
418 107
419 107
420 107
421 107
422 108
423 108
424 108
425 108
426 109
427 109
428 109
429 110
430 110
431 111
433 111
434 112
435 112
436 113
438 114
439 114
440 115
442 116
443 116
444 117
445 117
446 118
447 119
448 120
449 121
450 121
451 122
451 123
452 124
453 125
454 126
454 127
455 128
456 129
457 130
458 131
459 133
460 134
460 135
461 137
462 138
462 140
463 141
464 143
464 144
465 146
465 147
466 149
466 151
466 152
467 154
467 155
468 157
468 159
469 160
469 162
470 164
470 165
471 167
471 169
471 170
471 172
471 174
471 176
471 177
471 179
470 181
470 183
470 184
470 186
470 188
470 190
469 192
469 194
469 196
469 198
469 199
468 201
468 203
467 204
467 206
466 207
465 209
464 210
463 212
463 213
462 214
461 215
460 216
459 217
458 219
457 220
456 221
454 222
453 223
452 224
450 226
449 227
447 228
446 229
444 230
443 231
441 231
440 232
438 233
436 234
435 234
433 235
431 236
430 236
428 237
427 238
425 238
424 239
422 239
421 240
420 241
419 241
418 242
417 242
416 242
415 243
414 243
413 244
412 244
411 244
411 245
410 245
409 245
408 245
407 245
406 245
405 245
404 245
403 244
402 244
400 244
399 244
398 244
397 244
395 244
394 243
393 243
391 243
390 243
388 243
386 243
385 243
383 243
381 243
379 243
378 244
376 244
374 244
372 244
370 244
369 244
367 244
365 244
364 244
362 244
360 245
359 245
357 245
356 245
354 245
352 245
351 245
349 245
348 245
346 245
344 245
343 245
341 245
340 245
338 246
337 246
335 246
334 246
332 246
330 246
329 246
327 246
325 246
324 247
322 247
320 247
319 247
317 247
315 247
314 247
312 248
311 248
309 248
308 248
306 248
305 248
303 248
302 249
300 249
299 249
298 249
296 249
295 249
294 249
293 250
292 250
291 250
290 249
290 248
290 247
289 246
289 245
289 244
289 243
289 242
289 240
289 239
289 237
289 236
289 234
289 232
289 230
289 228
288 226
288 224
288 222
288 219
288 217
288 215
288 213
288 211
288 209
288 207
288 205
288 203
288 201
288 199
288 197
288 195
288 193
289 191
289 189
289 187
289 185
289 183
289 181
289 180
289 178
289 177
289 175
289 174
290 172
290 171
290 170
290 168
290 167
290 165
290 164
290 163
290 161
290 160
290 159
290 158
290 157
291 156
291 155
291 153
291 152
291 151
291 150
291 149
291 148
291 147
291 146
291 145
291 144
291 143
292 142
292 141
292 140
292 139
292 138
293 137
293 136
293 135
293 134
293 133
293 132
293 131
293 130
293 129
293 128
293 127
293 126
293 125
293 124
293 123
293 122
293 121
292 120
292 119
293 119
