664
172 117
176 116
177 117
178 117
179 117
180 117
181 117
182 117
183 117
184 117
185 117
186 117
187 117
188 117
189 117
190 117
191 117
192 117
193 117
194 117
195 117
197 117
198 117
199 116
201 116
203 116
204 116
206 116
208 116
210 116
211 116
213 116
215 115
217 115
219 115
221 115
222 115
224 115
226 115
228 115
229 115
231 115
233 115
235 115
236 115
238 115
240 115
242 115
243 115
245 115
246 115
248 115
250 115
251 115
253 115
255 115
257 115
258 115
260 115
262 115
264 115
265 115
267 115
269 115
270 115
272 115
274 115
275 114
277 114
278 114
280 114
280 114
281 114
283 114
285 114
286 114
286 114
287 114
289 114
290 114
291 114
293 114
294 114
295 113
296 113
298 113
299 113
300 113
301 113
303 113
304 113
305 112
306 112
307 112
309 112
310 112
311 112
312 112
313 112
314 112
315 112
317 112
318 112
319 112
320 112
321 112
322 112
323 112
324 111
325 111
326 111
328 111
329 111
330 111
331 111
332 111
333 111
334 111
335 111
336 111
337 111
339 111
340 111
341 111
342 111
344 111
345 111
346 111
347 111
348 111
349 111
351 111
352 111
353 111
354 111
355 111
356 111
358 111
359 112
360 112
361 112
362 112
364 112
365 112
366 112
368 113
369 113
370 113
371 113
373 113
374 113
375 114
376 114
377 114
379 114
380 114
381 115
382 115
383 115
385 115
386 115
387 116
388 116
390 116
391 116
392 117
393 117
395 117
396 117
397 118
398 118
399 118
400 119
401 119
402 119
403 120
404 120
405 120
406 121
407 121
408 121
408 122
409 122
410 122
411 123
412 123
413 123
415 124
416 124
417 125
418 125
419 125
420 126
421 126
422 126
423 127
424 127
425 128
426 128
426 129
427 129
428 130
429 131
430 131
431 132
432 132
433 133
434 133
435 134
436 135
437 136
438 136
439 137
440 138
441 139
442 139
443 140
444 141
445 141
446 142
447 143
448 144
449 144
450 145
451 146
452 147
453 148
454 149
455 150
456 150
457 151
458 152
459 153
460 154
461 155
462 156
463 157
464 159
464 160
465 161
466 162
467 163
468 164
469 166
469 167
470 168
471 169
472 170
472 171
473 173
474 174
474 175
475 176
475 177
476 179
476 180
476 181
477 182
477 184
477 185
478 187
478 188
478 189
478 191
478 192
478 193
479 194
479 196
479 197
479 198
479 200
479 201
479 202
479 204
479 205
479 206
478 207
478 209
478 210
478 211
478 213
478 214
478 215
477 217
477 218
477 219
477 220
476 221
476 223
476 224
476 225
476 226
475 227
475 228
475 229
475 230
475 231
475 232
474 233
474 234
474 235
474 236
474 237
474 238
474 239
473 240
473 241
473 242
473 243
473 244
472 245
472 246
472 247
471 248
471 249
471 250
470 250
470 251
469 252
469 253
468 254
468 255
467 256
467 257
466 257
466 258
465 259
465 260
464 261
464 262
463 263
462 264
462 265
461 266
460 267
460 268
459 269
458 270
457 271
456 272
455 273
454 274
453 275
452 276
451 277
450 278
449 279
448 280
447 280
446 281
445 282
443 283
442 284
441 284
440 285
439 286
438 287
437 288
436 288
435 289
433 290
432 291
431 291
430 292
429 293
428 293
426 294
425 295
424 296
422 296
421 297
419 298
418 299
416 299
415 300
413 300
411 301
410 302
408 302
407 303
405 303
404 304
403 304
401 304
399 305
398 305
396 306
395 306
393 307
392 307
390 308
388 308
387 308
385 309
384 309
382 309
380 310
379 310
377 311
376 311
374 311
373 312
371 312
370 312
368 312
367 313
365 313
363 313
362 314
360 314
359 314
357 315
356 315
354 315
353 315
351 316
350 316
349 316
347 316
346 317
344 317
343 317
341 317
340 317
338 318
336 318
334 318
333 318
331 318
329 319
327 319
325 319
324 319
322 319
320 320
318 320
317 320
315 320
313 320
311 320
309 320
307 321
305 321
304 321
302 321
300 321
298 321
296 321
295 321
293 321
291 321
289 321
287 321
285 321
283 321
281 321
279 321
277 321
275 321
273 321
271 321
269 321
268 321
266 321
264 321
262 321
260 321
259 321
257 321
255 321
253 321
252 321
250 320
248 320
246 320
245 320
243 320
241 320
240 320
238 320
236 320
234 320
232 320
230 320
229 320
227 320
225 320
223 320
222 320
220 320
218 320
217 320
215 320
213 320
212 320
210 320
209 320
207 320
206 320
204 319
203 319
201 319
200 319
198 319
197 319
196 319
194 319
193 319
192 319
191 319
189 319
188 319
187 319
186 319
185 319
184 319
182 319
181 319
180 319
179 319
178 319
177 319
176 319
175 319
173 319
172 319
171 319
170 319
169 319
168 319
167 319
166 319
165 318
164 318
164 317
163 317
163 316
163 315
163 314
163 313
163 312
164 312
164 311
164 310
164 309
164 308
164 307
164 306
164 305
164 303
164 302
164 301
164 300
164 299
164 298
164 296
164 295
164 294
165 293
165 291
165 290
165 289
165 287
165 286
165 285
165 283
165 282
165 281
165 280
165 278
165 277
165 276
165 274
165 273
165 272
165 270
165 269
166 267
166 266
166 264
166 263
166 262
166 260
166 259
166 257
166 256
166 255
166 253
166 252
166 250
166 249
166 247
166 246
166 244
166 242
166 241
166 239
166 237
166 236
166 234
167 232
167 231
167 229
167 227
167 226
167 224
168 223
168 221
168 219
168 217
168 216
168 214
168 212
169 210
169 208
169 206
169 204
169 202
169 201
169 199
169 197
169 195
170 193
170 191
170 189
170 187
170 185
170 183
171 181
171 179
171 177
171 175
172 174
172 172
172 170
172 168
172 166
173 164
173 163
173 161
173 159
173 157
173 155
173 154
174 152
174 150
174 149
174 147
174 146
174 144
174 143
174 141
174 140
175 139
175 138
175 136
175 135
175 134
175 133
175 132
175 131
174 130
174 129
174 129
