348
191 126
195 124
196 124
197 124
199 123
200 123
201 123
202 123
204 123
205 122
207 122
209 122
211 121
213 121
215 121
217 121
219 120
221 120
223 120
226 120
228 120
230 119
232 119
234 119
236 119
238 119
240 118
242 118
244 118
246 118
248 118
251 117
253 117
255 117
257 116
259 116
261 116
263 115
265 115
267 115
269 115
271 114
273 114
276 114
278 113
280 113
282 113
284 112
286 112
287 112
289 112
291 111
293 111
295 111
297 111
299 111
301 110
303 110
305 110
307 110
308 110
310 110
311 110
313 110
314 110
315 110
316 110
317 110
318 110
318 109
319 109
319 110
320 110
321 110
322 110
323 111
324 111
325 111
326 112
327 112
328 112
329 113
330 113
332 114
333 114
334 115
336 115
337 116
339 117
340 117
342 118
344 119
345 119
347 120
348 121
349 122
351 123
352 124
353 125
355 126
356 127
357 128
358 129
360 131
361 132
362 133
363 134
364 136
366 137
367 139
368 140
369 141
370 143
371 144
372 145
372 147
373 148
374 149
375 151
376 152
376 153
377 155
378 156
378 157
379 158
380 159
380 161
381 162
381 163
382 165
382 166
383 168
383 169
384 170
384 172
384 173
384 175
384 176
384 178
384 179
384 181
384 182
383 184
383 185
383 187
382 188
382 190
382 192
381 193
381 195
380 197
379 198
379 200
378 201
378 203
377 204
376 205
375 207
375 208
374 209
373 210
372 212
371 213
370 214
369 215
368 217
367 218
366 219
365 220
363 221
362 222
361 223
360 224
358 225
357 225
356 226
354 227
352 228
351 229
349 229
348 230
346 231
345 232
343 233
342 234
340 234
339 235
337 236
336 237
334 237
333 238
331 239
330 239
329 240
328 240
326 241
325 241
325 242
324 242
323 242
322 243
321 243
320 243
319 243
318 243
317 243
316 243
315 243
314 243
313 243
311 243
310 243
309 243
307 243
306 243
305 243
303 244
301 244
300 244
298 244
296 244
295 245
293 245
291 245
289 245
288 245
286 245
284 246
282 246
281 246
279 246
277 246
275 246
274 246
272 246
270 247
268 247
267 247
265 247
263 247
261 248
259 248
258 248
256 248
254 249
252 249
250 249
248 249
246 249
244 249
242 249
240 250
238 250
236 250
234 250
232 250
230 250
228 250
226 250
224 250
222 250
220 250
218 250
216 250
214 251
212 251
210 251
208 251
207 251
205 251
204 252
203 252
201 252
200 252
199 252
198 253
197 253
196 253
196 252
197 251
197 250
197 249
196 247
196 246
196 245
196 243
196 241
196 240
196 238
195 236
195 234
195 232
195 230
194 227
194 225
194 222
194 220
194 217
193 214
193 212
193 210
193 208
193 206
193 204
193 202
193 200
193 198
193 195
193 193
193 191
193 189
193 187
193 185
193 183
193 181
193 179
193 177
193 176
193 174
193 172
193 170
193 168
194 167
194 165
194 163
194 161
194 159
194 157
194 156
194 154
193 153
193 151
193 150
193 148
193 146
193 145
193 144
193 142
193 141
193 140
193 138
193 137
193 136
193 135
193 134
193 133
193 132
193 131
