478
211 74
215 73
216 73
217 73
218 73
219 73
221 73
222 73
223 73
224 73
226 73
227 73
228 73
230 73
231 73
233 73
234 73
236 73
238 74
239 74
241 74
242 74
244 74
245 74
246 74
248 74
250 74
252 74
254 74
256 74
258 74
260 74
262 74
263 74
265 74
267 74
269 74
271 74
274 74
276 74
279 74
281 74
284 74
286 74
288 74
291 74
293 74
296 74
298 74
300 74
303 74
305 74
308 74
311 74
313 74
316 75
318 75
321 74
324 74
326 74
329 74
332 75
335 75
337 75
340 75
343 75
346 75
348 75
351 75
353 75
355 75
357 75
358 75
360 75
361 75
363 75
364 75
365 75
366 75
367 75
368 75
368 76
369 76
370 76
369 75
369 76
370 75
371 75
372 75
373 75
374 76
375 76
376 76
377 76
378 76
379 76
380 76
381 76
382 77
383 77
384 77
385 77
386 77
387 77
389 78
390 78
391 78
392 79
393 79
395 80
396 80
397 80
398 81
399 81
400 82
401 82
403 83
404 83
405 84
406 84
408 85
409 85
410 85
412 86
413 86
414 87
416 87
417 88
418 88
420 89
421 89
422 90
423 90
425 91
426 91
427 92
429 92
430 93
431 93
433 94
434 95
436 96
437 96
438 97
439 98
441 98
442 99
443 100
444 101
444 102
445 103
446 104
447 105
447 106
448 107
449 108
450 109
451 110
452 111
452 112
453 113
454 114
455 115
455 116
456 116
457 117
458 118
459 119
459 120
460 122
461 123
461 124
462 125
462 127
463 128
463 129
464 131
464 132
464 133
465 134
465 135
465 137
466 138
466 139
466 140
467 141
467 142
467 143
467 145
467 146
468 147
468 149
468 150
468 151
468 153
468 154
468 155
468 156
468 157
468 158
468 159
468 160
468 161
468 163
468 164
468 165
468 166
468 167
468 169
467 170
467 171
467 172
467 174
467 175
466 176
466 177
466 178
466 179
465 180
465 181
465 182
464 183
464 184
463 184
463 185
463 186
462 187
462 188
461 189
461 190
460 191
459 192
459 193
458 194
457 195
456 196
456 197
455 198
454 199
453 200
452 201
451 202
451 203
450 203
449 204
448 205
447 205
446 206
444 207
443 208
442 209
441 210
440 210
439 211
437 211
436 212
435 213
434 213
432 214
431 215
430 215
428 216
427 217
426 217
425 218
424 218
422 219
421 219
420 220
419 220
417 220
416 221
415 221
413 221
412 221
410 221
409 221
408 222
407 222
406 222
405 222
404 222
403 222
402 222
401 222
400 222
399 222
398 222
397 222
396 222
395 222
394 222
393 222
392 222
391 222
390 222
389 222
388 222
387 222
386 222
385 222
384 222
383 222
382 222
381 222
380 222
378 222
377 222
375 222
374 222
372 222
370 222
368 222
366 222
364 222
362 222
360 222
358 222
356 222
354 221
352 221
350 221
348 221
346 221
344 221
342 221
339 221
337 221
335 221
333 221
331 221
330 221
328 221
326 221
324 221
322 221
321 221
319 221
317 221
315 221
314 221
312 221
311 221
309 220
308 220
306 220
304 220
302 220
300 220
298 220
296 220
294 220
292 220
290 220
288 220
286 220
283 220
281 220
279 220
277 220
274 220
272 220
269 220
267 220
264 220
262 220
259 220
257 220
255 220
253 220
250 220
248 220
246 220
244 219
243 219
241 219
240 219
238 219
237 219
236 219
235 219
234 218
233 218
232 218
231 218
230 218
229 218
228 218
229 217
229 216
229 215
229 214
229 213
229 212
228 211
228 210
228 209
228 208
228 207
228 206
227 205
227 204
227 203
227 202
226 200
226 199
226 197
226 196
225 194
225 192
225 191
224 189
224 187
224 186
224 184
223 182
223 181
223 179
222 177
222 175
221 173
221 171
221 169
220 167
220 165
220 163
219 162
219 160
219 158
219 156
218 154
218 152
218 150
217 147
217 145
217 143
216 141
216 139
216 138
216 136
216 134
215 133
215 131
215 129
215 127
214 126
214 124
214 122
213 120
213 119
213 117
213 116
213 115
213 113
212 112
212 111
212 110
212 108
211 107
211 106
211 104
211 103
210 102
210 101
210 100
210 99
210 98
210 97
209 96
209 95
209 94
209 93
208 92
208 91
208 90
207 90
207 89
207 90
