470
234 113
241 113
243 113
245 113
246 113
248 113
251 112
253 112
255 112
258 112
260 112
263 111
266 111
268 111
271 111
274 111
277 110
280 110
283 110
286 110
288 109
291 109
295 109
298 108
301 108
304 108
307 107
310 107
313 107
317 107
320 107
323 106
326 106
329 106
333 106
336 106
339 105
343 105
346 105
349 105
353 104
356 104
359 104
362 104
366 104
369 104
372 103
375 103
378 103
381 103
384 103
386 103
389 103
392 103
394 103
396 103
398 103
400 103
402 103
403 103
405 103
406 103
407 103
408 103
409 103
410 103
411 103
412 103
413 103
414 103
415 103
415 102
416 102
417 102
418 102
419 102
420 102
421 102
422 102
423 102
424 102
425 102
426 102
427 102
428 102
430 103
431 103
432 103
434 103
435 103
437 103
438 104
440 104
442 104
443 104
445 104
447 104
449 105
450 105
452 105
453 105
455 106
456 106
457 107
459 107
460 107
462 108
464 108
465 109
467 110
468 110
470 111
472 111
473 112
475 112
477 113
478 113
480 114
482 115
484 115
485 116
487 117
489 117
490 118
492 119
493 120
495 120
497 121
498 122
500 123
501 123
503 124
504 125
506 126
507 127
509 128
510 129
512 130
513 131
515 132
517 133
518 134
520 135
521 136
523 137
524 139
525 140
526 141
527 142
529 143
530 145
531 146
532 147
532 148
533 150
534 151
535 152
536 154
537 155
537 156
538 157
539 158
539 160
540 161
540 162
541 164
541 165
541 167
542 168
542 170
542 171
542 173
543 174
543 176
543 177
543 179
543 180
543 182
543 184
543 185
543 187
543 188
543 190
542 192
542 193
542 195
542 197
542 198
542 200
541 202
541 203
541 205
540 207
540 208
540 210
539 211
539 212
538 214
538 215
537 216
536 218
536 219
535 221
534 222
533 223
532 225
531 226
530 228
529 229
528 230
527 231
526 232
525 234
524 235
523 236
522 237
521 238
519 240
518 241
517 242
515 243
514 244
512 245
511 246
509 247
508 248
506 249
505 250
503 250
502 251
500 252
499 252
497 253
495 253
494 254
492 255
490 255
488 256
486 256
484 257
482 257
479 258
477 258
475 259
473 259
470 260
468 260
466 261
463 261
461 262
458 262
456 263
454 264
451 264
449 265
447 265
445 266
444 266
442 267
441 267
439 267
438 268
437 268
436 268
435 268
434 268
433 268
432 268
431 268
430 269
429 269
428 269
427 269
426 269
425 269
424 270
423 270
422 270
421 270
419 270
418 270
416 270
415 270
413 270
411 270
410 270
408 270
406 270
404 270
402 270
400 270
398 270
396 270
394 269
392 269
390 269
388 269
386 269
384 269
383 269
381 269
379 269
377 269
375 269
374 269
372 269
371 269
369 269
368 268
366 268
365 268
364 268
362 268
361 268
359 268
358 268
356 268
355 268
353 268
351 268
350 268
348 268
346 268
345 268
343 268
342 268
340 269
338 269
337 269
335 269
334 269
332 269
330 269
329 270
327 270
326 270
324 270
322 270
321 270
319 270
318 270
316 271
314 271
313 271
311 271
309 272
308 272
306 272
304 272
302 272
301 272
299 272
297 272
296 273
294 273
293 273
291 273
290 273
288 273
287 273
285 273
283 273
282 273
280 274
278 274
276 274
275 274
273 274
271 274
270 274
268 274
266 274
265 275
263 275
262 275
261 275
259 275
258 275
257 275
256 275
255 274
254 274
253 274
252 274
252 273
251 273
251 272
250 271
250 270
250 269
250 268
250 267
250 265
250 263
250 262
251 260
251 258
251 256
251 253
251 251
251 249
251 246
251 243
251 241
251 238
251 235
251 233
250 230
250 228
250 225
250 223
250 220
249 218
249 215
249 212
249 210
248 207
248 205
248 203
248 200
247 198
247 196
247 193
247 191
247 189
247 186
247 184
247 182
247 180
247 178
247 176
247 174
247 172
247 170
247 168
247 166
247 164
247 162
247 160
247 158
247 156
247 154
247 152
247 151
247 149
247 148
247 146
247 144
247 143
247 141
246 140
246 138
246 137
246 136
245 134
245 133
245 132
244 131
244 130
244 129
244 128
244 127
243 127
243 126
243 125
243 124
243 123
242 122
243 122
244 122
