594
150 128
155 127
156 127
157 127
158 127
159 127
160 127
161 127
162 127
164 127
165 127
166 126
168 126
169 126
171 126
172 126
174 126
175 126
177 126
178 126
180 126
181 126
183 127
184 127
186 127
187 127
189 127
190 127
192 126
193 126
195 126
196 126
198 126
199 126
201 126
202 126
204 126
205 127
207 127
209 127
210 127
212 127
213 127
215 127
216 127
218 127
219 127
221 127
222 127
224 127
225 127
226 127
228 127
229 127
231 127
232 127
234 127
235 127
237 127
238 127
240 127
241 127
243 127
244 127
246 127
247 127
249 127
250 127
251 127
253 127
254 127
256 127
257 127
259 127
260 127
262 127
263 127
265 127
266 127
268 127
269 127
271 127
272 127
274 127
275 127
277 127
278 127
279 127
281 127
282 127
284 127
285 127
287 127
288 127
289 127
291 127
292 127
293 126
295 126
296 126
297 126
298 126
299 126
301 126
302 126
303 126
304 126
306 126
307 125
309 125
310 125
312 125
313 125
315 125
317 124
318 124
320 124
322 124
323 124
325 124
327 123
329 123
330 123
332 123
334 123
336 123
338 123
339 123
341 123
343 123
345 122
346 122
348 122
350 122
352 122
353 122
355 122
357 122
359 122
361 122
363 122
364 122
366 122
368 122
370 122
372 122
374 123
376 123
378 123
379 123
381 123
383 123
385 123
387 123
389 123
391 123
392 124
394 124
396 124
398 124
400 124
402 125
403 125
405 125
407 125
409 126
411 126
412 126
414 126
416 127
418 127
420 127
422 128
423 128
425 129
427 129
429 129
431 130
432 130
434 131
436 131
437 132
439 133
440 133
442 134
444 134
445 135
447 136
449 136
450 137
452 138
453 138
455 139
456 140
458 140
459 141
460 142
462 142
463 143
465 144
466 145
467 145
469 146
470 147
472 148
473 149
474 149
476 150
477 151
478 152
479 153
481 154
482 155
483 155
484 156
485 157
486 158
487 159
488 160
489 161
490 162
491 163
492 164
493 165
494 166
495 167
496 168
496 169
497 170
498 171
499 172
499 173
500 174
501 175
501 176
502 177
503 179
503 180
504 181
504 182
505 183
505 184
506 186
506 187
506 188
507 189
507 191
508 192
508 193
509 194
509 195
509 197
510 198
510 199
511 200
511 201
512 202
512 204
512 205
513 206
513 207
513 209
513 210
513 211
514 213
514 214
514 215
514 216
514 218
514 219
514 220
514 221
514 223
513 224
513 225
513 226
513 227
513 229
513 230
512 231
512 232
512 234
511 235
511 236
510 238
510 239
509 241
509 242
509 243
508 245
508 246
507 247
507 249
506 250
506 251
505 252
505 254
504 255
503 256
503 257
502 258
501 259
501 261
500 262
499 263
499 264
498 266
497 267
496 268
495 269
494 270
494 271
493 272
492 273
491 274
490 275
489 276
488 277
487 278
486 279
485 280
484 281
483 282
482 283
480 284
479 284
478 285
477 286
476 287
475 288
473 288
472 289
471 290
469 291
468 292
467 292
465 293
464 294
462 294
461 295
459 296
458 296
456 297
454 297
453 298
451 298
449 299
448 299
446 299
444 300
442 300
440 301
439 301
437 301
435 301
433 302
432 302
430 302
428 302
426 302
424 302
422 303
420 303
418 303
416 303
414 303
412 303
410 303
408 304
406 304
404 304
402 304
400 304
398 304
395 304
393 304
391 304
389 304
387 304
384 305
382 305
380 305
378 305
376 305
374 306
371 306
369 306
367 306
364 307
362 307
360 307
357 307
355 307
352 308
350 308
348 308
345 308
343 308
341 309
338 309
336 309
334 309
331 309
329 310
327 310
325 310
323 310
321 310
319 310
317 311
315 311
313 311
311 311
308 311
306 311
304 311
302 311
300 311
298 311
297 312
295 312
293 312
291 312
289 312
287 312
285 312
283 312
281 312
279 312
277 312
275 312
273 312
271 312
269 312
267 312
264 312
262 312
260 312
258 312
256 312
254 312
251 312
249 312
247 312
244 312
242 312
240 312
237 312
235 312
232 312
230 312
227 312
225 312
222 312
220 312
217 312
215 312
212 312
210 312
207 312
205 312
202 312
200 312
197 312
195 312
192 312
190 312
188 312
185 312
183 312
181 312
178 312
176 312
174 312
171 311
169 311
167 311
165 311
163 311
161 311
159 311
157 311
155 311
153 311
151 311
150 311
148 311
147 311
146 311
145 311
144 311
143 311
143 310
142 310
141 309
141 308
141 307
141 306
141 305
141 304
141 303
140 302
140 301
140 300
140 299
140 298
140 297
140 296
140 295
140 293
140 292
140 291
140 289
140 288
140 286
140 285
140 283
140 282
140 280
140 279
140 277
140 275
140 274
140 272
140 270
140 269
140 267
140 265
140 263
140 262
140 260
140 258
140 256
140 254
140 253
140 251
140 249
140 247
140 245
140 243
141 241
141 239
141 237
141 235
141 232
141 230
142 228
142 226
142 224
142 222
142 220
142 218
143 216
143 214
143 211
143 209
143 207
143 205
144 202
144 200
144 198
144 196
144 194
144 191
145 189
145 187
145 184
145 182
145 180
145 178
145 175
145 173
145 171
145 169
145 166
145 164
145 162
145 160
145 157
145 155
145 153
145 151
145 149
146 147
146 146
146 144
146 143
146 141
146 140
145 139
145 138
145 137
144 137
144 137
