590
218 112
223 111
224 111
225 110
226 110
227 110
228 110
229 110
230 110
231 110
232 110
233 110
235 110
236 110
237 110
238 110
239 110
240 109
241 109
242 109
243 109
244 109
245 109
246 109
247 109
248 109
249 109
250 109
251 109
252 109
253 109
254 109
255 108
256 108
257 108
259 108
260 108
261 108
262 108
263 108
264 108
266 108
267 108
268 108
269 108
270 108
272 108
273 108
274 108
276 108
277 108
278 107
280 107
281 107
282 107
284 107
285 107
287 107
288 107
290 107
291 107
292 107
294 107
295 107
297 107
298 107
299 107
301 107
302 107
303 107
305 107
306 107
307 107
308 107
310 107
311 107
313 107
314 106
315 106
317 106
318 106
320 106
321 106
323 106
324 106
325 106
327 106
328 106
330 106
332 106
333 106
335 106
336 105
338 105
339 105
341 105
342 105
344 105
346 105
347 105
349 105
350 105
352 105
354 105
355 105
357 104
359 104
360 104
362 104
363 104
365 104
367 104
368 104
370 104
371 104
373 104
374 104
376 104
377 104
378 103
380 103
381 103
382 103
383 103
384 103
385 104
386 104
387 104
389 104
390 104
391 104
392 104
393 104
394 104
395 104
396 104
397 104
398 104
399 105
400 105
401 105
402 105
403 105
404 105
406 105
407 105
408 106
409 106
410 106
412 106
413 107
414 107
416 107
417 108
418 108
420 108
421 109
423 109
424 109
425 110
427 110
428 110
429 111
431 111
432 111
433 112
435 112
436 112
437 113
438 113
439 114
441 114
442 114
443 115
445 115
446 115
447 116
448 116
450 117
451 117
452 118
453 118
455 119
456 119
457 120
458 120
459 121
461 121
462 122
463 123
464 123
465 124
467 125
468 125
469 126
471 127
472 128
474 128
475 129
476 130
478 131
479 132
481 133
482 134
483 135
484 136
486 137
487 138
488 139
489 140
490 141
491 142
492 143
493 144
494 145
496 146
497 147
497 148
498 149
499 150
500 152
501 153
502 154
502 155
503 156
503 157
504 158
504 160
505 161
505 162
506 163
506 164
506 165
507 167
507 168
507 169
508 170
508 171
508 172
509 173
509 174
509 175
509 176
509 178
509 179
510 180
510 181
510 182
510 184
510 185
510 186
510 187
510 189
510 190
510 191
509 193
509 194
509 195
509 197
509 198
509 199
508 200
508 202
508 203
507 204
507 205
507 206
506 208
506 209
506 211
505 212
505 213
504 215
504 216
503 217
503 219
502 220
501 221
501 223
500 224
499 225
499 226
498 228
498 229
497 230
496 231
496 233
495 234
494 235
493 236
493 238
492 239
491 240
490 241
490 243
489 244
488 245
488 246
487 247
486 248
485 249
484 250
484 251
483 252
482 252
481 253
480 254
480 255
479 256
478 256
477 257
476 258
475 258
474 259
473 260
471 260
470 261
469 262
468 262
467 263
465 264
464 264
463 265
462 265
460 266
459 267
458 267
457 268
455 268
454 269
452 269
451 270
450 270
448 271
447 271
445 271
443 272
442 272
440 273
439 273
437 273
436 274
434 274
433 274
431 275
430 275
428 275
427 275
425 276
424 276
422 276
421 277
419 277
418 277
416 277
414 278
413 278
411 278
410 278
408 279
407 279
405 279
404 280
402 280
401 280
399 280
397 281
396 281
394 281
392 281
391 281
389 282
387 282
385 282
383 282
381 282
380 282
378 282
376 283
374 283
372 283
370 283
368 283
367 283
365 283
363 283
361 283
359 283
357 283
355 284
353 284
352 284
350 284
348 284
346 284
344 284
343 284
341 284
339 284
337 284
335 284
333 284
332 284
330 284
328 284
327 284
325 284
323 284
322 284
320 284
318 284
317 284
315 284
313 284
311 284
309 284
308 284
306 284
304 284
302 284
300 284
298 284
296 284
294 284
292 284
290 284
288 284
286 284
284 284
281 284
279 284
277 284
275 284
273 284
270 284
268 284
266 284
264 284
262 285
259 285
257 284
255 284
253 284
251 284
249 284
247 284
245 284
243 284
241 284
239 284
237 284
236 284
234 284
232 284
230 284
228 284
226 284
225 284
223 284
222 284
221 284
219 284
218 284
217 284
216 284
215 284
214 284
214 283
213 283
212 283
212 282
212 281
211 280
211 279
211 278
211 277
211 276
211 275
211 274
211 273
211 272
210 271
210 270
210 269
210 268
210 267
210 266
210 265
210 264
210 263
210 261
210 260
210 259
211 258
211 256
211 255
211 254
211 252
211 251
211 250
211 248
211 247
211 247
211 246
212 244
212 243
212 241
212 241
212 240
212 239
212 237
212 236
212 234
212 233
212 232
212 230
212 229
212 228
212 226
212 225
212 223
212 222
212 221
212 219
212 218
212 216
212 215
212 213
212 212
212 210
212 209
212 207
212 206
212 204
212 203
212 201
212 200
212 198
212 197
212 195
212 193
212 192
212 190
212 188
212 186
212 184
212 183
212 181
212 179
212 177
212 175
212 173
212 172
212 170
212 168
212 167
212 165
212 163
212 161
212 159
212 158
212 156
212 154
212 152
212 151
212 149
212 148
212 146
212 144
212 143
212 141
212 140
213 138
213 137
213 135
213 134
214 132
214 131
214 129
214 128
214 127
214 126
214 125
215 124
215 123
215 122
215 121
214 121
214 120
214 120
