236
280 157
285 156
288 156
291 156
294 156
297 156
300 156
303 156
306 156
309 156
312 156
314 155
317 156
319 155
321 156
323 155
326 155
329 155
332 155
335 155
338 155
341 155
344 155
347 155
350 155
353 155
356 155
359 155
362 155
365 154
368 154
371 154
374 154
377 154
380 154
383 154
386 154
389 154
391 155
394 155
397 155
400 155
402 156
405 156
408 157
411 157
413 158
416 158
418 159
421 159
423 160
425 161
427 162
430 163
433 164
436 165
439 166
441 167
443 168
445 169
448 170
450 171
452 172
454 173
456 174
458 175
460 176
462 178
464 179
466 181
468 182
470 184
472 185
474 187
475 189
477 191
478 193
480 195
481 197
482 200
483 202
484 205
485 208
486 210
486 213
487 215
488 217
489 220
490 223
490 226
491 228
491 231
491 234
491 237
492 239
491 241
491 244
491 247
490 249
490 252
489 254
488 257
488 260
487 262
486 264
486 267
485 269
484 271
483 273
483 276
482 278
481 280
480 282
478 283
477 285
475 287
474 289
472 290
470 291
469 293
467 294
466 296
464 297
462 298
460 299
458 300
456 301
454 303
451 303
449 304
447 305
444 306
441 307
438 307
436 308
433 308
430 309
427 309
424 309
421 310
418 310
415 310
412 310
409 311
406 311
403 311
400 311
397 311
394 311
391 311
388 311
385 311
382 311
379 311
376 311
373 311
371 310
368 310
365 310
362 310
359 310
356 310
353 310
350 310
347 310
343 310
339 310
336 310
333 310
330 310
327 309
324 309
321 309
318 309
315 309
312 308
309 308
306 308
303 308
300 308
297 308
294 308
291 308
288 308
284 308
282 307
279 307
276 307
274 306
272 305
272 302
273 300
273 297
273 294
273 291
274 289
274 286
275 284
275 281
276 279
276 276
277 274
277 271
277 268
277 265
277 262
277 259
277 256
278 253
278 249
278 246
278 242
278 239
278 236
278 232
278 229
278 226
278 223
278 220
278 217
278 214
278 211
278 208
278 204
278 201
278 198
278 195
278 192
278 189
278 186
278 183
278 180
278 177
278 174
279 172
280 171
