526
240 111
246 111
246 110
248 111
248 110
250 110
251 110
252 110
253 110
255 110
256 110
257 110
259 110
260 109
261 109
261 109
263 109
264 109
265 109
267 109
268 108
269 108
271 108
272 108
273 108
275 108
276 108
277 108
279 108
280 108
281 107
283 107
284 107
285 107
287 107
288 107
290 107
291 107
292 107
294 107
295 107
296 107
298 107
299 107
300 107
301 107
303 107
304 107
305 107
307 107
308 107
309 106
311 106
312 106
313 106
315 106
316 106
317 106
318 106
320 106
321 106
322 106
324 106
325 106
326 106
327 106
329 106
330 106
331 105
333 105
334 105
336 105
337 105
339 105
340 105
341 105
343 105
344 105
346 105
347 105
349 104
350 104
352 104
353 104
354 104
356 104
357 104
359 104
360 103
362 103
363 103
365 103
366 103
368 103
369 103
370 103
372 103
373 103
374 103
375 103
377 103
378 103
379 103
380 103
381 103
382 103
384 103
385 103
386 103
387 103
389 103
390 103
392 104
393 104
394 104
396 104
397 104
398 104
400 104
401 105
403 105
404 105
405 105
407 106
408 106
410 106
411 107
413 107
414 107
416 108
417 108
419 108
420 109
422 109
423 110
425 110
426 110
428 111
429 111
431 112
432 112
434 113
435 113
437 114
438 114
439 115
441 115
442 116
443 116
445 117
446 117
448 118
449 119
451 119
452 120
453 120
455 121
456 122
457 122
458 123
460 123
461 124
462 125
463 125
465 126
466 127
467 128
468 128
470 129
471 130
472 131
473 132
474 133
475 134
476 134
477 135
478 136
479 137
480 138
481 139
482 140
483 141
484 142
485 143
486 144
487 145
487 146
488 147
489 148
490 149
490 150
491 151
492 152
493 153
493 154
494 156
495 157
495 158
496 160
496 161
497 162
497 164
498 165
498 166
499 168
499 169
499 170
500 172
500 173
500 174
500 176
500 177
501 178
501 180
501 181
501 182
501 184
501 185
501 187
501 188
501 189
501 190
501 192
501 193
501 194
501 196
501 197
500 198
500 200
500 201
499 203
499 204
498 205
498 207
497 208
497 209
496 211
495 212
495 214
494 215
493 216
492 217
492 219
491 220
490 221
489 222
489 223
488 224
487 225
487 226
486 227
485 228
484 229
484 230
483 231
482 232
481 233
481 234
480 235
479 236
478 237
478 238
477 239
476 240
475 241
474 242
473 243
473 244
472 244
471 245
470 246
469 247
468 248
467 248
466 249
465 249
465 250
464 251
463 251
462 252
461 252
460 253
459 254
458 254
457 255
455 256
454 256
453 257
452 257
450 258
449 258
448 259
447 260
445 260
444 261
442 261
441 262
439 262
438 263
436 263
435 264
433 264
432 265
430 265
428 266
427 266
425 267
424 267
422 268
420 268
419 268
417 269
415 269
414 270
412 270
410 270
409 271
407 271
405 271
404 272
402 272
400 272
398 273
396 273
394 273
392 273
390 274
388 274
386 274
384 274
382 275
380 275
378 275
376 275
374 275
371 275
369 276
367 276
365 276
363 276
360 276
358 276
356 276
354 276
351 276
349 276
347 276
344 277
342 277
340 277
337 277
335 277
333 277
330 277
328 277
325 277
323 277
320 277
318 278
315 278
312 278
310 278
307 278
304 278
302 279
299 279
296 279
294 279
291 279
288 279
286 280
283 280
280 280
278 280
275 280
273 280
270 280
268 280
266 280
263 280
261 280
259 280
257 280
255 280
253 280
251 280
249 279
248 279
246 279
244 279
243 279
241 279
240 279
238 279
237 279
235 279
234 279
233 279
232 279
231 278
230 278
229 278
228 278
227 278
226 278
225 278
224 277
224 276
223 276
223 275
223 274
223 273
222 273
222 272
222 271
222 270
222 269
221 268
221 267
221 266
221 265
221 264
221 263
220 262
220 261
220 259
220 258
220 257
220 255
220 254
220 252
220 251
220 250
220 248
220 247
220 245
220 244
220 242
220 241
220 239
220 238
220 236
220 234
220 233
220 231
220 230
220 228
220 226
220 225
220 223
220 222
220 220
220 219
220 217
220 216
220 214
220 212
220 211
220 209
220 207
220 206
221 204
221 202
221 200
221 199
221 197
221 195
221 193
221 191
221 190
221 188
221 186
221 184
221 183
221 181
221 179
221 178
221 176
220 175
220 173
220 172
220 170
220 169
220 167
220 166
221 164
221 163
221 161
221 159
221 158
221 156
221 154
221 153
221 151
221 150
221 148
221 147
221 145
221 144
221 142
221 141
221 139
221 138
222 137
222 135
222 134
222 133
222 131
222 130
222 129
223 127
223 126
223 125
223 124
223 123
223 122
224 122
224 121
224 120
224 119
224 118
224 117
223 117
222 117
221 117
221 117
