416
318 111
321 111
322 111
323 111
324 111
326 111
327 111
329 111
331 111
333 111
335 110
337 110
339 110
341 110
343 110
345 109
347 109
349 109
352 109
354 109
356 108
358 108
361 108
363 108
365 108
367 108
369 107
371 107
373 107
375 107
376 107
378 106
380 106
382 106
383 106
385 106
387 106
388 106
390 105
391 105
393 105
394 105
396 105
397 105
399 105
400 105
401 104
403 104
404 104
406 104
407 104
409 104
410 104
411 104
413 104
414 103
415 103
416 103
417 103
418 103
419 103
420 103
422 103
423 103
424 103
425 103
426 103
427 103
428 102
429 102
430 102
431 102
432 102
433 102
434 102
435 102
436 102
437 102
438 102
439 102
440 102
441 102
442 102
443 102
444 102
445 102
446 102
447 102
448 102
449 102
450 102
451 102
452 102
453 102
454 102
455 102
456 102
457 102
458 102
459 103
460 103
462 103
463 103
465 103
466 103
468 103
469 103
471 103
472 103
473 103
475 104
476 104
477 104
478 104
479 105
481 105
482 105
483 106
485 106
486 106
488 107
490 107
491 107
493 108
495 108
496 109
498 109
500 110
501 111
503 112
504 112
506 113
507 114
508 115
509 115
511 116
512 117
513 118
515 118
516 119
517 120
518 121
519 122
520 123
521 124
522 125
522 126
523 127
524 128
525 129
526 130
527 131
528 133
529 134
530 135
532 136
533 138
534 139
535 140
536 142
537 143
537 144
538 146
539 147
540 148
541 149
542 150
542 152
543 153
544 155
545 156
545 158
546 159
546 161
547 163
547 165
547 166
547 168
548 170
548 171
548 173
548 174
547 176
547 178
547 179
547 181
547 182
546 184
546 186
546 188
545 189
545 191
544 193
544 194
543 196
543 197
542 198
541 200
541 201
540 202
539 203
538 205
538 206
537 207
536 208
535 209
534 211
533 212
531 213
530 215
529 216
528 217
527 218
525 220
524 221
523 222
522 223
520 224
519 225
518 226
516 227
515 227
513 228
512 229
510 229
509 230
507 231
505 231
504 232
502 232
501 233
499 233
497 234
495 234
494 235
492 235
490 235
488 236
486 236
484 236
482 237
480 237
479 237
477 238
475 238
473 238
472 239
470 239
468 239
466 240
464 240
462 240
460 240
458 241
456 241
454 241
452 241
450 242
448 242
446 242
444 242
442 242
439 243
437 243
435 243
433 243
431 243
428 243
426 243
424 243
422 244
420 244
418 244
416 244
414 244
411 245
409 245
407 245
405 245
402 245
400 245
398 245
396 245
394 246
391 246
389 246
387 246
385 246
383 246
381 246
379 247
377 247
375 247
374 247
372 247
370 247
368 247
366 248
364 248
363 248
361 248
359 248
357 248
355 248
353 248
351 248
349 249
348 249
346 249
344 249
343 249
341 249
340 249
338 250
337 250
335 250
334 250
333 250
332 250
331 250
330 250
329 250
328 250
327 250
326 250
325 250
324 250
323 250
322 250
321 250
320 249
320 248
319 248
319 247
319 246
318 245
318 244
318 243
318 241
317 240
317 238
317 237
317 235
316 233
316 232
316 230
315 228
315 226
315 224
314 222
314 220
313 218
313 216
313 214
313 212
313 210
313 208
313 206
313 204
313 202
313 200
313 199
313 197
313 195
313 193
313 191
313 189
313 187
314 186
314 184
314 182
315 180
315 178
315 177
315 175
315 173
315 172
315 170
315 168
315 167
315 165
315 164
315 162
315 160
315 159
315 157
315 156
315 154
315 153
315 152
315 150
315 149
315 148
315 146
315 145
315 144
314 142
314 141
314 140
314 138
314 137
314 136
314 135
314 134
314 133
314 132
314 131
314 130
314 129
314 128
314 127
314 126
314 125
314 124
315 124
316 124
