253
187 80
192 78
193 78
194 78
195 78
196 78
197 78
199 77
200 77
202 77
204 77
206 77
207 77
209 77
211 76
214 76
216 76
218 76
220 76
223 76
225 75
227 75
230 75
232 75
234 75
237 74
239 74
242 74
245 74
247 74
250 74
252 74
255 73
257 73
260 73
262 73
265 73
268 73
270 72
273 72
276 72
278 72
281 72
284 72
286 72
289 72
291 72
294 72
297 72
300 72
302 72
305 72
307 72
310 72
312 73
315 73
317 73
320 74
322 74
324 75
327 75
329 76
331 76
333 77
335 78
337 79
339 79
341 80
343 81
345 82
347 84
348 85
350 86
352 87
354 88
356 89
358 91
359 92
361 93
363 95
365 96
367 97
369 99
371 100
372 102
374 103
376 105
378 107
380 108
382 110
383 111
385 113
387 115
388 117
389 118
390 120
391 122
392 124
393 126
394 128
394 130
395 132
396 134
396 135
397 137
397 139
397 141
398 143
398 145
398 147
398 149
398 151
398 153
398 155
398 157
397 158
397 160
397 162
396 164
395 165
395 167
394 169
393 170
392 172
391 174
389 176
388 177
386 179
385 181
383 183
381 184
379 186
377 187
375 189
373 190
371 192
369 193
366 194
364 195
362 197
359 198
357 199
355 200
352 201
350 202
347 203
345 204
342 205
339 206
337 206
334 207
332 208
329 208
326 209
323 209
320 210
318 210
315 211
312 211
309 211
307 211
304 212
301 212
298 212
295 212
292 212
290 212
287 212
284 212
281 212
278 212
275 212
272 212
269 213
266 213
263 213
260 213
258 213
255 213
252 213
249 213
246 213
243 214
241 214
238 214
235 214
233 214
231 214
228 214
226 214
224 215
222 215
220 215
219 215
217 215
215 215
214 215
212 216
211 216
210 216
209 216
208 216
207 215
207 214
207 213
206 212
206 211
206 210
206 209
206 207
206 206
206 204
206 202
205 199
205 197
205 194
204 192
204 189
203 186
203 182
202 179
202 175
201 171
201 167
200 163
200 159
199 155
199 151
199 146
198 142
198 138
198 133
197 129
197 125
197 121
196 117
196 113
196 110
195 106
195 103
195 100
194 97
194 94
194 92
193 89
193 87
193 86
192 84
192 83
192 82
191 82
191 81
192 82
