348
318 116
322 117
324 117
326 117
328 116
330 116
332 116
335 116
337 116
339 116
342 116
345 116
347 115
350 115
353 115
356 115
359 114
362 114
364 114
367 114
370 113
372 113
375 113
377 113
380 113
382 113
385 113
388 113
391 112
393 112
396 112
398 112
401 112
403 111
406 111
408 111
411 111
413 111
415 111
418 110
420 110
422 110
424 110
427 109
429 109
431 109
434 109
436 108
439 108
441 108
444 108
446 108
448 107
450 107
452 107
454 107
455 107
457 107
458 107
460 107
461 107
462 107
463 107
464 107
465 107
466 107
467 108
468 108
468 109
469 109
470 109
470 110
471 110
472 111
473 111
474 112
474 113
475 113
476 114
477 115
478 116
479 117
480 118
480 119
481 120
482 120
483 121
485 122
486 123
487 125
488 126
490 127
491 128
492 129
494 131
495 132
496 134
497 135
499 136
500 138
500 140
501 141
502 143
503 144
503 146
504 148
505 149
505 151
506 153
507 154
508 156
509 158
510 160
511 161
512 163
513 165
514 167
515 169
515 171
516 173
516 175
517 176
517 178
517 180
517 181
518 183
518 185
518 186
518 188
518 190
519 192
519 194
519 196
519 198
519 200
519 202
519 204
519 205
519 207
519 209
518 211
518 213
517 215
517 217
517 219
516 221
515 223
515 226
514 228
513 230
513 232
512 234
511 236
511 238
510 240
509 241
508 243
508 245
507 246
506 248
505 249
504 251
503 252
502 253
501 254
500 255
499 256
498 257
497 257
496 258
495 259
494 260
493 261
492 262
491 263
490 263
489 263
489 264
488 264
487 264
486 264
485 264
483 264
482 264
481 264
479 264
478 264
476 264
474 265
472 265
470 265
467 265
465 265
462 265
460 266
458 266
455 266
453 266
451 266
448 267
446 267
444 267
442 267
439 267
437 268
434 268
432 268
429 268
427 269
424 269
422 269
420 269
417 270
415 270
412 270
410 270
407 271
405 271
402 271
400 271
397 271
395 271
392 271
390 272
388 272
385 272
383 272
381 273
378 273
376 273
374 274
372 274
370 274
369 275
367 275
366 275
364 275
363 275
361 276
360 276
359 276
358 276
356 276
355 276
354 276
353 275
352 275
351 274
350 274
350 273
350 272
349 272
349 271
349 270
348 269
348 268
347 267
347 265
347 264
346 263
346 261
345 259
345 258
344 256
344 254
344 252
343 251
343 249
342 247
342 245
342 243
341 241
341 240
341 238
340 236
340 234
340 232
339 230
339 228
339 226
339 224
339 222
338 221
338 219
338 217
338 215
338 213
338 211
338 209
338 207
337 206
337 204
337 202
337 201
337 199
336 197
336 196
336 194
336 192
335 191
335 189
335 188
335 186
334 185
334 183
333 182
333 180
333 179
332 177
332 176
331 175
331 173
331 172
330 171
330 169
330 168
329 166
329 165
329 163
329 161
329 160
329 158
329 157
329 156
329 154
329 153
328 152
328 150
328 149
328 147
328 146
328 145
328 143
328 142
328 141
328 139
328 138
328 137
328 135
328 134
328 133
328 132
328 131
328 130
328 129
328 128
328 127
329 126
