460
148 141
158 140
160 140
161 139
163 139
165 139
167 139
169 138
171 138
174 138
176 138
178 137
181 137
183 137
185 137
188 137
190 137
193 137
195 137
198 136
200 136
203 136
205 136
208 136
211 136
213 136
216 136
218 135
221 135
223 135
226 135
228 135
231 135
234 135
236 134
239 134
241 134
244 134
246 134
249 134
251 134
254 134
256 133
258 133
261 133
263 133
265 133
268 133
270 133
272 132
274 132
276 132
278 132
280 132
283 132
285 132
287 132
289 132
291 131
293 131
294 131
296 131
298 131
300 131
301 131
303 131
305 131
306 131
307 131
309 130
310 130
311 130
313 130
314 130
315 130
317 130
318 130
320 130
321 130
323 130
324 130
326 129
328 129
329 129
331 129
333 130
334 130
336 130
338 130
340 130
342 130
344 130
345 130
347 130
349 131
351 131
353 131
355 131
357 132
359 132
361 132
363 133
365 133
367 134
369 134
370 135
372 135
374 136
376 136
378 137
379 137
381 138
383 139
385 139
386 140
388 141
390 141
392 142
393 142
395 143
397 144
398 145
400 145
402 146
403 147
405 148
407 149
408 149
410 150
412 151
413 152
415 153
416 154
418 155
419 156
421 157
422 158
423 159
425 160
426 161
427 162
428 163
429 164
430 165
432 166
433 167
434 168
435 169
436 171
437 172
437 173
438 174
439 175
440 176
441 177
442 178
443 179
444 181
444 182
445 183
446 184
447 185
447 187
448 188
448 189
449 190
449 192
450 193
450 194
451 195
451 197
451 198
452 199
452 200
452 202
452 203
452 204
452 205
453 207
453 208
453 209
453 210
453 212
453 213
453 214
453 215
453 217
453 218
453 219
453 220
453 222
453 223
452 224
452 225
452 227
452 228
452 229
452 231
451 232
451 233
451 234
451 236
451 237
450 238
450 240
450 241
450 242
449 244
449 245
449 246
448 247
448 249
448 250
447 251
447 252
446 253
446 254
445 255
445 256
444 257
444 258
443 259
443 260
442 261
441 262
440 263
440 264
439 265
438 266
437 267
436 268
435 269
434 270
432 271
431 272
430 273
429 274
428 274
426 275
425 276
424 276
423 277
421 278
420 278
419 279
417 279
416 280
415 281
413 281
412 281
410 282
409 282
408 283
407 283
405 283
404 284
403 284
402 284
400 284
399 285
398 285
396 285
395 285
393 286
392 286
390 286
389 286
387 286
386 287
384 287
382 287
381 287
379 287
377 288
376 288
374 288
372 288
370 289
368 289
366 289
364 289
362 289
360 289
358 289
356 290
354 290
352 290
350 290
348 290
346 290
344 290
342 290
340 291
338 291
336 291
334 291
331 291
329 291
327 291
325 291
323 291
321 291
319 291
317 291
315 291
313 291
310 292
308 292
306 292
304 292
302 292
300 292
298 292
296 292
294 292
294 292
292 292
289 292
287 292
285 292
285 292
283 292
281 292
279 292
276 292
274 292
272 292
270 292
268 292
265 292
263 292
261 292
258 292
256 292
254 292
251 292
249 292
247 293
244 293
242 293
239 293
237 293
234 293
232 293
229 293
227 293
224 293
221 293
219 293
216 293
214 294
211 294
209 294
206 294
203 294
201 294
198 294
195 294
193 294
190 294
188 294
185 294
183 294
180 294
178 294
176 294
174 294
172 294
170 294
169 294
167 294
166 294
165 294
164 294
163 294
162 293
161 293
160 293
159 293
159 292
158 292
157 291
157 290
156 289
156 288
156 287
156 286
156 285
156 284
156 283
156 282
156 281
156 280
156 279
156 277
156 276
156 274
156 273
156 271
156 269
155 267
155 266
155 264
155 262
155 260
155 258
155 256
155 254
154 251
154 249
154 247
154 245
154 243
153 240
153 238
153 236
153 233
153 231
153 229
153 227
153 224
153 222
153 220
153 217
153 215
153 213
153 210
153 208
153 205
153 203
153 200
153 198
153 195
153 193
153 190
153 188
153 185
153 182
153 180
153 177
153 174
153 172
153 169
153 166
153 164
153 161
154 159
154 156
154 154
154 152
154 150
154 148
154 147
154 146
154 145
154 144
153 144
152 144
151 144
151 144
