282
213 92
216 92
217 92
218 92
219 92
220 92
221 92
222 92
223 92
224 92
225 91
227 91
228 91
229 91
230 91
232 90
233 90
235 90
236 90
238 90
239 89
241 89
243 89
244 89
246 89
248 89
250 88
251 88
253 88
255 88
257 88
259 88
260 87
262 87
265 87
267 87
269 87
271 87
273 86
276 86
278 86
280 86
283 86
285 86
287 85
290 85
292 85
295 85
297 85
299 85
302 85
304 85
306 85
309 84
311 84
313 84
315 84
317 84
320 84
322 84
324 84
326 84
328 84
330 84
332 85
334 85
336 85
338 85
340 85
342 85
344 86
346 86
348 86
350 87
352 87
354 87
356 88
358 88
360 88
362 89
364 89
366 90
367 90
369 91
371 91
373 92
375 93
377 94
379 95
380 96
382 97
384 98
385 99
387 100
388 101
390 102
391 103
393 104
394 105
396 107
397 108
398 109
400 110
401 112
403 113
404 115
405 116
407 118
408 119
409 121
410 122
411 124
412 126
413 127
414 129
415 131
416 133
417 134
418 136
419 138
420 139
420 141
421 143
422 145
422 146
423 148
424 150
424 151
424 153
425 156
426 158
426 159
426 161
426 162
426 163
426 165
425 166
425 167
425 169
424 170
424 171
423 172
422 174
421 175
420 176
419 177
418 178
417 180
416 181
414 182
413 183
412 183
410 184
409 185
407 186
406 187
404 187
402 188
401 189
399 189
397 190
395 191
393 191
391 192
389 192
386 192
384 193
382 193
379 194
377 194
374 194
371 195
368 195
366 195
363 196
360 196
357 196
354 197
350 197
347 197
344 198
341 198
337 198
334 199
330 199
327 199
324 200
320 200
317 200
313 200
310 201
307 201
303 201
300 201
296 201
293 201
290 201
287 201
283 202
280 202
277 202
274 202
271 202
268 202
265 202
262 202
260 202
257 203
255 203
252 203
250 203
248 203
246 204
244 204
242 204
240 204
238 204
237 204
235 204
234 204
233 204
232 204
231 204
230 204
229 204
228 204
227 204
227 203
226 203
226 202
226 201
226 200
225 200
225 199
225 197
225 196
224 195
224 193
223 192
223 190
222 188
222 186
221 184
221 181
220 179
219 176
219 174
218 171
217 168
217 166
216 163
216 160
215 157
215 155
214 152
214 149
213 146
213 144
213 141
213 138
213 136
213 133
213 131
213 128
213 126
213 124
213 122
213 120
213 118
213 116
213 114
213 113
213 111
212 110
212 109
212 108
212 107
212 106
212 105
211 105
211 104
211 105
