381
205 82
210 81
211 80
213 80
214 80
215 80
216 80
217 80
219 80
220 80
221 80
222 80
224 80
225 79
227 79
228 79
230 79
232 79
234 79
235 78
237 78
238 78
240 78
241 78
243 78
244 78
246 78
247 78
249 78
251 78
253 77
255 77
257 77
259 77
261 77
262 76
264 76
266 76
267 76
269 76
271 76
273 75
275 75
276 75
279 75
280 75
282 75
284 75
286 75
287 74
289 74
290 74
292 74
293 74
295 74
297 74
299 74
301 74
302 74
304 74
306 74
307 74
309 73
310 73
311 73
312 73
313 73
315 73
316 73
317 73
319 73
320 73
321 73
323 73
324 73
325 73
326 73
328 73
329 73
330 73
331 73
332 73
333 73
334 73
335 73
336 73
338 73
339 73
340 73
341 73
342 73
343 73
344 73
345 73
347 73
348 73
349 73
350 73
351 73
353 73
354 73
355 73
356 73
357 73
359 73
360 73
362 73
363 73
364 73
366 74
367 74
369 74
370 74
372 74
373 75
375 75
377 75
378 76
380 76
381 77
382 77
384 78
385 79
387 79
388 80
390 81
392 82
393 82
395 83
397 84
398 85
400 85
401 86
402 87
404 88
405 89
406 89
408 90
409 91
410 92
412 93
413 93
414 94
415 95
417 97
418 98
419 99
420 100
421 101
422 102
422 104
423 105
424 106
425 107
426 109
427 110
427 111
428 112
429 113
429 114
430 115
431 116
431 117
432 119
433 120
433 121
434 123
435 124
435 126
436 127
436 129
437 131
437 132
437 133
438 134
438 136
438 137
439 138
439 139
439 140
439 141
439 143
439 144
439 145
439 147
439 148
439 149
439 151
439 152
439 153
438 154
438 155
438 156
438 157
437 158
437 159
437 160
436 161
436 162
435 162
435 163
434 165
433 165
433 166
432 167
431 168
430 169
430 171
429 172
428 173
427 174
426 175
425 176
424 177
423 178
422 178
421 179
420 180
419 180
417 181
416 181
415 182
414 182
412 183
411 183
410 184
408 184
407 185
405 186
404 186
402 187
401 187
400 187
398 188
397 188
396 188
394 189
393 189
391 189
390 190
388 190
386 190
385 190
383 190
381 191
380 191
378 191
376 191
374 191
373 192
371 192
369 192
366 192
364 192
362 192
360 192
358 193
356 193
354 193
351 193
349 193
347 193
344 194
342 194
339 194
337 194
335 195
332 195
329 195
327 195
324 195
322 195
319 196
317 196
314 196
312 196
309 196
307 196
304 196
302 196
299 196
297 196
294 196
292 196
289 196
287 196
284 196
282 196
279 196
276 196
274 196
271 196
268 196
265 196
263 196
260 196
258 197
255 197
252 197
250 197
248 197
246 197
244 197
242 197
240 197
239 197
237 196
236 196
235 196
234 196
233 196
233 195
232 195
231 194
231 193
230 192
230 191
230 190
229 190
229 189
229 188
228 187
228 186
227 185
227 183
226 182
226 181
226 180
225 178
225 177
225 175
225 173
224 172
224 170
224 168
223 166
223 164
223 162
222 160
222 158
222 156
221 154
221 152
221 150
220 148
220 146
220 144
220 142
219 140
219 138
219 136
219 134
218 132
218 130
218 128
218 126
217 124
217 122
216 120
216 118
216 116
215 115
215 113
214 112
214 110
214 109
213 107
213 106
213 104
212 103
212 101
212 100
212 99
211 98
211 97
211 96
211 95
210 95
211 95
212 95
213 94
