244
265 134
271 134
273 133
276 133
279 133
282 133
285 133
288 133
291 133
294 133
297 133
300 133
302 132
305 132
308 132
311 132
314 132
317 132
321 132
324 132
327 131
330 131
333 131
336 131
339 131
342 131
345 131
348 131
350 130
353 130
356 130
359 130
362 130
365 130
368 130
371 130
373 129
375 130
377 129
380 129
383 129
386 129
389 129
392 129
394 130
397 130
399 131
402 131
404 132
407 133
410 134
412 135
415 135
417 136
419 137
421 138
424 139
427 140
429 141
431 142
434 143
436 145
438 146
440 147
442 148
444 149
446 150
448 151
450 152
452 153
454 154
456 156
458 157
459 159
461 161
463 163
465 165
466 167
468 169
469 171
471 173
472 175
474 177
475 179
475 182
476 184
477 186
478 188
479 190
480 192
481 194
482 197
482 200
483 202
483 205
484 207
484 210
484 213
484 216
484 219
484 222
483 225
483 228
483 231
482 233
481 235
480 237
479 240
478 242
477 244
476 246
475 248
474 250
473 252
472 254
471 256
470 258
468 260
467 262
465 264
463 266
462 268
460 269
458 270
457 272
455 273
453 274
451 276
449 277
447 278
445 279
443 280
441 281
439 282
436 283
433 283
431 284
428 285
425 285
422 286
419 286
416 286
414 287
411 287
408 287
405 287
402 287
399 287
397 288
394 288
391 288
388 288
385 288
382 288
379 288
376 288
373 288
370 288
367 288
364 288
361 288
358 287
355 287
352 287
349 287
346 287
343 287
340 287
337 287
335 286
332 286
329 286
327 287
324 287
322 286
319 287
316 287
313 287
310 286
307 286
303 286
300 286
297 286
294 286
291 286
287 286
285 285
281 285
278 285
274 285
271 285
268 285
265 285
262 285
260 284
260 281
259 278
259 275
259 272
259 269
259 266
259 263
259 260
259 257
259 254
259 251
259 248
258 246
259 244
259 241
259 238
259 235
259 232
259 229
259 226
259 223
259 219
260 216
260 213
260 209
261 207
261 204
262 200
262 196
262 193
262 190
262 186
262 183
262 179
262 176
262 173
262 170
263 168
263 164
263 161
263 158
264 155
264 152
264 149
264 146
263 143
263 140
264 138
265 138
