503
186 68
188 67
189 67
190 67
191 67
192 67
193 67
194 67
195 67
196 67
197 68
198 68
199 68
200 68
201 68
202 68
203 68
204 68
206 68
207 68
208 68
209 68
211 68
212 68
213 68
214 68
216 68
217 68
218 68
219 68
220 68
221 68
223 68
224 68
225 68
227 68
229 68
231 67
232 67
234 67
236 67
237 67
239 67
240 67
242 67
243 67
245 67
247 67
248 67
250 67
252 67
254 67
255 67
257 67
259 67
261 67
262 66
264 66
266 66
268 66
270 66
273 66
275 66
277 66
280 66
282 66
285 66
287 66
290 66
293 66
296 66
299 66
302 66
305 66
308 66
310 66
313 66
315 66
318 66
320 66
322 66
324 66
326 66
328 66
329 66
330 66
331 66
332 66
333 66
334 66
335 66
336 66
337 66
338 66
339 66
340 66
340 67
341 67
342 67
343 67
344 67
346 67
347 68
348 68
349 68
350 68
351 68
353 68
354 68
355 68
357 69
358 69
359 70
361 70
362 71
364 71
365 71
366 72
368 72
369 73
371 73
372 74
373 74
374 75
376 75
377 76
378 76
379 77
380 77
381 78
382 78
383 79
384 79
385 80
386 81
387 82
388 82
389 83
390 84
391 85
392 85
393 86
394 87
396 87
397 88
397 89
398 89
399 90
400 90
401 91
402 92
403 92
403 93
404 94
405 95
406 96
407 97
408 97
408 98
409 99
410 100
411 101
412 103
413 104
414 105
415 106
415 107
416 109
417 110
418 111
419 111
419 113
420 114
421 114
421 115
422 116
423 117
423 119
424 120
424 121
425 122
426 124
426 125
427 127
427 128
428 130
428 131
429 133
429 134
430 135
431 137
431 138
432 139
432 140
433 142
433 143
434 145
434 146
434 148
435 150
435 151
436 153
436 154
437 156
437 157
437 158
437 159
438 161
438 162
438 163
438 164
438 166
438 167
438 169
438 170
438 171
438 173
438 174
438 176
438 177
438 178
438 179
438 180
438 181
437 182
437 183
437 184
437 185
436 186
436 187
436 188
436 189
435 190
435 191
435 192
434 193
434 195
434 196
433 197
433 198
432 199
432 200
431 200
431 201
430 202
430 203
429 204
428 204
428 205
427 206
427 207
426 208
425 208
425 209
424 210
423 211
422 212
421 213
420 214
420 215
419 216
418 216
417 217
416 218
415 219
414 219
413 220
412 221
411 221
410 222
409 222
408 223
407 223
406 224
405 224
404 225
403 225
402 226
401 226
400 226
399 227
398 227
397 227
396 227
395 227
394 227
393 228
392 228
391 228
390 229
389 229
388 229
388 230
387 230
386 230
385 230
384 230
383 230
382 230
381 230
380 230
380 231
379 231
377 231
376 231
375 231
373 231
372 231
370 231
368 232
367 232
365 232
363 232
361 232
359 232
357 233
355 233
353 233
351 233
348 233
346 233
344 233
342 233
339 233
337 233
335 233
333 234
331 234
329 234
327 234
325 234
323 234
321 234
319 234
316 234
315 234
313 234
311 233
309 233
307 233
305 233
303 233
301 233
299 233
297 233
295 233
293 233
291 233
289 233
287 233
284 233
282 233
280 233
278 233
276 233
274 233
272 234
270 234
268 234
265 234
263 234
261 234
259 234
257 234
255 234
254 233
252 233
250 233
248 233
246 233
245 233
243 233
241 233
239 233
238 234
236 234
234 234
233 234
231 234
230 234
228 234
227 234
226 234
224 234
223 234
222 234
220 234
219 234
218 234
217 234
216 234
215 234
213 234
212 234
211 234
210 234
209 234
208 234
207 234
206 234
205 234
204 234
203 234
203 233
203 232
203 231
203 230
202 229
202 228
202 227
202 226
201 225
201 224
201 223
201 222
200 221
200 220
200 218
200 217
200 215
199 214
199 213
199 211
198 209
198 208
198 207
198 205
197 204
197 203
197 201
197 200
197 198
196 196
196 195
196 193
196 191
196 189
195 187
195 185
195 184
195 182
194 180
194 178
194 177
193 175
193 173
193 171
193 169
192 167
192 165
192 163
192 162
192 160
191 158
191 157
191 155
191 154
190 152
190 150
190 148
190 146
189 144
189 142
189 141
189 139
189 137
189 135
188 134
188 132
188 130
187 128
187 126
187 124
187 122
187 120
186 118
186 117
186 115
185 114
185 112
185 110
184 109
184 107
184 106
184 104
183 103
183 101
183 100
183 99
183 98
183 97
182 96
182 95
182 94
182 93
182 92
182 91
182 90
181 90
181 89
181 88
181 87
181 88
