246
292 158
298 157
301 157
304 157
307 157
310 157
313 157
316 157
319 156
322 156
325 156
328 156
331 156
334 156
336 155
339 155
342 155
345 155
348 155
351 155
354 155
356 154
359 154
362 154
365 154
368 154
370 153
373 153
376 153
379 153
382 153
384 152
387 152
390 152
393 152
396 152
399 152
402 152
405 152
408 152
411 152
414 152
417 152
420 152
422 153
425 154
428 154
430 155
433 155
435 156
438 156
440 157
443 158
446 159
449 159
451 160
453 161
455 162
457 163
459 164
461 165
463 166
465 167
467 169
469 171
471 172
473 173
475 174
477 175
479 176
481 178
483 180
485 181
487 183
489 184
491 185
492 187
494 188
496 190
498 192
500 194
501 196
503 198
504 200
506 202
508 204
509 206
510 208
511 210
512 212
513 214
514 216
515 218
516 220
516 223
517 225
518 228
518 231
519 233
519 236
520 239
520 242
520 245
520 248
520 251
520 254
520 257
520 260
519 262
518 265
518 268
517 270
516 272
514 274
513 276
512 278
511 280
509 282
507 284
505 286
504 288
502 289
500 291
498 293
496 295
494 297
492 299
490 300
488 302
486 303
484 304
482 305
480 306
477 306
475 307
473 308
470 308
468 309
465 310
462 310
460 311
457 311
454 312
451 312
448 312
445 313
442 313
440 314
437 314
434 314
431 314
428 314
426 315
422 315
419 315
416 315
412 315
409 315
405 315
402 315
399 315
396 315
392 315
389 315
386 315
384 314
381 314
378 314
375 314
372 314
369 314
365 314
362 313
358 313
355 313
352 313
350 312
347 312
344 312
341 311
338 311
335 311
333 310
330 310
327 310
324 310
322 309
319 309
316 309
313 309
311 308
308 308
305 308
302 308
299 308
297 307
294 307
291 307
289 306
290 304
290 301
291 298
291 295
291 292
292 290
292 287
292 284
292 281
292 278
293 276
293 273
293 270
293 267
294 265
294 261
294 258
294 255
294 251
295 249
295 246
295 243
295 239
295 236
295 233
295 229
295 226
295 223
295 219
295 216
295 213
295 209
296 207
296 204
296 201
296 198
296 195
296 192
296 188
297 186
297 183
297 180
297 177
297 174
297 171
297 168
298 167
