391
213 79
217 78
219 79
220 79
221 79
222 79
223 79
224 79
226 79
227 79
229 79
231 79
233 79
235 79
237 79
239 79
241 79
243 79
245 79
247 79
248 79
250 79
252 79
253 79
255 79
257 79
259 79
260 79
262 79
264 79
265 79
266 79
268 79
269 79
270 80
271 80
273 80
274 80
276 80
277 80
279 80
281 80
282 80
284 80
285 80
286 80
288 80
289 80
290 80
292 79
293 79
295 79
297 79
299 79
300 79
302 79
304 79
306 79
307 79
309 79
311 79
313 79
315 79
317 79
319 79
321 79
323 79
325 79
327 79
329 79
331 79
333 79
335 79
336 79
338 79
340 79
342 78
344 78
346 78
348 78
350 78
351 78
353 78
354 78
356 78
357 79
358 79
360 79
361 79
363 79
364 79
366 79
367 79
369 79
370 80
372 80
373 80
375 80
376 80
378 80
379 81
381 81
382 81
384 81
385 82
387 82
389 82
390 82
392 83
394 83
396 83
397 84
399 84
401 85
402 85
403 85
405 86
406 86
408 87
409 87
410 88
412 88
414 89
415 89
417 90
418 90
420 90
421 91
423 91
424 92
426 93
427 93
429 94
430 95
432 96
433 97
435 98
436 99
438 100
439 101
440 102
441 104
442 105
444 106
445 107
446 108
447 110
448 111
449 111
450 113
451 114
452 115
453 116
454 117
455 118
455 120
456 121
457 123
458 124
459 126
459 127
460 129
461 130
461 132
462 133
462 134
463 135
463 137
463 138
464 139
464 140
464 141
464 143
465 144
465 146
465 147
465 149
465 150
465 152
465 153
465 154
466 156
466 157
466 158
466 159
465 160
465 161
465 162
465 164
465 165
465 167
465 168
464 169
464 171
463 172
463 174
463 175
462 176
462 178
461 179
461 180
460 181
460 182
459 183
458 184
458 185
457 186
456 187
456 188
455 189
454 190
453 191
452 192
452 193
451 194
450 195
449 195
448 196
447 197
446 198
445 199
444 199
443 199
442 200
441 200
440 200
439 201
438 201
437 201
435 202
434 202
433 202
431 202
429 202
428 202
426 202
424 203
423 203
421 203
419 203
417 203
415 203
414 203
411 203
409 203
407 203
405 203
403 202
401 202
399 202
396 202
394 202
391 202
389 202
386 202
384 202
381 202
379 202
376 202
374 202
371 201
369 201
366 201
363 201
361 201
358 201
356 201
353 201
351 201
348 201
345 200
343 200
340 200
337 200
335 200
332 200
330 200
327 200
325 200
322 200
319 200
317 200
314 200
312 200
309 200
306 200
304 199
301 199
298 199
296 199
293 199
290 199
288 199
285 199
282 199
280 199
277 198
274 198
272 198
269 198
266 198
264 198
262 198
259 198
257 198
255 197
253 197
251 197
249 197
247 197
245 197
244 197
243 197
242 196
240 196
239 196
238 196
237 196
236 196
235 196
235 195
235 194
235 193
235 192
235 191
234 190
234 189
233 188
233 187
233 186
233 185
232 184
232 183
232 182
232 181
232 179
232 178
231 176
231 175
231 173
231 171
230 169
230 167
230 166
230 164
229 162
229 160
229 158
229 156
229 154
229 152
228 150
228 148
228 146
228 144
228 142
227 141
227 139
227 137
227 135
227 134
227 132
227 130
227 128
227 125
226 123
226 121
226 120
226 118
226 116
226 114
225 113
225 111
225 109
225 108
225 106
225 105
225 103
225 102
225 101
225 100
224 99
224 98
224 97
224 96
224 95
224 94
223 94
224 94
223 95
224 95
