253
276 153
282 152
284 151
287 151
290 151
293 151
296 151
299 151
301 150
304 150
307 150
310 150
313 150
316 150
319 150
322 150
325 150
328 150
331 150
334 149
337 149
340 149
343 149
346 149
349 149
352 149
355 148
357 149
359 148
362 148
365 148
368 148
371 148
373 147
376 147
379 147
382 147
385 147
387 146
390 146
393 146
396 146
399 146
402 146
405 146
408 146
411 146
413 147
416 147
418 148
421 148
424 149
427 149
430 150
433 150
435 151
438 152
441 153
444 154
447 155
450 155
452 156
454 157
456 158
458 159
460 160
463 161
465 162
467 163
469 164
470 166
472 167
474 168
476 170
478 171
480 173
482 174
484 176
485 178
487 179
488 181
490 183
491 185
493 187
494 189
495 191
497 192
498 194
499 196
500 198
501 200
502 202
503 204
504 206
505 208
506 210
507 212
508 215
509 218
510 220
510 223
511 225
511 228
512 230
512 233
513 235
513 238
513 241
513 244
513 247
512 249
512 252
512 255
512 258
511 260
510 262
509 265
508 268
507 270
506 272
505 274
504 276
502 278
500 280
499 282
497 283
496 285
494 286
492 288
490 289
488 290
486 291
484 292
482 293
480 294
478 295
476 296
474 297
471 298
468 299
465 299
463 300
460 300
458 301
455 301
452 301
450 302
447 302
444 303
441 303
438 303
436 304
433 304
430 304
427 304
424 304
421 304
418 304
415 304
412 304
410 303
407 303
404 303
401 303
398 303
395 303
392 303
389 302
386 302
383 302
380 302
378 301
375 301
372 301
369 301
366 301
363 301
360 301
357 301
354 301
351 301
348 301
345 301
342 301
340 300
336 300
333 300
330 300
326 300
323 300
320 300
317 300
315 299
311 299
308 299
305 299
302 299
299 299
296 299
293 299
290 299
287 299
284 299
282 298
279 298
276 298
273 298
273 295
273 292
273 289
273 286
273 283
273 280
273 277
273 274
272 271
272 268
272 265
272 262
271 260
272 257
272 254
272 251
272 248
272 245
272 242
272 239
272 236
272 233
272 229
272 226
272 223
272 220
273 218
273 214
273 211
273 208
273 205
273 202
273 199
273 196
273 193
273 189
273 186
273 183
273 180
273 177
273 174
273 171
272 168
272 165
272 162
273 160
