341
326 113
329 115
330 115
332 115
334 115
336 115
338 115
341 115
343 115
346 115
348 115
351 114
354 114
357 114
360 114
363 114
366 113
369 113
372 113
375 113
378 113
381 113
384 113
387 113
390 113
393 113
396 112
398 112
401 112
404 112
407 112
410 112
413 111
415 111
418 111
421 111
424 110
426 110
429 110
432 110
435 109
437 109
440 109
443 109
445 109
447 109
449 108
452 108
454 108
455 108
457 108
458 108
460 108
461 108
462 108
463 108
464 108
465 108
465 107
466 108
467 108
468 108
469 108
470 108
471 108
472 108
473 108
475 108
476 108
477 108
479 108
481 109
483 109
484 109
486 109
489 110
491 110
493 111
495 111
497 112
499 112
501 113
503 114
505 115
507 116
509 117
511 118
513 119
515 121
517 122
519 123
521 125
523 126
524 127
526 128
527 129
529 131
530 132
531 133
532 135
534 136
535 138
536 139
537 141
539 142
540 144
541 145
542 147
543 149
544 150
545 152
546 154
547 155
547 157
548 159
548 161
549 163
549 165
550 167
550 169
551 171
551 173
551 176
551 178
552 180
552 182
552 184
552 186
552 188
551 190
551 192
551 194
550 197
550 199
549 201
549 203
548 205
547 207
547 209
546 211
545 213
544 215
542 216
541 218
539 220
538 221
536 223
534 224
532 225
530 227
528 228
526 230
523 231
521 232
518 233
516 235
513 236
511 237
509 238
506 239
504 240
503 241
501 242
500 242
498 243
497 244
496 244
495 245
494 245
493 245
492 246
491 246
490 246
489 246
488 246
487 247
486 247
485 247
484 247
483 247
482 247
481 246
480 246
478 246
477 246
475 246
473 246
471 246
469 246
467 246
465 246
462 246
459 246
457 246
454 246
452 246
449 246
447 246
444 246
441 246
439 245
436 245
433 245
431 245
428 245
425 245
423 245
420 245
418 245
416 245
413 245
411 245
409 245
407 245
404 245
402 245
400 246
398 245
395 246
393 246
391 246
389 246
387 246
385 246
383 246
381 247
379 247
377 247
375 247
374 247
372 247
370 247
369 248
367 248
366 248
364 248
363 248
362 248
360 248
359 248
358 249
357 249
356 249
355 249
353 249
352 249
351 249
350 249
349 249
348 249
347 249
346 249
345 249
344 249
344 248
344 247
343 246
343 245
342 244
342 243
342 242
341 240
341 239
340 237
340 236
340 234
339 232
339 231
338 229
338 227
338 225
337 223
337 221
337 218
337 216
337 214
336 211
336 209
336 207
336 205
336 202
336 200
335 198
335 197
335 195
335 193
335 191
335 189
335 187
334 185
334 183
334 181
334 180
334 178
334 176
334 175
334 173
334 172
334 170
334 168
334 167
335 165
335 164
335 163
335 161
335 160
334 159
334 157
334 156
334 155
334 154
334 153
334 152
334 151
334 149
334 148
334 147
333 146
333 145
333 144
333 142
333 141
333 140
333 139
333 138
333 136
333 135
332 134
332 133
332 132
332 131
332 130
332 129
332 128
332 127
332 126
331 126
331 125
331 124
330 123
330 122
