285
172 100
178 99
179 99
180 99
181 98
182 98
183 98
184 98
186 98
188 97
189 97
191 97
193 97
195 96
197 96
199 95
201 95
203 95
205 94
207 94
209 93
211 93
213 93
216 92
218 92
220 92
223 91
225 91
227 91
229 90
232 90
234 90
236 90
239 89
241 89
243 89
246 89
248 89
251 88
253 88
256 88
258 88
261 88
263 87
266 87
269 87
271 87
274 87
277 87
279 87
282 86
284 86
287 86
289 86
292 86
295 86
297 86
300 86
302 86
305 86
307 86
309 86
312 86
314 86
317 86
319 85
321 85
324 85
326 85
328 85
331 85
333 85
335 85
337 85
340 86
342 86
344 86
346 86
349 86
351 86
353 86
355 87
358 87
360 87
362 87
364 88
366 88
368 89
371 89
373 90
375 90
377 91
379 92
381 93
383 94
385 94
387 96
389 97
391 98
393 99
395 100
397 101
399 102
400 104
402 105
404 106
405 108
407 109
408 110
409 112
411 113
412 115
413 116
414 118
415 120
416 121
418 123
419 125
419 127
420 129
421 131
422 132
423 134
424 136
424 138
425 140
426 142
426 144
427 145
427 147
428 149
428 151
428 153
428 155
428 157
428 158
428 160
428 162
428 163
428 165
427 167
427 168
426 170
426 172
425 173
424 175
423 177
422 179
421 180
419 182
418 183
417 185
415 186
414 188
412 189
410 191
408 192
406 193
403 195
401 196
398 197
396 198
393 199
391 201
388 202
385 203
382 204
379 205
376 206
373 207
370 208
367 209
364 210
361 211
358 212
355 213
351 213
348 214
345 215
342 216
338 216
335 217
332 218
329 218
325 219
322 219
319 220
316 220
312 221
309 221
306 222
302 223
299 223
295 224
292 224
289 225
285 226
282 226
279 227
276 227
272 228
269 229
266 229
263 230
260 231
257 231
254 232
252 232
249 233
246 233
243 234
241 234
238 235
236 235
233 236
231 236
229 236
227 236
225 236
224 237
222 237
221 237
219 237
218 237
217 237
215 237
214 237
213 237
212 237
211 237
210 236
210 235
210 234
210 233
210 232
210 231
209 229
209 228
209 226
209 224
208 222
208 220
208 217
207 214
207 211
206 208
206 205
205 201
205 197
204 194
204 190
203 186
202 181
201 177
201 173
200 169
199 165
198 161
197 156
197 152
196 148
195 144
194 140
193 137
192 133
191 129
191 126
190 123
189 120
188 117
188 114
187 112
186 110
186 108
185 106
185 105
184 104
184 103
184 102
183 102
184 102
184 103
184 104
184 105
184 106
