290
160 95
165 95
166 95
167 95
169 95
170 95
171 95
173 94
174 94
176 94
178 94
180 94
182 94
184 93
186 93
188 93
191 92
193 92
195 92
197 91
200 91
202 91
204 91
207 90
209 90
212 90
214 90
217 89
219 89
222 89
224 89
226 89
229 89
231 89
234 89
236 89
239 89
242 89
244 89
247 89
250 89
252 89
255 89
258 89
260 89
263 89
266 89
268 89
271 89
274 89
277 89
279 89
282 89
284 89
287 88
290 88
292 88
295 88
298 88
300 89
303 89
305 89
308 89
311 89
313 89
316 89
318 89
321 89
323 90
326 90
328 90
331 90
333 91
336 91
338 92
341 92
343 92
346 93
348 93
351 94
353 95
356 95
358 96
361 97
363 98
365 99
367 99
369 100
371 101
373 103
375 104
377 105
379 106
381 107
383 108
384 110
386 111
387 112
389 114
390 115
392 117
393 119
395 120
396 122
397 124
398 126
400 127
401 129
402 131
403 133
404 135
405 136
406 138
406 140
407 142
408 144
408 146
409 147
410 149
410 151
410 153
411 155
411 157
411 158
411 160
411 162
412 164
412 165
411 167
411 169
411 171
411 172
411 174
410 176
410 178
409 179
409 181
408 183
407 185
407 186
406 188
405 189
404 191
403 193
401 194
400 196
399 197
397 199
396 200
394 202
393 203
391 205
390 206
388 207
386 208
384 209
382 211
380 212
378 213
376 214
374 215
372 215
369 216
367 217
364 218
362 219
360 220
357 220
355 221
352 222
349 223
347 223
344 224
342 225
339 226
337 226
334 227
331 227
329 228
326 229
323 229
321 230
318 230
315 231
312 231
310 232
307 232
304 232
301 233
299 233
296 233
293 234
290 234
287 234
285 234
282 234
279 234
276 235
273 235
270 235
267 235
264 235
261 235
259 235
256 235
253 235
250 235
247 235
244 235
241 236
239 236
236 236
233 236
230 236
227 236
225 236
222 237
219 237
217 237
214 237
212 237
210 237
207 238
205 238
203 238
201 238
200 238
198 238
196 238
195 238
193 238
192 238
191 238
190 238
189 239
188 239
187 239
187 238
186 238
185 238
185 237
185 236
184 236
184 235
184 234
184 233
184 231
184 230
184 228
183 226
183 224
183 221
183 218
182 215
182 212
182 209
181 205
181 201
181 197
180 193
180 189
179 185
179 181
178 176
177 172
177 168
176 163
176 159
175 155
175 150
174 146
174 143
174 139
173 135
173 132
173 128
173 125
172 122
172 120
172 118
172 115
171 113
171 112
171 111
170 110
170 109
170 108
169 107
168 107
167 107
