302
311 138
314 139
316 139
317 139
319 139
321 139
323 139
326 138
328 138
331 138
334 138
337 138
339 137
343 137
346 137
349 136
352 136
356 136
359 135
362 135
366 135
369 134
372 134
376 134
379 133
382 133
385 132
388 132
391 132
394 132
396 131
399 131
401 131
403 130
406 130
408 130
411 130
413 130
415 129
417 129
419 129
420 129
422 128
424 128
425 128
426 128
427 128
428 128
429 128
430 128
431 128
432 128
433 128
434 128
435 128
436 128
437 128
438 128
439 128
440 128
441 128
442 129
443 129
444 129
445 129
447 130
448 130
449 130
451 131
452 131
453 132
455 132
456 133
458 134
459 135
461 135
463 136
464 137
466 138
467 139
469 140
470 141
471 142
473 143
474 145
475 146
476 147
477 148
478 150
479 151
480 153
481 154
481 156
482 157
483 159
484 161
485 163
485 164
486 166
487 168
487 170
488 173
489 175
489 177
490 179
491 182
491 184
492 187
492 189
493 192
493 194
493 196
494 199
494 201
494 203
493 205
493 208
493 210
493 212
493 214
492 217
492 219
492 221
491 223
491 225
490 227
490 229
489 230
488 232
487 234
487 235
486 237
485 239
484 240
483 242
481 244
480 245
479 246
478 248
477 249
476 250
475 251
474 252
473 253
472 254
471 254
470 255
469 255
469 256
468 256
467 256
466 256
465 256
464 256
463 256
462 256
460 256
459 256
457 256
456 256
454 256
452 256
450 256
448 256
446 256
444 256
442 256
440 257
437 257
435 257
433 257
430 257
428 258
426 258
424 258
422 258
420 258
418 259
415 259
413 259
411 259
409 259
406 260
404 260
402 260
399 260
397 260
394 261
392 261
390 261
388 261
385 261
383 262
380 262
378 262
375 262
373 262
370 263
368 263
365 263
363 263
360 264
358 264
356 264
354 265
351 265
349 265
348 266
346 266
344 266
342 266
341 267
339 267
338 267
337 267
336 267
335 268
334 267
333 267
332 266
331 265
331 264
330 263
330 262
329 261
329 260
329 259
328 257
328 255
327 254
327 252
326 250
326 248
325 245
325 243
324 241
324 239
323 237
323 235
322 233
322 231
321 229
321 227
320 224
320 222
320 220
319 218
319 216
319 214
319 212
318 210
318 208
318 207
318 205
318 203
318 202
318 200
318 199
318 197
318 195
318 194
318 192
318 190
318 188
318 187
317 185
317 184
317 182
317 181
317 179
317 178
316 177
316 175
316 174
316 172
316 171
316 170
316 168
316 167
316 166
315 164
315 163
315 162
315 161
315 160
315 159
315 158
315 157
315 155
314 154
314 153
314 152
314 151
314 150
314 149
314 148
314 147
315 147
315 146
316 146
317 145
318 143
