351
256 129
259 128
260 128
261 128
262 128
263 128
264 128
265 128
267 128
268 128
270 128
272 128
274 128
277 128
279 128
282 128
284 128
287 127
289 127
292 127
295 127
297 127
300 127
303 126
305 126
308 126
311 126
313 126
315 126
318 126
320 126
322 126
324 126
327 126
329 126
331 126
333 126
335 126
338 126
340 126
342 126
344 126
346 125
348 125
350 125
352 125
354 125
356 125
358 125
360 125
362 125
364 125
366 125
367 125
369 125
371 125
372 125
373 125
375 125
376 125
377 125
378 125
379 125
380 125
381 126
382 126
382 127
383 127
384 127
385 128
386 128
387 128
388 129
389 129
390 129
391 130
392 131
393 131
395 132
396 133
397 134
399 134
400 135
402 136
403 137
405 138
406 140
408 141
409 142
410 143
411 144
412 145
413 147
414 148
415 149
416 151
417 152
418 153
419 155
419 156
420 158
421 160
422 161
422 163
423 164
424 166
424 168
425 169
426 171
426 173
427 174
428 176
428 178
429 180
430 181
430 183
431 185
431 187
432 189
432 191
433 193
433 195
434 196
434 198
434 200
434 202
434 203
434 205
434 207
434 209
433 211
433 212
432 214
432 216
431 218
430 220
430 222
429 224
428 225
427 227
426 228
425 230
424 232
423 233
422 234
421 236
420 237
419 239
418 240
416 241
415 243
414 244
412 246
411 247
409 248
408 250
407 251
405 252
404 254
403 255
401 256
400 257
399 258
398 259
397 260
396 260
395 261
394 262
393 263
392 264
391 264
391 265
390 265
389 266
388 266
387 266
386 266
385 266
384 266
383 266
382 266
381 266
380 266
379 266
377 266
376 266
375 266
373 266
372 266
370 266
369 266
367 266
366 266
364 266
362 266
361 266
359 266
357 266
356 266
354 266
352 267
350 267
348 267
347 267
345 267
343 267
342 267
340 267
338 267
337 268
335 268
333 268
332 268
330 268
328 268
326 268
324 268
323 268
321 268
319 268
317 268
315 268
314 268
312 268
310 269
308 269
306 269
304 269
301 269
299 269
297 269
295 270
293 270
291 270
289 270
287 270
285 271
283 271
281 271
279 271
277 272
275 272
273 272
271 272
269 272
268 273
266 273
265 273
263 273
262 274
261 274
260 274
259 274
258 274
257 274
256 274
255 274
255 273
255 272
255 271
255 270
255 269
255 267
255 266
255 265
255 263
255 261
255 260
255 258
255 256
255 254
255 251
255 249
255 247
255 244
255 242
255 240
254 237
254 235
254 233
254 231
254 229
254 227
254 225
253 223
253 221
253 219
253 217
253 215
253 213
253 212
252 210
252 208
252 206
252 204
252 203
252 201
252 199
252 198
252 196
252 195
252 193
253 191
253 190
253 188
253 187
253 185
253 184
253 182
253 181
253 179
253 178
253 177
253 175
254 174
254 172
254 170
254 169
254 167
254 165
255 164
255 162
255 161
255 159
255 158
255 156
256 155
256 154
256 152
256 151
256 150
256 149
256 148
256 147
256 146
256 145
256 144
256 143
256 142
256 141
256 140
257 140
257 139
257 138
258 138
258 137
258 136
258 135
259 135
260 135
261 135
