399
216 82
219 81
220 81
221 81
222 81
223 81
225 81
226 81
227 81
229 82
230 82
232 82
234 82
235 82
237 82
239 82
240 82
242 82
244 82
245 82
246 82
248 82
249 82
251 82
253 82
255 82
256 82
258 82
260 82
262 82
264 82
266 82
267 82
269 82
270 82
272 81
274 81
276 81
278 81
281 81
283 81
285 81
287 81
289 81
291 81
293 81
296 81
298 81
300 81
303 81
305 81
307 81
310 81
312 81
314 81
317 81
319 81
321 81
323 81
326 81
328 81
330 81
331 81
333 81
335 81
336 81
338 82
339 82
341 82
343 82
344 82
346 82
348 82
350 82
351 82
353 82
354 82
356 83
357 83
358 83
359 83
361 83
362 83
364 83
365 83
367 83
369 84
370 84
372 84
374 84
376 84
377 85
379 85
380 85
382 85
383 86
385 86
387 86
389 87
390 87
392 87
394 88
396 88
397 88
399 89
401 89
402 90
403 90
405 90
407 91
408 91
410 92
411 92
413 93
415 94
417 95
418 95
420 96
421 97
423 98
424 99
425 99
426 100
427 101
429 102
430 104
431 105
432 106
433 107
435 108
436 109
437 110
438 111
439 112
440 113
441 114
441 115
442 116
443 117
444 119
444 120
445 121
446 122
446 124
447 125
447 127
448 128
448 130
449 131
449 132
450 133
450 135
450 136
451 137
451 138
452 139
452 141
452 142
452 143
453 145
453 146
453 148
453 149
453 151
454 152
454 154
454 155
454 156
454 157
454 159
454 160
454 161
454 162
454 164
453 165
453 167
453 168
453 170
453 171
453 173
452 174
452 176
452 177
451 179
451 180
450 181
450 182
450 183
449 184
449 186
448 187
448 188
447 189
446 190
446 191
445 193
444 194
444 195
443 196
442 197
442 198
441 199
440 200
439 201
438 202
438 203
437 203
436 204
435 204
434 205
433 205
432 206
431 206
430 207
429 208
427 208
426 209
425 209
424 210
423 210
422 211
421 211
420 211
419 211
418 212
416 212
415 212
414 212
413 212
411 213
410 213
409 213
407 213
406 213
405 213
403 213
402 213
401 213
400 213
398 213
397 213
395 213
393 213
391 213
390 213
388 213
386 213
384 213
382 213
381 213
379 213
377 213
376 213
374 213
372 213
370 213
368 213
366 213
364 213
362 213
360 213
358 213
356 213
354 213
352 213
350 213
348 213
346 213
343 213
341 213
339 214
336 214
334 214
332 214
330 214
327 214
325 214
323 214
320 214
318 214
316 214
313 214
311 214
309 214
306 214
304 214
301 214
298 214
296 214
293 214
290 214
288 214
285 214
283 214
280 214
278 214
275 214
272 214
270 214
267 214
265 214
262 214
260 214
257 213
255 213
253 213
251 213
248 213
246 213
244 213
242 213
240 213
239 213
237 213
235 212
234 212
232 212
231 212
230 212
229 212
228 212
227 212
226 212
225 212
225 211
225 210
224 209
224 208
224 207
224 206
223 206
223 205
223 204
222 203
222 202
222 201
221 200
221 198
221 197
220 195
220 194
220 192
220 190
219 188
219 187
219 185
219 183
218 181
218 180
218 178
217 175
217 173
217 171
216 169
216 166
216 164
215 162
215 160
215 158
214 156
214 154
213 151
213 149
213 147
212 145
212 142
211 140
211 139
211 137
210 135
210 133
209 131
209 129
209 127
208 125
208 123
208 121
208 119
207 117
207 115
207 114
207 112
206 110
206 108
206 107
206 105
205 103
205 102
205 101
205 99
205 98
205 97
204 96
204 95
204 94
204 95
204 94
204 95
204 94
