377
244 77
246 76
247 76
248 76
249 76
251 76
252 76
253 76
254 76
256 76
257 76
259 76
260 76
262 75
263 75
264 75
265 75
267 75
268 75
269 75
271 75
273 75
274 75
276 75
277 75
279 75
280 75
282 75
283 75
284 75
285 75
286 75
287 75
288 75
289 75
290 75
292 75
293 75
294 75
295 75
297 75
298 75
299 75
301 75
302 75
303 75
305 75
306 75
307 75
309 75
310 75
311 75
312 75
313 75
315 75
316 75
318 75
319 75
321 75
322 75
324 75
326 75
327 75
329 75
331 75
332 75
334 75
335 75
337 75
339 75
341 75
343 75
345 75
347 75
348 75
350 75
352 75
354 75
356 75
357 75
359 75
361 75
363 75
365 75
367 75
369 75
371 75
372 75
374 75
376 75
378 75
379 76
381 76
383 76
384 76
386 77
388 77
390 77
391 78
393 78
395 78
396 79
398 79
399 80
401 80
402 81
404 81
406 82
408 82
410 83
412 83
414 84
416 85
417 85
419 86
421 87
422 87
424 88
425 89
427 89
428 90
429 90
431 91
432 92
433 92
435 93
436 94
437 94
438 95
439 96
440 96
441 97
442 97
443 98
443 99
444 100
445 101
446 102
446 103
447 105
448 106
448 107
449 108
450 109
451 110
452 111
452 112
453 113
453 114
454 115
455 116
455 117
456 118
456 119
457 120
457 121
458 122
458 124
458 125
459 126
459 128
459 129
459 131
460 132
460 133
460 134
460 136
460 137
460 138
460 139
461 140
461 141
461 143
461 144
461 146
460 147
460 149
460 150
460 152
460 153
459 154
459 156
459 157
459 158
458 159
458 160
458 161
457 162
457 163
456 164
456 166
455 167
455 168
454 170
454 171
453 172
453 174
452 175
451 176
451 177
450 178
449 179
449 180
448 181
447 182
447 183
446 184
445 184
445 185
444 186
443 187
442 188
441 189
440 190
439 191
438 192
437 193
435 194
434 195
433 195
432 196
431 197
430 197
429 198
428 199
427 199
425 199
424 200
423 200
421 201
420 201
419 201
417 202
416 202
414 202
412 202
410 202
408 203
407 203
405 203
403 203
401 203
399 203
397 203
395 203
393 203
391 203
389 203
386 204
384 204
382 204
379 204
377 204
374 204
372 204
369 204
367 204
364 204
361 204
358 204
356 204
353 204
350 204
348 204
345 204
342 204
339 204
337 204
334 204
331 204
329 204
326 204
323 204
321 204
318 204
315 204
312 204
310 203
307 203
304 203
301 203
299 203
296 203
294 203
291 203
288 203
286 203
283 202
281 202
279 202
276 202
274 202
272 202
270 202
269 202
267 201
266 201
265 201
264 201
263 201
262 201
261 200
260 200
259 200
259 199
259 198
258 198
258 197
258 196
257 195
257 194
257 193
257 192
256 190
256 189
255 187
255 186
255 185
254 183
254 182
253 180
253 178
253 177
252 175
252 173
251 171
251 169
250 167
250 166
250 164
250 162
249 160
249 159
249 157
249 155
249 153
248 151
248 149
248 147
248 145
247 143
247 141
247 139
247 138
247 136
247 134
247 132
247 130
247 128
246 126
246 124
246 122
246 120
246 118
246 117
245 115
245 114
245 113
245 111
244 110
244 109
244 108
244 106
243 105
243 104
243 103
243 102
243 100
242 99
242 98
242 97
242 96
242 95
241 94
241 93
241 92
241 91
