509
310 112
314 114
315 114
317 114
318 114
319 114
321 114
323 113
325 113
327 113
329 113
331 113
333 113
335 112
338 112
340 112
342 112
345 112
347 111
350 111
352 111
355 111
357 110
360 110
362 110
364 110
366 110
369 109
371 109
373 109
375 109
377 108
379 108
381 108
383 108
385 108
387 107
388 107
390 107
392 107
394 107
395 107
397 107
398 106
400 106
402 106
403 106
405 106
406 105
407 105
409 105
410 105
412 105
413 105
414 105
416 105
417 104
419 104
420 104
421 104
423 104
424 104
425 104
427 103
428 103
429 103
431 103
432 103
434 103
435 103
437 103
439 103
440 102
442 102
443 102
445 102
446 102
447 102
449 102
450 102
451 101
452 101
453 101
454 101
456 101
457 101
458 101
459 101
460 101
461 101
462 101
463 101
464 101
465 101
466 101
467 101
467 100
468 100
469 100
470 100
471 100
471 101
472 101
473 101
474 101
475 101
476 101
477 101
478 101
479 101
480 101
481 101
482 101
483 101
484 101
486 102
487 102
488 102
489 102
491 102
492 102
494 103
495 103
497 103
498 103
499 103
501 104
502 104
503 104
504 105
505 105
506 105
506 106
507 106
508 107
509 107
510 108
511 108
512 109
513 109
514 110
515 110
516 111
517 111
518 112
519 112
520 113
521 114
522 114
523 115
524 115
525 116
526 117
527 117
528 118
529 119
531 119
532 120
533 121
534 122
535 122
536 123
537 124
538 125
539 125
540 126
541 127
542 128
543 129
544 129
545 130
547 131
548 132
548 133
549 134
550 135
551 136
552 137
553 138
554 139
555 140
555 141
556 142
557 143
557 144
558 146
559 147
559 148
560 149
560 150
561 151
562 152
562 153
563 155
563 156
564 157
564 158
565 159
565 160
565 162
566 163
566 164
567 165
567 166
567 167
567 168
567 170
568 171
568 172
568 173
568 175
568 176
568 177
568 179
568 180
568 181
568 183
567 184
567 186
567 187
567 189
567 190
567 192
566 193
566 194
566 196
565 197
565 198
565 199
564 200
564 201
563 203
563 204
562 205
562 206
561 207
561 208
560 209
559 210
559 212
558 213
558 214
557 215
556 216
555 217
555 219
554 220
553 221
552 222
551 224
550 225
549 226
548 227
547 229
546 230
545 231
544 232
543 233
541 234
540 235
539 235
538 236
537 237
535 238
534 238
533 239
532 240
530 240
529 241
528 242
526 242
525 243
524 244
522 244
521 245
520 245
519 246
517 246
516 247
515 247
514 248
512 248
511 248
510 249
508 249
507 250
506 250
504 251
503 251
502 252
500 252
499 252
498 253
496 253
495 253
494 254
492 254
491 254
489 255
488 255
486 255
485 255
483 256
481 256
480 256
478 257
476 257
475 257
473 258
472 258
470 258
468 259
467 259
465 259
464 259
462 260
461 260
459 260
458 260
456 261
455 261
454 261
453 261
451 261
450 261
449 262
448 262
446 262
445 262
444 262
443 262
441 262
440 262
439 262
438 262
437 263
435 263
434 263
433 263
431 263
430 263
429 263
427 263
426 263
425 264
423 264
422 264
421 264
420 264
418 264
417 264
416 265
415 265
413 265
412 265
410 265
409 265
407 265
406 265
404 265
403 266
402 266
400 266
399 266
397 266
396 266
395 267
393 267
392 267
390 267
389 268
387 268
385 268
383 269
381 269
380 269
378 269
376 270
374 270
372 270
371 270
369 270
368 271
366 271
365 271
363 271
361 271
360 272
359 272
357 272
356 272
355 272
353 272
352 272
351 272
350 272
349 272
348 272
347 272
346 272
345 272
344 272
343 272
342 272
341 272
340 272
340 273
339 273
339 272
338 272
337 272
336 271
335 270
334 269
334 268
333 267
333 266
333 265
333 263
332 262
332 261
332 259
331 258
331 256
331 254
331 252
330 250
330 248
330 246
330 244
329 242
329 240
329 238
329 236
329 234
329 232
328 230
328 228
328 226
328 224
327 222
327 220
327 218
327 216
326 214
326 212
326 210
326 209
326 207
325 205
325 204
325 202
325 200
325 198
325 196
324 194
324 192
324 191
324 189
324 187
324 185
323 183
323 181
323 180
323 178
323 176
322 174
322 173
322 171
321 169
321 168
321 166
321 164
320 162
320 161
320 159
320 157
320 156
319 154
319 153
319 151
319 150
318 148
318 147
318 145
318 144
317 142
317 141
317 139
317 138
317 136
317 135
316 134
316 133
316 132
316 131
316 130
316 129
315 129
315 128
315 127
315 126
316 126
317 125
317 124
318 124
318 123
319 123
320 121
