355
225 80
228 79
229 79
230 79
231 79
232 79
233 79
235 79
236 79
237 79
239 79
241 79
242 79
244 79
246 79
247 79
249 79
252 79
253 79
256 79
258 78
260 78
262 78
264 78
266 78
267 78
269 78
271 77
273 77
275 77
277 77
279 77
281 77
282 77
284 77
286 77
288 77
289 77
291 77
293 77
295 77
297 77
299 77
301 77
303 77
305 77
307 77
309 77
311 77
312 77
314 77
316 77
318 77
320 77
321 77
323 77
325 77
327 77
328 77
330 77
331 77
333 77
334 77
335 77
337 77
338 77
340 77
342 78
343 78
345 78
347 78
349 78
350 78
352 79
354 79
355 79
357 79
359 80
361 80
363 80
365 81
367 81
369 82
371 82
373 83
375 83
376 84
378 85
380 85
382 86
384 86
386 87
388 87
390 88
392 89
394 89
395 90
397 90
399 91
400 91
402 92
403 92
405 93
406 94
408 94
409 95
411 96
412 97
413 97
415 98
416 99
417 100
418 101
420 102
421 103
422 104
423 105
424 106
425 107
426 107
426 108
427 109
428 110
429 111
430 112
430 113
431 114
432 115
433 116
434 118
434 119
435 120
436 121
436 123
437 124
437 126
438 127
438 129
439 130
439 131
440 133
440 134
440 135
441 137
441 138
441 139
441 140
441 142
441 143
442 145
442 146
442 148
442 149
442 151
442 152
442 154
441 155
441 157
441 158
441 159
441 160
440 162
440 163
440 164
439 165
439 167
439 168
438 169
438 171
437 172
437 174
436 175
436 177
435 178
434 179
433 180
433 181
432 182
431 183
430 184
430 185
429 186
428 187
427 188
426 189
425 190
424 191
423 192
422 193
421 194
420 195
419 195
418 196
417 197
415 198
414 198
413 199
411 200
409 200
408 201
406 201
405 202
403 202
402 202
400 203
398 203
397 203
395 203
393 203
391 204
389 204
387 204
385 204
383 204
381 204
379 204
377 204
375 204
372 204
370 204
368 204
366 204
363 204
361 204
359 204
356 204
354 204
351 204
349 204
346 203
344 203
341 203
339 203
336 203
333 203
331 203
328 203
325 203
322 203
319 203
316 203
313 202
310 202
307 202
304 202
301 202
298 202
295 201
292 201
289 201
286 201
283 201
281 201
278 201
275 200
272 200
270 200
268 200
266 200
264 199
262 199
260 199
259 199
257 199
255 198
254 198
253 198
251 198
250 198
249 197
248 197
247 197
246 197
246 196
245 196
245 195
244 195
244 194
243 194
243 193
243 192
242 192
242 191
242 190
242 189
241 188
241 187
241 186
240 185
240 184
240 183
240 182
239 181
239 180
239 179
239 177
238 176
238 174
238 173
237 171
237 169
237 168
236 166
236 164
236 163
236 161
236 160
235 158
235 157
235 155
235 154
234 152
234 151
234 149
234 147
234 145
233 143
233 142
233 140
233 138
233 137
232 135
232 133
231 132
231 130
231 129
231 127
230 125
230 123
230 122
230 120
229 119
229 117
229 116
229 115
228 113
228 112
228 111
228 110
228 108
227 107
227 105
227 104
227 103
227 101
226 100
226 99
226 98
226 97
226 96
225 95
225 94
225 93
225 94
225 95
