325
179 99
183 99
184 99
185 99
186 98
187 98
188 98
189 98
191 98
192 98
193 98
195 98
196 98
198 97
200 97
201 97
203 97
205 97
207 97
208 97
210 96
212 96
214 96
216 96
218 96
220 96
222 96
224 96
226 96
228 96
230 96
232 96
234 96
235 95
237 95
239 95
241 95
243 95
245 95
247 95
248 95
250 95
252 95
254 95
256 94
258 94
260 94
262 94
264 94
266 94
268 94
270 94
271 93
273 93
275 93
277 93
279 92
281 92
283 92
285 92
287 91
289 91
291 91
293 91
295 91
297 91
299 90
301 90
303 90
305 90
307 90
309 90
311 90
313 90
315 90
318 90
320 90
322 90
324 90
326 90
328 90
331 90
333 90
335 91
337 91
339 91
341 91
344 92
346 92
348 92
350 93
352 93
354 94
356 94
359 95
361 95
363 96
365 96
367 97
369 98
371 99
373 99
375 100
377 101
379 102
381 103
383 104
385 104
387 105
389 106
391 107
393 108
395 109
397 110
398 111
400 112
402 114
404 115
405 116
407 118
408 119
410 120
411 122
413 123
414 125
415 126
416 128
417 130
418 131
419 133
420 135
421 136
422 138
422 140
423 141
424 143
424 145
425 147
425 149
426 151
426 152
426 154
427 156
427 158
427 159
426 161
426 162
426 164
426 165
425 167
424 168
424 170
423 171
422 173
421 174
421 176
420 177
419 179
417 180
416 182
415 183
414 184
412 186
411 187
409 188
407 190
405 191
403 192
401 193
399 195
397 196
395 197
393 198
391 199
389 201
387 202
384 203
382 204
380 205
377 206
375 207
373 208
371 209
368 209
366 210
364 210
362 211
360 211
357 212
355 212
353 212
350 213
348 213
345 214
343 214
340 214
338 215
335 215
333 216
330 216
328 217
325 217
322 218
320 218
317 219
314 219
312 220
309 220
307 221
304 221
302 221
299 222
296 222
294 223
292 223
289 223
287 223
285 224
282 224
280 224
278 224
276 224
273 225
271 225
269 225
267 225
265 225
263 225
261 226
259 226
257 226
255 226
253 226
251 226
249 227
247 227
245 227
243 227
241 227
239 228
237 228
235 228
234 228
232 229
230 229
228 229
226 230
224 230
222 230
221 230
219 231
217 231
215 231
214 231
212 232
210 232
209 232
207 232
206 232
204 232
203 233
202 233
200 233
199 233
198 233
197 233
196 233
195 233
194 233
193 233
192 233
192 232
193 232
193 231
193 230
193 229
193 228
193 227
193 226
193 224
193 223
194 221
194 219
194 217
194 214
194 212
194 209
194 207
194 204
194 201
194 197
193 194
193 191
193 188
192 184
192 181
192 177
191 174
191 170
190 167
190 163
190 160
189 156
189 153
189 149
188 146
188 142
188 139
188 136
187 133
187 130
187 127
187 125
187 122
187 120
187 117
186 115
186 113
186 112
186 110
186 109
186 108
186 107
186 106
186 105
