244
146 98
151 97
153 96
154 96
156 96
157 96
159 95
161 95
163 94
166 94
168 94
171 93
174 93
176 92
179 92
182 91
185 91
188 91
191 90
194 90
197 90
200 90
203 89
206 89
209 89
212 89
215 89
218 88
221 88
224 88
227 88
230 88
233 88
236 88
239 88
243 87
246 87
249 87
252 87
256 87
259 87
263 86
266 86
270 86
273 86
277 86
280 86
284 86
287 85
291 85
294 85
298 85
301 85
305 85
308 85
312 85
315 85
319 85
322 85
325 84
329 84
332 84
336 84
339 84
342 85
346 85
349 85
352 85
356 85
359 86
362 86
365 87
368 87
371 88
374 89
377 90
380 91
382 92
385 93
388 94
390 96
392 97
394 99
397 100
399 102
401 104
403 105
404 107
406 109
408 110
409 112
411 114
412 116
414 118
415 120
416 123
417 125
418 127
419 129
419 131
420 134
420 136
421 138
421 141
421 143
421 145
421 148
421 150
421 152
421 155
420 157
420 159
419 162
419 164
418 166
418 168
417 170
416 173
415 175
414 177
413 179
412 181
410 183
409 185
407 186
405 188
403 190
401 192
399 194
397 196
394 197
392 199
389 201
387 202
384 204
381 205
378 207
375 208
372 209
369 210
366 211
362 212
359 213
355 214
352 215
348 215
345 216
341 216
338 217
334 217
330 217
326 218
322 218
319 218
315 218
311 218
306 218
302 219
298 219
294 219
290 219
286 219
281 220
277 220
273 220
269 220
264 221
260 221
256 221
252 221
248 222
244 222
240 222
237 222
233 223
230 223
227 223
223 223
220 223
217 224
215 224
212 224
210 224
207 224
205 225
203 225
201 225
200 225
198 225
197 225
196 225
195 225
194 225
193 225
192 225
192 224
191 223
191 222
191 221
191 220
190 220
190 218
190 217
190 216
189 214
189 212
188 210
188 207
187 205
186 202
186 199
185 195
184 192
184 188
183 184
182 180
181 176
181 172
180 168
179 164
179 159
179 155
178 150
178 146
178 142
178 137
178 133
177 129
177 125
177 122
177 118
177 115
177 112
177 110
177 107
177 106
177 104
177 103
177 102
177 101
176 101
176 102
176 103
176 104
