238
295 138
299 136
301 135
304 135
307 135
310 134
313 134
315 133
318 133
322 133
325 132
329 132
332 132
335 132
337 131
340 131
343 131
346 131
348 130
351 130
354 130
357 130
360 130
363 130
365 129
368 129
371 129
374 129
377 129
380 129
383 129
385 128
388 128
391 128
395 128
398 128
401 128
404 128
407 128
410 128
413 128
416 128
419 128
422 128
424 129
427 129
430 129
432 130
435 130
437 131
440 131
443 131
446 132
449 132
452 133
455 133
457 134
459 135
461 136
463 137
465 138
467 139
470 140
472 141
474 142
476 143
478 144
480 146
482 147
484 148
486 149
487 151
489 152
491 153
492 155
494 156
496 158
498 160
500 162
501 164
503 165
504 167
505 169
507 171
508 173
509 175
510 177
511 180
512 182
512 185
513 187
513 190
514 192
514 195
514 198
514 201
514 204
514 207
514 210
514 213
514 216
513 219
513 222
512 225
512 228
511 230
510 232
510 235
509 237
508 239
507 241
506 243
504 245
503 247
501 249
500 251
498 253
497 255
495 257
494 259
492 260
491 262
489 263
487 264
485 266
483 267
481 268
479 269
477 271
474 272
472 273
470 274
467 274
465 275
463 276
460 276
458 277
455 278
452 278
449 279
446 279
443 279
441 280
438 280
435 280
432 280
429 281
426 281
423 281
420 281
418 282
415 282
412 282
408 282
405 282
402 282
398 282
394 282
390 282
386 282
383 282
380 282
377 282
374 282
371 282
367 282
363 282
360 282
357 282
354 282
351 282
349 283
346 283
342 283
338 283
335 283
332 283
329 283
326 283
324 282
320 282
316 282
312 282
309 282
305 282
302 282
298 282
294 282
291 282
288 282
285 281
284 279
283 277
283 274
283 271
282 269
282 266
282 263
282 259
282 255
282 252
282 249
282 246
282 242
282 239
282 235
282 232
282 228
282 225
281 223
281 220
281 216
281 213
281 210
281 207
281 203
281 200
281 196
281 193
281 190
281 186
281 183
281 180
281 177
281 174
281 171
281 168
281 164
281 161
281 158
281 155
281 152
280 149
280 145
280 142
280 139
280 136
281 136
