205
295 158
299 158
302 158
305 158
308 157
311 157
314 157
317 157
320 157
323 157
326 157
329 157
332 157
336 157
339 157
343 157
346 157
349 157
352 157
355 157
358 157
361 157
364 157
367 157
370 157
373 157
376 157
379 157
382 157
385 157
388 157
391 157
393 158
396 158
399 158
401 159
404 159
406 160
409 160
411 161
414 162
417 163
420 164
422 165
425 166
428 167
430 168
432 169
435 170
437 171
439 172
441 174
443 175
445 176
447 178
449 179
451 181
453 183
455 184
456 186
458 188
460 190
462 192
464 194
465 196
466 198
467 200
468 202
469 204
470 206
471 208
472 210
473 213
473 216
474 218
475 221
475 224
475 227
475 230
475 233
475 236
475 239
475 242
474 244
474 247
473 249
472 251
471 254
470 257
469 259
468 261
467 263
466 265
465 267
464 269
462 270
461 272
459 273
457 275
455 276
453 277
451 278
449 279
447 280
445 281
443 282
441 283
439 284
436 284
434 285
431 286
428 287
425 287
423 288
420 288
418 289
415 289
413 290
410 290
407 290
405 291
402 291
399 291
396 291
394 292
391 292
388 292
385 292
382 292
379 291
376 291
373 291
370 291
367 291
364 291
361 291
358 291
355 290
352 290
349 290
346 290
343 290
341 289
338 289
335 289
332 289
329 288
326 288
323 288
320 288
317 288
314 288
311 287
308 287
305 287
302 287
299 287
296 286
293 286
290 286
288 285
288 282
288 279
287 276
287 273
286 271
286 268
286 265
287 263
287 260
287 257
287 254
287 250
288 248
288 245
288 242
288 239
288 236
288 233
288 230
287 228
287 225
287 222
287 219
287 216
287 212
287 208
286 205
287 203
287 199
287 196
287 193
287 190
286 188
286 185
286 182
286 179
286 176
285 173
285 170
285 167
286 164
286 161
286 158
286 157
