449
160 129
165 126
166 126
167 126
169 126
170 125
171 125
173 125
174 125
176 124
178 124
179 124
181 124
183 124
184 124
186 123
188 123
190 123
191 123
193 123
195 123
197 123
199 123
200 123
202 123
204 123
206 123
208 123
209 123
211 122
213 122
215 122
217 122
219 122
220 122
222 122
224 122
226 122
228 122
230 122
231 122
233 122
235 122
237 122
239 122
241 122
243 122
245 122
247 122
249 122
251 122
253 122
255 122
257 122
259 122
261 121
263 121
266 121
268 121
270 121
272 121
274 121
276 121
279 121
281 121
283 121
286 121
288 120
291 120
293 120
296 120
298 120
301 120
304 120
306 120
309 120
311 120
314 119
317 119
319 119
322 119
324 119
326 119
329 119
331 119
334 119
336 119
338 119
341 119
343 119
345 119
348 119
350 120
352 120
354 120
356 120
358 120
361 120
363 121
365 121
367 121
369 121
371 121
374 122
376 122
378 122
380 123
382 123
384 124
386 124
388 125
390 125
393 126
395 126
397 127
399 127
401 128
403 129
405 130
407 130
409 131
411 132
413 133
415 134
417 135
419 135
421 136
423 137
425 138
427 139
428 140
430 141
432 142
434 143
436 144
437 145
439 146
441 147
443 148
444 149
446 150
447 151
449 152
450 153
452 154
453 155
454 156
456 157
457 159
458 160
459 161
460 162
461 164
462 165
463 166
463 167
464 168
465 170
465 171
466 172
467 173
467 175
468 176
469 177
469 178
469 180
470 181
470 182
471 184
471 185
472 187
472 188
472 189
473 191
473 192
473 193
474 195
474 196
474 197
474 199
475 200
475 201
475 203
475 204
475 206
475 207
475 208
475 210
475 211
474 213
474 214
474 215
474 217
474 218
473 220
473 221
472 222
472 224
471 225
471 226
470 228
470 229
469 230
468 232
468 233
467 234
466 236
466 237
465 238
464 240
463 241
462 243
462 244
461 245
460 246
459 248
458 249
457 250
456 251
454 252
453 253
452 254
451 255
450 256
448 257
447 258
446 259
444 260
443 261
442 262
440 263
439 264
437 265
436 266
434 267
433 268
431 269
430 270
428 271
426 272
425 273
423 273
421 274
419 275
417 276
415 276
413 277
412 278
410 278
408 279
406 280
404 280
402 281
399 282
397 282
395 283
393 283
391 284
388 284
386 284
384 285
382 285
380 286
378 286
375 286
373 287
371 287
368 287
366 288
363 288
361 288
358 289
356 289
354 289
351 289
349 289
346 290
344 290
341 290
339 290
336 290
333 291
331 291
328 291
325 291
323 291
320 291
317 291
315 291
312 291
309 291
306 291
303 291
301 291
298 291
295 292
292 292
289 292
286 292
284 292
281 292
278 292
275 292
272 292
269 292
266 292
263 292
260 292
257 292
254 291
251 292
248 291
245 291
243 291
240 291
237 291
234 291
231 291
228 291
225 291
222 291
219 291
216 291
214 291
211 291
208 291
205 291
202 291
199 291
197 291
194 290
191 290
189 290
186 290
184 290
181 290
179 290
177 289
175 289
173 289
171 289
169 288
167 288
166 288
165 288
163 287
162 287
161 287
160 287
160 286
159 286
158 286
158 285
157 285
157 284
156 283
156 282
155 281
155 280
155 279
155 278
155 277
155 276
155 275
155 274
155 273
155 272
155 271
154 269
154 268
154 266
154 265
154 263
154 262
154 261
154 259
154 258
154 256
153 255
153 253
153 252
153 250
153 249
153 247
153 245
153 244
153 242
153 240
153 239
153 237
153 235
153 233
153 232
153 230
153 228
154 226
154 224
154 223
154 221
155 219
155 217
155 215
155 213
155 211
156 209
156 208
156 206
156 204
156 202
156 200
156 198
156 197
156 195
156 193
157 191
157 189
157 187
157 185
157 183
157 181
157 179
157 177
157 175
157 173
157 171
157 169
157 167
157 165
157 163
157 161
157 159
157 157
157 155
157 153
157 152
157 150
157 148
157 146
157 145
157 143
157 142
157 141
156 140
156 139
156 138
156 137
156 136
157 135
157 135
