246
289 161
296 160
299 160
302 160
305 160
308 160
310 159
313 159
316 159
319 159
322 159
325 158
328 158
331 158
334 158
337 158
340 158
342 157
345 157
348 157
351 157
354 157
357 157
360 157
362 156
365 156
368 156
371 156
375 155
378 155
381 155
384 155
387 155
389 154
392 154
395 154
398 154
400 153
403 153
406 153
409 153
412 153
415 153
418 153
421 153
424 153
427 153
429 154
432 154
435 154
437 155
440 155
443 155
445 156
448 156
450 157
453 157
455 158
457 159
460 159
462 160
464 161
467 161
469 162
471 163
473 164
476 164
478 165
480 166
482 167
484 168
486 169
488 171
490 172
492 173
494 174
496 175
498 177
500 178
502 179
504 181
506 182
508 183
509 185
511 186
512 188
514 189
515 191
517 193
518 195
520 196
521 198
522 200
524 202
525 204
526 206
527 208
528 210
529 212
530 214
531 216
531 219
532 221
532 224
533 226
533 229
533 232
533 235
533 238
533 241
532 243
532 246
531 248
530 250
530 253
529 255
528 257
527 259
526 262
525 264
524 266
522 268
521 270
520 272
519 274
517 276
516 278
515 280
513 281
512 283
510 284
508 286
506 287
504 288
502 289
500 290
498 291
496 292
494 293
491 294
488 295
485 296
482 296
480 297
477 297
475 298
472 298
469 298
467 299
464 299
461 299
458 299
455 299
452 299
448 299
444 299
441 299
438 299
435 299
432 299
430 300
426 300
423 300
420 300
417 300
414 300
411 300
408 300
405 300
402 300
399 300
397 299
393 299
390 299
386 299
383 299
379 299
376 299
377 297
375 299
372 299
370 298
367 298
364 298
360 298
357 297
353 297
349 297
345 297
342 296
338 296
334 296
332 295
328 295
325 295
323 294
320 294
316 294
312 294
309 294
306 294
304 293
301 293
298 293
296 292
295 290
296 287
296 284
296 281
296 278
296 275
296 272
295 270
295 267
296 263
296 260
296 257
296 254
296 251
296 248
296 245
296 242
296 239
296 236
296 232
296 228
296 225
295 222
295 219
294 215
294 212
293 208
293 205
293 202
293 199
292 196
292 192
292 189
292 186
292 183
292 179
291 177
291 174
291 171
291 168
292 166
