212
177 86
182 85
183 85
184 85
185 85
187 85
189 84
190 84
192 84
194 84
196 83
198 83
200 83
202 82
205 82
207 82
210 82
212 81
215 81
217 81
220 81
223 80
225 80
228 80
231 80
234 80
236 80
239 80
242 80
245 80
248 80
251 80
254 80
257 80
260 80
264 80
267 80
270 80
273 80
276 80
280 80
283 80
286 80
290 80
293 80
296 80
300 81
303 81
306 82
309 82
313 83
316 83
319 84
322 85
325 85
328 86
331 87
334 88
337 89
340 90
343 91
345 93
348 94
351 96
353 97
356 99
358 100
361 102
363 104
365 106
367 108
369 109
371 111
373 113
375 116
376 118
377 120
379 122
380 125
381 127
382 130
382 132
383 135
383 137
384 139
384 142
384 144
384 147
384 149
384 152
384 154
383 157
382 159
382 162
381 164
379 166
378 169
377 171
375 173
373 176
372 178
370 180
368 182
365 184
363 186
361 187
358 189
356 190
353 192
350 193
347 195
344 196
341 197
337 198
334 199
331 200
327 201
324 202
320 203
316 204
313 205
309 205
305 206
301 207
298 208
294 208
290 209
286 210
282 210
278 211
274 212
270 212
266 213
262 214
258 214
254 215
250 215
246 216
242 217
239 217
235 218
232 218
228 219
225 219
222 220
218 220
215 221
213 221
210 221
208 222
205 222
203 222
202 222
200 223
199 223
198 223
197 223
196 223
195 223
195 222
195 221
195 220
195 219
195 218
195 216
195 215
195 213
195 211
195 208
195 206
195 203
194 200
194 197
194 193
194 189
193 186
193 182
192 178
192 174
191 170
191 165
190 161
190 157
190 153
189 148
189 144
188 140
188 136
188 132
187 128
187 125
187 121
187 118
186 114
186 111
186 108
186 106
186 103
186 101
186 99
185 97
185 95
185 93
185 92
185 91
185 90
185 89
184 88
184 87
184 88
184 89
184 90
