224
284 165
289 164
291 163
294 163
297 163
300 163
302 162
305 162
308 162
311 162
314 162
317 162
319 161
322 161
325 161
328 161
331 161
334 160
337 160
340 160
343 160
347 160
350 160
353 160
356 160
359 160
362 160
364 159
366 160
369 160
372 160
375 160
378 160
381 160
384 160
386 161
389 161
392 161
395 162
398 162
401 162
403 163
406 163
408 164
411 165
413 166
416 167
418 168
420 169
423 170
425 171
427 172
429 173
431 174
433 176
435 177
437 179
439 180
440 182
442 183
444 185
446 187
448 189
450 191
452 193
453 195
455 196
456 198
458 199
459 201
461 203
463 205
464 207
466 209
467 211
468 213
469 215
470 217
471 219
472 221
472 224
473 226
473 229
474 231
474 234
474 237
475 239
475 242
475 245
476 248
476 251
476 254
475 256
475 259
474 261
474 264
473 266
472 268
471 270
470 272
469 274
468 276
467 278
466 280
465 282
464 284
462 285
461 287
459 288
458 290
456 291
454 293
452 294
450 295
448 297
446 298
444 299
442 300
440 301
438 302
436 303
434 304
432 305
430 306
428 307
425 307
423 308
420 309
417 309
415 310
412 310
409 310
407 311
404 311
401 311
398 312
395 312
392 312
389 312
387 313
384 313
381 313
378 313
375 313
372 313
369 313
366 313
364 312
361 312
358 312
355 312
352 312
349 312
346 312
343 312
340 312
337 312
334 311
331 311
328 311
325 311
321 311
318 311
315 311
312 311
309 310
306 310
303 310
300 310
297 310
294 310
291 310
289 309
286 309
283 309
280 309
278 308
276 307
275 305
275 302
275 299
276 297
276 294
277 291
277 288
278 286
278 283
279 281
279 278
280 275
280 272
280 269
281 266
281 263
281 260
281 256
281 252
282 249
282 246
282 243
282 240
282 236
282 232
282 229
282 226
282 223
282 219
282 216
282 213
282 210
282 207
282 204
282 201
282 198
282 195
282 192
282 189
282 186
282 183
282 180
282 177
282 174
282 171
282 168
