221
300 153
305 152
308 151
311 151
315 151
318 151
321 151
324 151
326 150
329 150
332 150
335 150
339 150
342 150
346 150
349 150
352 150
355 150
358 149
361 149
364 149
367 149
370 149
373 149
376 149
378 148
381 148
384 148
387 148
390 148
393 148
396 148
399 148
402 148
406 148
409 148
411 149
414 149
417 149
420 149
422 150
425 150
428 151
431 151
434 151
437 151
440 152
443 152
445 153
447 154
450 154
452 155
455 156
458 156
460 157
462 158
464 159
466 160
468 161
470 162
472 163
474 164
476 165
478 166
480 168
482 169
484 171
486 172
487 174
489 175
491 177
493 179
494 181
496 182
497 184
499 185
500 187
502 189
503 191
504 193
506 195
507 197
508 199
509 201
510 203
511 205
512 208
512 211
513 213
513 216
513 219
513 222
513 225
513 228
513 231
512 233
512 236
511 238
511 241
510 243
509 245
508 247
507 250
506 252
505 254
504 256
503 258
501 260
500 262
498 263
496 265
494 267
492 268
490 269
488 271
486 272
484 273
482 274
480 275
478 276
476 277
473 277
471 278
469 279
466 279
464 280
461 280
459 281
456 281
453 281
450 281
447 281
444 281
441 281
438 281
435 281
432 281
429 281
426 281
423 281
420 281
417 281
414 280
411 280
408 280
405 280
402 280
400 279
397 279
394 279
391 279
387 278
384 278
381 278
378 278
375 278
372 278
369 278
366 278
363 277
360 277
357 277
354 277
351 277
348 277
345 276
342 276
339 276
336 276
333 276
329 276
325 276
323 275
320 275
317 275
314 274
311 274
308 274
306 273
303 273
300 273
298 272
296 271
296 268
296 265
296 262
296 259
296 256
296 253
296 250
295 247
295 244
295 241
295 238
295 235
295 232
295 229
295 226
295 223
295 220
295 216
294 213
294 210
294 206
294 202
294 198
294 195
294 192
293 189
293 186
293 183
293 180
293 177
293 174
294 171
294 168
294 164
295 162
295 159
295 156
296 156
