525
154 124
159 125
160 125
161 125
162 125
164 125
165 125
166 124
168 124
169 124
171 124
173 124
174 124
176 123
178 123
180 123
182 123
184 123
185 123
187 123
189 123
190 123
192 123
193 123
195 123
197 123
198 123
200 123
201 123
203 123
205 122
207 122
208 122
210 122
211 122
213 122
215 122
216 122
218 122
219 122
221 122
223 122
224 122
226 122
228 122
230 122
232 122
234 122
236 122
238 122
240 122
242 122
243 122
245 122
247 122
249 122
251 122
253 122
255 122
257 121
259 121
261 121
263 121
265 121
267 121
269 121
271 121
273 121
275 121
277 121
279 121
281 121
283 121
285 121
287 121
289 120
291 120
293 120
295 120
296 120
298 120
300 120
301 120
303 120
305 120
306 120
308 120
309 119
311 119
312 119
314 119
315 119
317 119
318 119
320 119
321 119
322 119
324 119
325 119
326 119
328 119
329 119
330 119
332 119
333 119
334 119
336 119
337 119
339 119
340 120
342 120
343 120
344 120
346 120
347 120
348 121
349 121
351 121
352 121
353 122
354 122
356 122
357 122
358 123
360 123
361 124
362 124
364 124
365 125
367 125
368 125
370 126
371 126
373 127
374 127
375 128
377 128
378 129
380 129
381 130
383 131
384 131
386 132
387 133
389 133
390 134
392 135
394 135
395 136
397 137
398 137
400 138
401 139
403 139
404 140
406 141
407 142
409 142
410 143
412 144
413 145
414 145
416 146
417 147
418 148
420 149
421 150
422 151
424 152
425 152
426 153
427 154
428 155
429 156
430 157
431 159
432 160
433 161
434 162
435 163
436 164
437 165
437 166
438 167
439 168
440 169
440 170
441 171
442 172
442 173
443 174
444 175
444 177
445 178
445 179
446 180
447 181
447 182
448 184
448 185
449 186
449 188
450 189
450 190
451 192
451 193
451 194
452 196
452 197
452 198
453 200
453 201
453 202
453 204
453 205
454 207
454 208
454 209
454 211
454 213
454 214
454 216
454 217
454 219
454 220
455 222
455 223
455 224
455 226
455 227
455 228
455 230
455 231
455 233
455 234
455 235
455 237
455 238
455 240
455 241
455 242
454 244
454 245
454 246
454 247
454 249
454 250
453 251
453 252
453 253
452 255
452 256
451 257
451 258
450 259
450 260
449 262
449 263
448 264
447 265
447 266
446 267
445 269
445 270
444 271
443 272
442 273
442 274
441 275
440 276
439 276
438 277
437 278
436 279
435 280
433 281
432 282
431 283
430 283
429 284
427 285
426 286
425 287
423 287
422 288
420 289
419 290
417 290
415 291
414 292
412 292
411 293
409 294
408 294
406 295
405 295
403 296
401 296
400 297
398 297
396 298
394 298
392 299
390 299
388 300
386 300
384 300
382 301
380 301
378 302
376 302
374 302
372 303
370 303
367 303
365 304
363 304
360 304
358 304
356 305
353 305
351 305
348 306
346 306
343 306
341 306
338 307
335 307
333 307
330 307
328 307
325 307
323 308
320 308
318 308
315 308
312 308
310 308
307 308
305 308
302 308
300 308
298 308
295 308
293 308
290 308
288 308
285 308
283 308
281 308
278 308
276 308
273 308
271 308
269 308
266 308
264 307
261 307
259 307
256 307
254 307
252 307
249 307
247 307
245 306
242 306
240 306
238 306
235 306
233 305
230 305
228 305
225 305
223 305
221 304
218 304
216 304
214 304
211 304
209 304
206 304
204 304
202 303
199 303
197 303
195 303
193 303
190 302
188 302
186 302
184 302
182 302
180 301
178 301
176 301
174 301
171 301
169 301
167 300
165 300
164 300
162 300
160 300
158 300
156 299
155 299
153 299
152 299
150 299
149 298
148 298
147 298
146 298
145 297
144 296
143 296
143 295
142 294
142 293
142 292
142 291
141 290
141 289
141 288
141 287
141 286
141 285
141 284
141 283
141 282
141 281
141 280
141 280
142 279
142 278
142 277
142 276
142 276
142 275
142 274
142 272
142 271
142 270
142 268
142 267
142 265
142 264
142 262
142 261
142 259
142 258
142 256
142 255
142 254
142 252
142 251
142 249
142 247
142 246
142 244
142 242
142 240
143 239
143 237
143 235
143 233
143 232
143 230
143 228
143 227
143 225
143 223
144 222
144 220
144 218
144 216
144 215
144 213
144 211
144 209
144 207
144 206
144 204
145 202
145 200
145 199
145 197
145 195
146 193
146 191
146 189
146 187
147 185
147 183
147 181
147 179
147 177
148 175
148 174
148 172
148 170
149 168
149 166
149 164
149 163
149 161
150 159
150 157
150 155
150 153
150 152
150 150
151 149
151 147
151 146
151 144
151 143
152 142
152 140
152 139
152 138
152 137
152 136
152 135
152 135
