433
201 65
205 65
206 65
207 65
209 65
210 66
211 66
213 66
215 66
216 66
218 66
219 66
221 66
223 66
225 66
227 66
229 66
231 66
233 66
235 66
237 66
239 66
240 66
242 66
244 66
246 66
248 66
250 66
252 66
254 66
256 66
258 66
259 67
261 67
263 67
265 67
267 67
269 67
271 67
273 67
275 67
277 67
279 67
280 67
282 67
284 67
285 67
287 67
288 67
290 67
292 67
293 67
295 67
296 67
297 67
299 67
300 67
302 67
303 67
305 67
306 67
307 67
308 67
309 67
310 67
311 67
312 67
313 67
314 67
315 67
316 67
317 67
318 67
319 67
320 67
321 67
322 67
324 67
325 66
326 66
327 66
328 66
329 66
330 66
331 66
333 66
334 66
335 66
336 66
337 66
339 66
340 66
342 66
343 66
345 66
346 66
348 66
350 66
351 66
353 66
354 66
356 67
357 67
359 67
360 67
362 67
363 67
365 67
367 67
368 67
370 67
371 67
373 67
374 67
376 67
377 67
378 67
380 67
381 67
382 67
383 67
384 67
385 67
386 67
387 67
388 67
389 67
390 67
391 67
392 68
393 68
394 68
395 68
396 68
397 68
398 68
399 68
400 68
401 68
402 68
403 69
404 69
405 69
407 70
408 70
409 71
410 71
411 72
413 72
414 73
415 74
417 74
418 75
419 76
420 77
421 78
422 79
423 80
424 82
425 83
426 84
427 85
428 86
429 88
430 88
431 90
432 91
433 92
434 93
435 94
435 95
436 97
437 99
438 100
438 102
439 103
439 105
440 106
441 108
441 110
442 111
442 112
443 114
443 115
444 117
444 118
445 120
445 122
446 124
446 125
446 127
446 129
447 131
447 132
447 134
447 135
447 137
447 138
448 140
448 141
448 143
448 144
448 146
448 148
447 149
447 151
447 152
447 154
447 155
447 156
446 158
446 159
446 160
445 161
445 163
444 164
444 165
444 167
443 168
443 170
442 171
442 173
441 174
440 176
440 177
439 178
438 179
437 180
437 181
436 181
435 182
434 183
433 184
432 184
432 185
431 186
430 187
429 187
428 188
427 189
426 189
425 189
424 190
423 190
423 191
422 191
421 191
420 191
419 191
418 191
417 191
416 191
415 191
414 191
413 191
411 191
410 191
409 191
407 191
405 191
404 191
402 191
400 191
399 191
397 191
395 191
393 192
391 191
389 191
386 191
384 191
382 191
379 191
377 191
374 191
372 191
369 191
366 191
364 191
361 191
358 191
356 191
353 191
350 191
348 191
345 191
342 191
340 191
337 190
335 190
333 190
330 190
328 190
326 190
323 190
321 190
319 190
316 190
314 190
312 190
310 190
308 190
306 190
303 190
301 190
299 190
297 190
295 190
293 190
290 191
288 191
286 191
284 191
282 191
280 191
277 191
275 191
273 191
271 191
268 191
266 191
264 191
262 191
259 191
257 191
255 191
252 191
250 191
248 191
246 191
244 190
242 190
240 190
238 190
236 190
234 190
232 190
230 190
229 190
227 190
226 190
225 190
224 190
223 189
222 189
221 189
220 189
221 188
221 187
221 186
220 186
220 185
220 184
220 183
220 182
219 182
219 181
219 180
219 179
219 178
218 177
218 176
218 174
218 173
218 172
218 170
217 169
217 167
217 165
216 164
216 162
216 161
216 160
215 158
215 157
215 155
214 154
214 152
214 150
213 148
213 146
212 144
212 142
211 141
211 139
210 137
210 135
209 133
209 131
208 130
208 128
208 126
207 124
207 122
206 120
206 118
206 117
205 115
205 113
205 112
204 110
204 109
204 107
203 105
203 104
203 102
202 101
202 99
202 98
202 96
202 95
202 94
201 93
201 92
201 91
201 90
201 89
201 87
200 86
200 85
200 84
200 83
200 82
200 81
200 80
199 79
199 78
199 77
198 76
198 77
198 78
197 78
196 78
