137
193 118
192 111
192 110
192 109
193 108
193 106
194 105
194 103
195 101
196 100
197 98
199 96
200 94
201 92
203 90
205 88
207 86
209 84
211 82
213 81
216 79
218 78
221 76
223 74
226 73
229 72
231 71
234 69
237 69
240 68
243 67
246 67
249 67
252 67
256 67
259 67
262 67
265 68
269 69
272 70
275 71
279 72
282 73
285 75
288 77
290 78
293 80
296 82
298 84
301 87
303 89
306 92
308 94
310 97
311 100
313 103
315 106
316 109
317 112
318 115
319 119
320 122
321 125
322 128
323 131
323 134
323 137
324 140
324 142
324 145
324 147
324 150
324 152
324 154
324 156
324 157
324 158
323 160
323 161
323 162
324 163
324 162
325 162
325 161
326 161
327 161
328 160
330 160
331 160
332 160
334 160
336 159
338 159
340 159
343 159
346 158
349 158
352 158
355 157
359 157
363 157
367 157
371 157
375 157
379 157
384 157
388 157
393 157
397 157
402 157
406 157
411 157
415 157
420 157
424 157
429 157
433 157
437 157
441 157
445 157
448 157
452 157
455 157
458 157
461 156
464 156
466 156
468 156
470 156
472 157
473 157
475 157
476 157
477 157
478 157
477 156
476 156
