132
140 168
137 162
137 160
136 159
136 158
136 156
136 155
135 153
135 150
136 148
136 146
136 143
137 140
137 137
138 134
139 130
140 127
142 123
143 120
145 116
147 112
149 108
152 104
154 101
157 97
160 94
163 91
166 88
170 85
173 82
176 80
180 78
183 76
187 75
190 74
194 73
197 72
201 72
205 72
209 72
213 72
217 73
220 74
224 75
228 76
232 77
236 79
240 81
244 83
248 85
251 87
255 90
258 93
261 96
264 99
267 102
270 106
272 109
275 113
277 116
279 120
281 123
283 127
285 130
286 133
287 137
288 140
290 142
290 145
291 147
292 150
293 151
293 153
294 154
294 155
294 156
295 157
296 157
296 156
297 156
298 155
299 155
300 155
301 154
302 154
303 154
305 154
307 153
309 153
311 153
314 153
317 153
320 153
323 153
327 153
331 153
335 153
339 153
344 153
348 153
353 153
358 153
363 153
368 153
373 154
378 154
383 154
387 154
392 154
397 154
402 154
406 154
410 154
414 154
418 154
422 154
425 154
428 154
431 154
434 154
437 154
439 154
441 154
442 154
444 154
445 154
446 154
447 154
448 155
447 155
446 155
445 155
