195
151 141
148 135
148 134
148 133
148 132
148 131
148 130
148 129
148 128
148 126
148 125
148 124
148 123
148 121
148 120
149 119
149 118
149 116
149 115
149 114
150 113
150 111
150 110
151 108
151 107
151 105
152 104
152 102
152 101
153 99
153 98
154 96
155 95
155 94
156 93
157 91
158 90
159 89
160 88
161 87
162 85
164 84
165 83
166 82
167 81
169 79
170 78
171 77
172 76
174 75
175 74
177 73
178 72
180 72
181 71
183 70
184 70
186 69
188 69
189 68
191 68
193 68
195 68
197 68
198 68
200 68
202 68
203 68
205 68
207 68
209 68
211 68
212 69
214 69
216 69
218 70
220 70
221 71
223 72
225 72
226 73
228 74
229 75
231 75
232 76
234 78
235 79
237 80
238 81
240 83
241 84
242 86
243 87
244 88
245 90
246 91
247 92
248 93
249 95
250 96
251 97
251 99
252 100
253 102
254 104
254 105
255 107
256 108
256 110
257 111
257 113
258 114
258 115
259 117
259 118
260 119
260 120
260 122
260 123
261 124
261 125
261 126
261 127
261 128
262 129
262 130
262 131
262 132
262 133
263 133
264 133
265 133
266 133
267 133
268 133
269 133
270 133
272 133
273 133
275 133
277 133
279 133
281 133
283 133
285 133
288 133
290 133
293 133
295 133
298 134
300 134
303 134
305 134
308 134
311 134
313 134
316 134
319 134
321 134
324 134
327 134
330 134
333 134
337 134
340 134
343 135
346 135
350 135
353 135
357 135
360 135
364 135
367 135
371 135
374 135
377 135
381 135
384 135
387 135
390 135
393 135
396 136
399 136
402 136
405 136
407 136
409 136
411 136
412 136
413 136
414 136
415 136
416 136
416 135
415 136
