147
146 151
145 144
146 143
146 142
147 141
147 139
148 138
149 137
150 135
151 134
152 132
153 130
155 129
156 127
158 126
160 124
162 123
164 122
166 120
168 119
170 118
172 117
174 116
176 115
178 115
181 114
183 114
186 113
188 113
191 113
194 112
196 112
199 112
202 112
204 112
207 113
210 113
213 113
216 114
219 114
222 115
224 116
227 116
230 117
232 118
235 119
237 121
240 122
242 123
244 125
247 127
249 128
251 130
253 132
254 134
256 135
258 137
259 139
260 141
262 143
263 146
264 148
265 150
265 152
266 154
267 156
267 158
267 160
268 162
268 164
268 166
268 168
268 170
268 171
268 173
268 174
268 176
268 177
268 178
268 179
268 180
269 180
270 180
271 180
272 180
273 180
274 180
275 179
277 179
278 179
280 179
282 179
284 179
286 179
289 179
291 178
294 178
297 178
300 178
303 178
307 178
310 178
314 178
318 178
321 178
325 178
329 178
333 178
337 178
341 178
345 178
349 178
354 178
358 178
362 178
367 178
371 177
375 177
379 177
384 177
388 177
392 177
396 176
399 176
403 176
407 176
410 175
414 175
417 175
420 175
423 175
426 175
429 174
432 174
434 174
436 174
438 174
440 174
442 174
443 174
444 174
445 174
446 174
447 174
448 174
447 174
446 174
