160
284 225
284 220
283 218
282 215
282 212
281 210
281 207
280 205
281 202
281 199
281 196
281 193
282 190
282 187
283 184
284 181
285 179
286 177
287 175
288 173
290 171
291 169
293 167
295 165
297 163
299 162
300 160
302 159
304 158
307 157
309 156
311 155
314 154
316 153
319 152
322 151
325 151
327 150
329 149
333 148
337 148
339 147
342 147
345 147
348 147
351 147
354 147
356 148
359 148
362 149
365 149
368 150
370 151
372 152
374 153
377 154
379 155
382 156
385 157
387 158
389 160
391 161
393 162
395 164
397 166
399 167
400 169
402 171
403 173
405 175
406 177
407 179
408 181
409 183
410 185
410 188
410 191
410 194
410 197
409 199
408 202
407 205
406 207
405 210
404 212
403 214
402 216
401 219
400 221
399 223
398 225
396 227
395 229
393 230
392 232
391 234
394 234
397 234
400 234
403 234
406 234
408 235
411 235
414 235
417 235
421 235
424 235
427 235
430 236
433 236
436 236
439 236
443 236
447 236
451 236
454 236
458 236
462 236
465 237
469 237
472 237
476 237
480 237
483 237
487 238
490 238
494 238
498 238
502 238
505 238
509 238
511 239
515 239
519 239
523 239
527 239
530 239
534 239
538 240
542 240
545 240
549 240
553 240
557 240
560 240
564 240
568 240
572 240
576 240
581 240
585 240
588 241
593 241
597 241
601 241
604 241
607 241
610 241
613 241
616 242
