143
111 149
115 139
115 138
116 136
118 134
119 133
120 131
122 129
124 127
126 125
128 123
130 121
133 119
135 117
138 115
141 113
144 111
148 110
151 109
155 107
158 106
162 105
166 104
169 104
173 103
177 103
180 103
184 103
188 103
192 103
195 103
199 104
203 104
206 105
210 106
213 107
217 108
220 109
223 110
226 112
229 113
232 115
235 117
237 119
240 121
242 123
244 125
246 127
248 130
249 132
251 135
252 137
253 140
254 142
255 145
256 148
256 150
256 153
257 156
257 159
256 161
256 164
255 167
255 170
254 172
253 175
253 178
252 180
251 183
250 185
250 187
249 189
248 191
247 193
247 195
246 196
245 198
245 199
244 200
244 201
243 201
243 202
244 202
245 202
246 202
247 202
248 203
249 203
250 203
252 203
253 204
255 204
257 204
259 205
262 205
265 206
268 206
271 206
274 207
278 207
282 207
287 207
291 207
295 207
300 208
305 208
310 208
315 208
319 208
324 208
329 208
334 208
340 208
345 208
349 207
354 207
359 207
364 207
368 207
372 207
377 206
381 206
385 206
388 206
392 206
395 206
399 206
402 206
404 206
407 206
410 206
412 206
414 206
415 206
417 206
418 206
419 206
419 207
420 207
421 207
420 206
419 206
419 207
