129
216 162
218 157
219 155
220 153
222 151
224 150
225 148
227 147
229 146
231 144
233 143
235 142
237 140
239 139
241 138
244 137
246 136
248 135
250 134
253 133
256 133
258 132
261 131
264 131
266 130
269 130
272 130
275 130
278 130
281 130
284 130
287 130
289 131
292 131
294 132
297 132
299 133
301 134
303 135
306 136
308 137
310 138
312 139
314 140
316 141
318 142
320 144
322 146
324 148
326 150
327 152
328 154
330 156
331 158
332 160
333 162
333 165
334 167
335 169
335 172
335 175
336 177
335 179
335 182
334 184
334 187
333 189
334 191
337 191
340 191
342 190
344 191
347 191
350 191
353 191
357 191
360 190
363 190
367 190
370 190
373 190
376 190
379 190
383 190
386 190
389 190
392 190
395 190
399 190
402 190
405 190
408 189
411 189
414 189
418 189
421 189
424 189
426 188
429 188
432 188
434 187
437 187
441 187
444 187
448 187
451 186
455 186
458 186
462 186
465 186
467 185
471 185
475 185
479 185
483 184
486 184
490 184
494 184
497 184
501 183
505 183
509 183
512 183
515 183
518 183
521 183
524 183
527 183
529 182
