199
125 169
125 168
125 167
125 166
125 165
125 163
125 162
125 161
125 159
125 157
125 156
125 155
125 153
125 152
125 151
125 149
125 148
125 147
125 145
126 144
126 142
126 141
126 140
127 139
127 137
127 136
128 134
129 133
130 132
131 130
131 128
132 127
133 125
134 124
135 123
135 121
136 120
137 119
138 118
138 117
139 116
141 115
142 113
142 112
144 111
145 110
146 108
147 108
148 107
148 106
149 106
151 105
151 104
152 103
154 103
155 102
157 101
158 100
159 99
162 99
164 98
166 97
168 96
170 95
171 95
174 94
176 94
178 94
181 94
184 94
186 94
188 93
190 93
192 93
195 93
198 93
200 93
204 93
207 93
209 93
211 93
213 93
215 93
216 94
218 94
219 94
221 95
224 96
225 97
227 98
229 100
231 100
232 102
234 103
236 105
238 107
239 108
240 109
242 111
243 113
245 114
245 115
247 117
248 119
250 121
251 122
252 124
252 126
253 126
254 128
255 130
256 130
256 132
256 134
257 135
257 137
257 139
258 140
259 141
259 143
259 144
260 146
260 148
260 149
260 150
260 151
260 152
260 153
260 154
260 155
260 156
260 157
260 158
261 158
263 158
265 158
268 158
272 158
276 158
281 158
285 158
287 158
290 158
293 158
294 158
296 158
299 158
300 158
303 158
306 158
308 158
311 158
314 158
316 158
319 158
322 158
323 158
327 158
330 158
333 158
335 158
338 158
341 158
343 158
346 158
350 158
354 158
357 158
361 158
365 158
369 158
372 158
376 158
380 158
384 158
387 158
390 158
393 158
397 158
399 158
402 158
406 158
408 158
411 158
413 158
414 158
416 158
417 158
419 158
421 158
422 158
423 158
424 158
425 158
428 158
430 158
431 158
432 158
432 158
