221
184 183
185 178
185 177
186 176
187 175
187 173
188 172
189 171
191 170
192 168
193 167
195 165
196 164
198 162
200 161
202 159
204 158
206 156
208 155
210 153
212 152
214 151
216 150
218 149
220 147
222 147
224 146
226 145
228 144
230 143
232 142
235 142
237 141
239 140
241 140
244 139
246 138
248 138
251 137
253 137
256 136
259 135
261 135
264 134
266 134
269 133
271 133
274 133
276 132
279 132
282 132
284 132
287 132
289 132
292 132
294 132
296 132
299 133
301 133
303 134
305 134
307 135
309 136
311 136
313 137
315 138
316 138
318 139
320 140
322 141
324 142
325 142
327 143
329 144
330 145
332 146
334 147
336 149
337 150
339 151
341 152
342 153
344 154
345 156
346 157
348 158
349 160
350 161
351 162
352 164
353 165
354 166
355 168
355 169
356 170
356 171
357 172
357 174
358 175
358 176
359 178
359 179
359 180
360 182
360 183
360 184
360 185
361 187
361 188
361 189
361 191
361 192
361 194
361 195
361 197
361 198
360 200
360 201
360 203
360 205
359 206
359 208
358 209
358 211
357 213
357 214
356 216
355 217
355 219
354 220
353 222
352 224
351 225
351 226
350 228
349 229
348 231
347 232
346 233
345 234
344 235
344 236
343 237
342 238
342 239
343 239
343 240
344 240
345 240
346 240
347 240
348 240
349 240
350 240
352 240
354 240
355 239
357 239
360 239
362 239
365 239
367 239
370 238
373 238
375 238
378 238
381 238
384 238
387 238
390 238
393 238
396 237
399 237
402 237
405 237
408 237
411 237
414 237
418 237
421 237
424 237
427 237
430 237
433 237
437 237
440 237
443 237
447 237
450 237
453 236
457 236
460 236
464 236
467 236
471 236
474 236
478 235
482 235
486 235
490 235
494 235
497 234
501 234
505 234
509 234
513 234
516 234
520 233
523 233
526 233
529 233
532 233
534 233
536 233
537 233
538 233
539 233
540 233
539 232
539 231
539 231
