138
143 166
141 160
141 159
141 158
141 156
141 154
141 152
142 150
142 148
143 145
143 143
144 140
145 137
146 135
147 132
149 129
150 126
152 123
154 120
156 117
158 114
160 111
163 109
165 106
168 104
170 102
173 100
176 98
178 96
181 94
184 93
187 92
190 91
192 91
195 90
198 90
201 90
204 90
207 90
211 90
214 91
217 91
221 92
224 93
228 94
231 95
235 97
238 98
242 100
245 101
248 103
252 105
255 107
258 109
261 111
263 113
266 116
268 118
271 121
273 124
275 126
276 129
278 132
279 135
280 137
281 140
282 143
283 145
284 147
284 149
285 151
285 153
285 155
285 156
286 157
286 158
286 159
286 160
287 161
288 161
288 160
289 160
290 160
291 159
292 159
293 159
295 158
297 158
298 158
301 157
303 157
305 156
308 156
311 156
314 155
317 155
320 155
324 155
328 155
332 155
336 155
340 154
344 154
349 154
353 154
358 155
362 154
367 154
372 154
376 154
381 154
386 154
390 154
395 154
399 154
404 154
408 154
413 154
417 154
421 153
425 153
429 153
432 153
436 153
439 153
442 152
444 152
447 152
449 152
451 152
452 152
454 152
455 152
456 152
457 152
456 152
455 151
455 152
