153
252 197
251 192
251 189
251 186
250 184
250 181
251 179
251 176
252 174
253 172
254 170
255 167
256 165
258 163
259 161
261 159
263 158
264 156
266 155
268 154
270 152
272 150
274 149
276 148
278 147
280 145
283 144
286 143
288 142
291 141
295 140
298 139
301 139
303 138
306 138
308 137
312 137
315 136
318 136
321 136
324 135
327 135
330 136
333 136
336 136
338 137
341 137
344 137
346 138
349 138
351 139
353 140
355 141
357 142
359 143
361 144
363 145
365 146
367 147
369 149
371 150
373 152
374 154
375 156
377 158
378 160
379 162
380 164
381 167
382 170
383 172
383 175
384 177
385 180
385 183
386 185
386 188
386 191
386 194
386 197
385 199
385 202
384 204
383 207
382 209
381 211
380 213
379 215
382 215
385 215
388 215
391 215
394 215
397 215
399 216
402 216
405 216
408 216
411 216
414 216
417 216
420 216
423 216
426 216
429 216
432 216
435 216
438 216
441 216
444 216
447 217
450 217
453 217
456 217
460 217
463 217
466 217
469 217
472 217
475 218
478 218
481 218
484 218
487 218
490 218
493 219
496 219
499 219
502 219
505 219
508 219
511 219
515 219
518 219
521 219
524 219
527 219
530 219
534 219
537 219
540 219
544 219
547 219
550 219
553 219
556 219
559 219
562 219
565 219
568 219
571 220
573 221
575 220
