137
289 213
290 206
290 203
290 200
291 198
292 195
293 192
294 190
295 188
296 186
298 184
299 182
301 180
303 179
305 177
307 175
309 174
311 173
313 172
316 171
318 170
321 169
324 169
326 168
329 167
332 167
334 166
337 166
340 166
343 166
346 166
348 165
351 165
354 165
356 166
359 166
362 166
365 167
369 167
371 168
374 168
376 169
378 170
381 170
384 171
386 172
389 173
391 174
394 175
396 176
398 177
400 179
402 181
404 182
405 184
407 186
408 188
409 190
410 192
411 194
412 197
413 200
414 202
414 205
415 207
415 210
416 212
416 215
416 218
416 221
416 224
416 227
415 229
414 232
413 234
415 235
418 235
421 235
424 235
427 235
430 235
433 235
436 235
439 235
442 235
445 235
448 235
451 235
455 235
458 235
461 235
463 234
466 234
469 234
472 234
475 234
478 234
481 233
484 233
487 233
490 233
493 233
496 232
499 232
502 232
505 232
509 232
512 232
515 232
519 232
522 232
525 232
528 232
531 232
535 232
538 232
541 232
544 231
547 231
550 231
553 231
556 231
560 231
563 231
566 230
569 230
572 230
575 230
578 230
581 230
584 230
587 230
590 230
592 229
595 229
598 229
600 229
