294
149 200
153 191
153 190
154 189
155 188
156 186
156 185
157 184
159 182
160 181
161 179
162 178
163 176
165 175
166 174
168 172
169 171
171 169
173 168
174 167
176 166
178 164
180 163
182 162
184 161
186 159
188 158
190 157
192 156
194 155
196 154
198 153
200 152
202 152
204 151
206 150
208 150
211 149
213 148
215 148
217 147
219 147
222 146
224 145
226 145
228 145
230 144
232 144
235 143
237 143
239 143
241 143
243 143
245 142
247 142
249 142
252 142
254 142
256 142
258 142
260 142
262 142
265 142
267 142
269 142
271 142
273 142
275 143
277 143
279 143
279 143
281 143
283 143
285 144
287 144
287 144
289 144
292 144
294 145
296 145
297 146
299 146
301 146
303 147
305 147
307 148
309 148
311 148
312 149
314 149
316 150
318 150
319 151
321 151
323 152
324 152
326 153
327 154
328 154
330 155
331 156
333 156
334 157
336 158
337 158
338 159
340 160
341 160
342 161
344 162
345 163
346 163
347 164
348 165
349 166
350 166
351 167
352 168
353 168
354 169
355 170
356 171
356 172
357 172
358 173
359 174
360 175
360 176
361 176
362 177
363 178
363 179
364 179
365 180
365 181
366 182
367 183
367 184
368 184
368 185
369 186
369 187
370 188
371 189
371 190
372 191
372 192
373 193
373 194
373 195
374 195
374 196
374 197
375 198
375 199
376 200
376 201
376 202
377 203
377 204
377 205
378 206
378 207
378 208
378 209
378 210
378 211
379 212
379 213
379 214
379 215
379 216
379 217
379 218
379 219
379 220
379 221
379 222
379 223
379 224
379 225
379 226
379 227
378 228
378 229
378 230
378 231
377 231
377 232
377 233
377 234
378 235
379 235
380 235
381 235
382 235
383 235
384 235
386 235
387 235
388 234
390 234
391 234
393 234
394 234
396 234
397 234
399 234
401 234
402 234
404 234
406 234
408 234
410 234
411 234
413 234
415 234
418 234
420 234
422 234
424 234
426 234
429 234
431 234
433 234
435 234
438 234
440 234
443 234
445 234
447 234
450 234
453 234
455 234
458 234
460 234
463 234
466 234
468 234
471 234
474 234
477 234
480 234
482 234
485 234
488 234
491 234
494 233
497 233
500 233
503 233
506 233
509 233
512 233
515 233
518 233
521 233
524 233
527 233
529 232
532 233
535 232
538 232
541 232
544 232
546 232
549 232
552 232
555 232
559 232
562 232
565 232
568 232
572 232
575 232
578 232
581 232
584 232
587 232
589 232
592 232
595 232
597 232
599 232
601 232
603 232
605 232
606 232
607 232
608 232
609 232
610 232
611 232
611 232
