251
186 184
187 178
187 177
188 176
188 175
189 174
190 172
191 171
192 170
193 169
194 168
195 166
196 165
197 164
198 163
199 162
199 162
200 161
201 160
203 159
204 157
205 156
207 155
208 154
210 153
211 152
213 151
214 150
216 149
217 149
218 148
220 147
221 147
222 146
224 146
225 145
226 144
228 144
229 144
230 143
232 143
233 142
235 142
236 142
237 142
239 141
240 141
242 141
243 141
245 140
246 140
248 140
250 140
251 139
253 139
255 139
257 139
259 139
261 139
263 139
264 139
266 139
268 139
270 138
272 138
274 139
276 139
278 139
280 139
282 139
283 139
285 139
287 139
289 140
290 140
292 140
293 141
294 141
295 142
296 142
298 143
299 143
300 144
301 145
302 145
303 146
304 147
305 147
306 148
307 149
308 149
309 150
310 150
310 151
311 152
312 153
313 153
314 154
315 155
316 156
317 157
318 158
319 159
320 160
320 161
321 162
322 163
323 164
323 165
324 166
325 167
326 168
326 169
327 170
328 171
328 172
329 172
329 173
329 174
330 175
330 176
331 177
331 178
331 179
331 180
332 181
332 182
332 183
333 184
333 185
333 186
333 187
334 188
334 189
334 190
334 191
334 192
335 193
335 194
335 195
335 196
335 197
335 198
336 199
336 200
336 202
336 203
336 204
336 205
336 206
336 207
336 208
336 209
336 210
336 211
335 212
335 213
335 215
334 216
334 217
334 218
333 219
333 220
333 221
332 222
332 223
332 224
331 224
331 225
331 226
331 227
331 228
332 228
333 228
334 228
335 228
336 228
337 228
338 228
339 228
341 228
343 228
344 228
346 228
349 228
351 228
353 228
355 228
358 228
360 228
363 228
366 228
369 227
371 227
374 227
377 227
380 227
383 227
386 227
389 227
392 227
395 227
398 227
401 227
404 227
407 227
410 227
413 227
417 227
420 227
423 227
426 227
430 227
433 227
436 227
440 227
443 227
447 227
450 227
454 227
457 227
461 227
464 227
468 227
472 227
475 226
479 226
482 226
486 226
490 226
493 226
497 226
500 225
503 225
506 225
509 225
512 225
514 225
517 225
519 225
521 225
523 225
525 226
527 226
528 226
529 226
530 226
531 226
532 226
531 225
531 225
