133
256 182
258 175
259 172
260 170
261 167
262 165
263 163
264 161
266 159
267 157
269 156
271 155
272 153
274 152
276 151
278 150
280 149
282 148
284 147
286 146
288 145
291 145
293 144
295 143
298 142
301 141
304 140
308 140
310 139
314 139
318 138
321 138
324 138
327 138
330 139
333 139
336 139
338 140
341 140
343 141
346 142
349 143
351 144
353 145
355 146
357 147
359 148
361 150
362 152
364 153
365 155
366 157
368 159
369 161
371 163
372 165
373 167
374 169
375 172
375 175
376 177
376 180
375 182
375 185
374 187
373 190
372 193
371 195
370 197
369 199
368 201
367 203
365 205
364 207
367 207
369 206
372 206
375 206
378 206
381 206
384 206
387 206
390 206
392 207
396 207
400 207
404 207
407 207
410 207
413 207
416 206
419 206
423 206
426 206
428 205
432 205
435 205
439 205
442 205
445 205
449 205
452 205
455 205
459 205
462 205
466 205
469 205
472 205
476 205
479 205
482 205
486 205
489 205
492 205
495 205
498 205
501 205
505 205
508 205
511 205
514 205
517 205
520 205
523 205
526 205
529 205
532 205
535 205
538 205
541 206
544 206
547 207
549 207
