231
139 143
136 138
136 137
136 136
135 135
135 134
135 133
135 132
135 131
136 129
136 128
136 127
136 126
136 125
136 124
136 122
136 121
137 120
137 119
137 118
138 116
138 115
139 114
139 113
140 112
141 111
141 110
142 109
142 108
143 106
144 105
144 104
145 102
146 101
146 100
147 99
148 97
149 96
149 95
150 94
151 93
151 92
152 91
153 90
154 90
154 89
155 88
156 87
157 86
158 85
159 84
160 83
161 83
163 82
164 81
165 80
166 79
168 78
169 77
170 76
171 75
172 75
173 74
174 74
175 73
176 73
177 72
179 72
180 71
181 71
183 70
184 70
186 70
187 69
189 69
190 69
192 68
193 68
195 68
196 68
198 68
199 68
201 68
203 68
205 68
207 68
208 68
210 68
212 68
214 68
216 68
218 68
220 68
221 68
223 69
225 69
226 69
228 70
229 70
231 71
233 72
234 72
235 73
237 73
238 74
239 74
240 75
241 76
242 77
243 77
244 78
245 79
245 80
246 81
247 82
248 83
249 84
250 85
250 86
251 87
252 88
253 89
254 90
255 90
256 91
257 92
258 93
258 94
259 95
260 96
261 97
261 98
262 100
262 101
263 102
263 104
264 105
265 106
265 108
266 109
266 110
267 112
267 113
268 114
268 115
269 116
269 117
270 118
270 120
270 121
271 122
271 123
271 125
271 126
272 127
272 129
272 130
272 131
272 132
273 133
273 134
273 135
273 136
274 137
274 138
275 138
275 139
276 139
277 139
278 139
279 139
280 139
281 139
282 139
284 139
285 139
287 139
289 139
291 139
293 139
296 139
298 139
300 139
303 139
305 139
308 139
310 139
313 139
315 140
318 140
320 140
323 140
325 140
327 140
330 140
332 140
335 140
337 140
340 140
342 140
345 140
348 140
351 140
354 140
356 140
359 140
362 140
365 140
368 140
371 140
374 140
377 140
380 141
384 141
387 141
389 141
392 141
395 141
398 141
401 141
403 141
405 141
407 141
409 141
411 141
413 141
414 141
416 141
417 141
418 141
419 141
