128
294 208
294 199
294 196
294 193
295 191
295 188
296 186
297 184
298 182
300 180
301 178
303 176
305 175
306 173
308 171
310 169
312 168
314 166
316 165
318 164
320 163
322 162
324 161
326 160
329 159
332 158
336 157
339 157
341 156
344 156
346 155
349 155
352 155
355 154
358 154
362 154
366 154
369 154
372 154
375 155
379 155
381 156
384 157
387 158
390 159
392 160
394 161
396 162
398 163
400 164
402 166
404 167
406 169
408 171
410 173
411 175
413 177
414 179
415 181
416 183
417 185
417 188
418 190
418 193
419 195
419 198
419 201
418 204
418 207
417 209
416 211
415 213
414 216
413 218
412 220
415 220
417 219
420 219
423 219
427 219
430 219
433 219
436 219
439 219
443 219
447 219
450 219
453 219
456 219
459 218
463 218
466 218
469 218
472 218
476 218
479 218
482 218
486 218
489 218
492 218
495 218
498 218
501 218
504 218
507 218
510 218
513 218
516 218
520 218
523 218
526 218
529 217
533 217
536 217
539 217
542 217
545 217
548 217
551 217
554 217
557 216
560 216
563 216
566 216
569 216
572 216
575 216
578 216
