147
299 218
298 213
297 211
297 208
296 206
296 203
296 200
296 197
296 194
296 191
297 189
298 186
299 183
299 180
300 178
302 176
303 174
305 172
306 170
307 168
309 167
310 165
312 164
314 162
316 160
318 159
320 158
322 157
324 156
326 155
328 154
330 153
333 153
335 152
338 152
341 152
343 151
346 151
349 151
352 151
355 151
358 151
360 152
363 152
365 153
368 153
370 154
372 155
374 156
376 157
378 158
380 159
382 160
384 162
386 163
387 165
389 167
391 169
392 171
394 172
395 174
397 176
398 178
400 180
401 182
402 184
403 186
404 188
405 190
405 193
406 195
406 198
407 200
407 203
406 206
406 209
406 212
405 214
404 217
404 220
403 222
402 225
401 227
400 229
399 232
398 234
396 236
394 238
397 238
400 238
403 238
406 238
409 238
412 238
415 238
418 238
422 238
426 238
429 238
432 238
435 238
438 238
441 238
444 238
447 238
450 238
453 238
456 238
459 238
463 238
466 238
469 238
472 238
475 238
479 238
483 238
486 238
488 239
492 239
495 239
499 239
502 239
506 239
509 240
513 240
516 240
519 240
523 240
526 240
530 240
533 240
536 240
539 240
542 240
544 241
547 241
550 241
553 241
557 241
560 241
563 241
566 241
569 241
571 242
574 242
577 242
578 243
