163
218 170
219 163
219 160
220 158
221 156
222 154
223 150
224 148
225 146
226 144
227 142
228 140
229 138
230 136
231 134
233 132
234 130
236 128
238 127
240 125
242 124
244 122
246 121
248 120
250 118
252 117
254 116
256 115
259 114
261 113
264 112
267 111
270 111
272 110
274 109
277 109
281 109
283 108
286 108
289 109
292 109
294 110
297 110
300 111
303 111
305 112
308 112
311 113
314 113
316 114
318 115
320 116
322 117
324 118
326 120
328 121
330 122
332 123
334 125
336 126
338 128
340 130
342 132
344 133
345 135
346 137
348 138
349 140
350 142
351 144
352 146
353 148
354 150
355 153
356 156
357 158
357 161
357 164
357 167
357 170
357 173
356 175
356 178
355 180
354 182
354 185
353 187
352 189
351 192
350 194
349 196
348 199
347 201
346 203
344 205
346 206
349 206
351 205
354 205
357 205
360 205
363 205
366 205
370 205
374 205
377 204
380 204
383 204
386 204
390 203
394 203
398 203
402 203
406 203
409 202
413 202
418 202
422 202
424 201
427 201
431 201
435 201
440 201
444 200
448 200
451 200
455 200
459 200
463 200
467 200
471 199
476 199
480 199
483 199
487 199
492 199
496 199
499 199
503 199
506 199
510 199
513 199
517 199
521 199
525 199
529 199
532 199
536 199
541 199
545 199
550 199
552 198
555 198
559 198
562 198
566 198
569 198
573 198
576 198
579 198
582 198
585 198
586 198
