147
185 188
185 181
185 180
186 178
187 176
188 175
189 173
190 171
191 169
193 166
194 164
196 162
198 160
199 158
201 156
203 154
205 152
207 151
209 149
211 147
213 145
215 143
218 142
220 140
223 138
225 137
228 136
231 134
234 133
237 132
240 131
243 130
245 129
248 129
251 128
254 128
256 128
258 128
261 128
263 128
265 128
267 128
270 129
272 129
275 130
277 131
279 132
282 133
284 134
286 136
288 137
290 139
291 141
293 143
295 146
296 148
298 151
300 153
301 155
303 158
304 160
306 162
307 164
308 167
309 169
310 171
310 174
311 176
311 178
312 180
312 181
313 183
314 184
314 186
315 187
315 188
316 189
316 190
316 191
316 192
317 192
317 193
318 193
319 193
320 193
322 193
323 193
324 192
326 192
328 192
330 192
333 192
335 191
338 191
340 191
343 191
347 191
350 191
354 191
358 191
362 191
366 191
370 191
375 191
379 191
384 191
389 191
393 191
398 192
403 192
407 192
412 193
417 193
421 193
426 194
430 194
434 195
439 195
443 196
447 196
452 196
456 197
460 197
464 198
467 198
471 199
474 199
478 200
481 200
484 200
486 201
489 201
491 201
493 201
495 202
496 202
497 202
498 202
498 203
499 203
499 204
498 204
498 205
497 205
496 205
495 204
493 204
