161
270 217
272 203
273 201
273 199
274 197
275 194
276 192
277 190
278 188
279 186
280 184
281 182
282 180
283 178
285 175
286 173
287 171
289 169
290 168
292 166
294 164
295 162
297 161
299 159
301 158
303 157
306 155
308 154
310 153
312 152
314 151
317 150
319 149
321 149
324 148
326 147
328 147
331 146
333 146
335 146
338 145
340 145
342 145
344 145
347 145
349 145
351 145
353 145
356 146
358 146
361 146
363 147
365 147
367 148
370 149
372 149
374 150
376 151
378 151
380 152
382 153
384 155
385 156
387 157
388 159
389 161
391 163
392 165
393 167
395 169
396 171
397 173
398 175
399 177
400 179
401 181
402 182
403 184
404 186
405 188
406 189
407 191
408 193
409 195
409 196
410 198
411 199
411 200
412 201
413 202
413 203
413 204
414 204
414 205
415 206
415 207
416 208
417 209
418 210
419 210
420 210
421 210
422 210
423 210
424 210
426 210
427 210
429 209
431 209
433 209
435 208
438 208
440 207
443 207
445 206
448 206
451 205
454 205
457 204
459 204
462 203
465 203
468 202
471 202
474 202
477 201
480 201
483 200
486 200
489 200
492 199
494 199
497 199
500 199
503 199
505 199
508 199
511 198
513 198
516 198
519 198
521 198
524 198
526 198
528 198
530 198
532 198
534 198
536 198
537 198
539 198
540 198
541 198
543 198
544 198
545 199
546 199
547 199
548 199
547 199
546 199
