150
259 182
257 176
257 173
257 170
257 167
258 164
258 161
259 159
260 157
261 154
262 152
263 150
264 148
266 146
267 144
268 142
270 140
272 138
274 136
276 134
278 133
280 131
282 130
284 129
286 128
288 127
290 126
292 125
295 125
297 124
300 124
303 123
306 123
309 123
312 123
315 123
318 123
321 123
324 123
327 123
331 123
334 124
337 124
340 124
344 124
346 125
348 126
351 127
353 128
355 129
357 130
359 131
360 133
362 135
364 136
365 138
367 140
369 142
370 144
371 146
373 148
374 150
375 152
376 154
377 156
378 158
379 161
379 164
379 167
379 170
379 173
379 176
379 179
379 182
379 185
378 187
378 190
377 192
377 195
376 197
375 199
374 201
373 203
372 205
371 207
369 209
370 211
373 211
376 211
379 211
382 211
385 211
388 211
391 211
395 210
398 210
401 210
404 210
408 210
411 210
415 209
419 209
423 209
426 209
430 209
434 209
438 209
443 209
447 209
451 209
455 209
460 209
464 209
468 209
472 209
476 209
480 209
483 209
487 209
491 209
494 209
498 209
501 209
506 209
511 209
516 209
521 209
525 209
528 209
532 209
537 209
541 209
544 209
549 209
554 209
557 209
560 209
563 209
568 209
571 209
574 209
577 209
580 209
585 209
588 209
593 209
596 209
599 210
602 210
605 210
