160
253 215
250 203
251 201
251 199
251 197
251 195
252 192
252 190
253 187
253 185
254 182
254 180
255 177
256 175
257 172
257 170
258 167
260 165
261 162
262 160
263 157
265 155
266 152
268 150
269 148
271 146
273 144
275 141
277 139
279 138
281 136
283 134
285 132
287 131
289 129
291 128
293 127
295 126
298 125
300 124
302 123
304 123
306 122
308 122
310 121
312 121
314 121
317 120
319 120
321 120
323 121
325 121
328 121
330 121
332 122
335 122
337 123
339 123
341 124
343 125
346 126
348 127
350 128
352 129
354 131
356 132
358 134
359 135
361 137
363 139
365 141
366 143
367 145
369 147
370 150
371 152
372 154
373 157
374 159
375 162
376 164
377 167
377 170
378 172
379 175
379 177
380 179
380 181
381 184
381 186
381 188
382 190
382 192
382 193
383 195
383 197
384 198
384 200
385 201
385 202
386 203
386 204
387 204
387 205
388 206
389 207
390 207
391 207
392 207
393 208
395 208
396 208
398 208
401 208
403 208
406 207
410 207
413 207
417 206
421 206
425 205
430 205
434 204
439 204
444 203
449 203
453 202
458 202
463 201
468 201
473 200
478 200
483 199
488 199
493 198
498 198
502 198
507 198
511 197
515 197
519 197
523 197
526 197
530 197
533 197
536 197
538 197
541 197
543 197
545 197
547 197
549 197
550 197
551 197
552 197
553 198
554 198
555 198
554 202
554 203
