146
120 138
119 129
119 128
120 126
120 124
121 122
121 120
122 118
123 115
124 113
125 110
127 107
128 104
130 101
132 98
134 96
136 93
139 90
141 88
144 85
146 83
149 80
152 78
155 76
158 74
161 73
164 71
167 70
170 68
174 67
177 66
180 65
184 65
187 64
190 64
194 64
197 64
200 64
204 65
207 65
210 66
213 67
216 68
219 69
222 71
225 72
228 73
230 75
233 76
236 78
238 79
241 81
243 83
245 84
247 86
249 88
251 90
253 92
254 95
256 97
257 99
259 101
260 103
261 105
262 108
263 110
264 112
265 114
266 116
267 118
267 120
268 122
268 124
269 126
269 127
269 129
269 131
269 132
270 133
270 135
270 136
270 137
270 138
270 139
271 140
271 141
272 141
272 142
273 142
274 142
275 142
276 142
277 142
278 142
280 142
281 142
283 142
285 141
287 141
289 141
292 141
294 141
297 141
300 141
303 141
306 141
310 141
313 141
317 141
320 141
324 141
328 141
332 141
336 141
340 141
344 142
348 142
353 142
357 142
361 142
365 142
370 142
374 142
378 142
382 142
386 142
390 142
394 142
398 142
402 141
405 141
409 141
412 141
415 141
418 141
420 141
423 140
425 140
427 140
428 140
430 140
431 140
432 140
432 141
433 141
433 142
