128
207 194
206 185
207 183
207 181
208 179
209 176
210 174
212 171
213 168
215 166
217 163
219 161
221 158
223 156
226 153
228 151
231 149
234 146
237 144
240 142
244 140
247 138
250 136
254 135
257 133
260 132
264 131
267 131
270 130
273 130
276 129
279 129
282 129
285 129
289 129
292 130
295 130
298 131
301 132
304 133
307 134
310 135
313 137
315 138
318 140
320 142
323 143
325 145
327 147
330 149
332 151
333 153
335 155
336 157
338 159
339 161
340 162
341 164
342 166
343 168
344 169
344 171
345 172
346 173
346 174
346 175
347 176
347 177
347 178
347 179
348 180
348 181
348 182
348 183
349 183
349 184
350 184
350 185
351 184
352 184
353 184
354 184
355 184
357 184
359 184
362 184
365 184
368 184
371 183
375 183
379 183
384 182
389 182
394 182
399 181
405 181
410 181
416 180
422 180
429 180
435 180
441 180
447 179
454 179
460 179
466 179
472 179
478 179
484 179
490 179
496 179
502 179
508 179
513 179
518 178
523 179
527 179
531 179
534 179
537 179
540 179
542 179
544 179
546 179
547 179
548 179
547 179
545 179
