200
189 137
186 132
186 131
186 130
186 129
186 128
186 127
186 126
186 125
186 124
186 123
186 122
186 121
186 120
186 119
186 118
186 117
186 116
187 115
187 114
187 113
187 112
188 111
188 109
188 108
189 107
189 105
190 104
190 102
191 101
191 99
192 98
192 96
193 95
193 94
194 93
195 92
195 91
196 89
196 88
197 87
198 86
198 85
199 83
200 82
201 81
202 80
203 78
204 77
205 76
206 75
208 74
209 73
210 73
212 72
213 71
215 71
216 70
217 69
219 69
220 69
221 68
223 68
224 68
226 68
228 68
229 67
231 67
232 67
234 67
236 67
237 67
239 68
241 68
242 68
244 68
245 68
247 68
248 68
250 69
251 69
253 70
255 70
256 71
258 72
259 73
261 73
262 74
263 75
264 75
265 76
267 77
268 78
269 79
270 80
271 82
272 83
273 84
275 85
276 86
277 87
278 88
279 89
280 90
281 91
282 92
283 93
283 94
284 96
285 97
285 98
286 100
286 101
287 103
287 104
288 106
288 107
289 109
289 110
289 111
290 112
290 114
291 115
291 116
291 117
292 118
292 119
292 120
293 120
293 121
293 122
293 123
293 124
294 124
295 124
296 124
297 124
298 124
299 124
301 124
302 124
303 124
305 124
307 124
309 123
311 123
313 123
315 123
317 123
320 122
323 122
325 122
328 122
331 122
333 122
336 121
338 121
341 121
344 121
346 121
349 121
352 121
355 121
357 121
360 121
363 121
366 120
368 120
371 120
374 120
376 120
379 120
381 119
383 119
386 119
388 119
391 119
393 119
395 119
397 119
399 119
401 119
403 119
404 119
406 118
407 118
409 118
410 118
411 118
413 118
414 118
415 118
416 118
417 118
418 118
419 118
420 118
419 118
420 118
420 117
