146
239 188
239 181
240 179
241 176
241 173
242 171
243 169
244 166
245 163
246 161
247 159
248 157
250 155
252 153
253 151
255 149
257 148
259 146
261 145
263 144
265 142
267 141
269 140
271 139
273 138
275 137
278 136
281 135
284 135
287 134
289 133
292 132
295 132
298 132
301 132
303 131
306 131
309 131
312 131
314 132
317 132
320 132
322 133
325 133
328 133
330 134
333 134
335 135
338 135
340 136
342 137
344 138
346 139
348 140
350 141
352 143
354 144
356 146
358 147
360 148
362 150
364 151
366 153
367 155
369 156
371 158
372 160
373 162
374 164
375 166
375 169
376 171
376 174
376 177
376 180
376 183
375 185
375 188
374 190
373 193
373 196
372 198
371 200
370 202
369 204
368 206
367 208
370 208
372 207
374 206
376 207
379 207
382 207
384 206
387 206
389 207
392 207
396 206
400 206
403 206
407 206
410 206
413 206
417 206
420 206
424 206
428 206
431 206
435 206
439 206
443 206
447 206
451 206
455 206
458 206
462 206
465 206
467 207
471 207
473 206
477 206
481 206
485 206
488 206
490 207
494 207
499 207
503 207
507 207
510 207
514 207
518 207
521 207
525 207
530 207
534 207
537 207
539 206
543 206
546 206
550 206
553 206
556 207
559 207
562 208
563 208
