283
152 179
156 172
157 171
157 170
158 169
159 168
159 167
160 166
161 165
162 164
163 162
164 161
166 160
167 158
168 157
170 156
171 154
173 153
174 152
176 151
178 149
179 148
181 147
182 146
184 145
186 144
187 143
189 142
190 141
192 140
194 139
195 139
197 138
199 137
201 136
203 135
205 134
207 133
209 132
211 131
213 131
215 130
217 129
218 129
220 128
222 128
224 127
226 127
228 126
230 126
232 125
234 125
236 125
238 124
241 124
243 124
244 123
246 123
248 123
250 123
252 122
254 122
256 122
258 122
260 122
262 122
264 122
266 122
268 122
270 122
272 122
273 122
275 122
277 123
279 123
281 123
283 123
285 123
287 124
289 124
290 124
292 125
294 125
296 126
298 126
299 127
301 127
303 128
305 128
306 129
308 129
310 130
312 131
314 131
316 132
317 133
319 133
321 134
323 135
324 136
326 136
328 137
329 138
331 139
333 140
334 140
336 141
338 142
339 143
341 144
343 145
344 145
346 146
347 147
348 148
350 149
350 149
351 150
352 151
354 152
355 154
355 154
356 155
357 156
359 157
360 158
361 159
362 160
363 162
365 163
366 164
367 165
368 166
369 167
370 168
371 169
372 170
372 171
373 172
374 173
375 174
375 175
376 176
376 177
377 179
378 180
378 181
379 182
379 183
379 184
380 185
380 186
380 188
380 189
380 190
381 191
381 192
381 193
381 194
381 195
381 196
381 197
381 198
380 199
380 200
380 201
380 202
380 203
380 204
379 205
379 206
379 207
379 208
379 209
378 209
378 210
378 211
377 212
377 213
377 214
376 215
376 216
377 216
378 217
379 217
380 217
381 217
382 217
383 217
384 217
385 217
386 217
388 217
389 217
390 217
392 217
393 217
395 217
396 217
398 217
400 217
401 217
403 217
404 217
406 217
408 217
410 217
411 217
413 217
415 217
417 217
419 217
421 217
423 217
426 218
428 218
430 218
432 218
434 218
437 218
439 218
442 218
444 218
447 218
449 218
452 218
454 218
457 218
460 218
462 218
465 218
468 218
470 218
473 218
476 217
479 217
482 217
485 217
489 217
492 217
495 217
498 217
502 216
505 216
509 216
512 216
515 216
519 216
522 215
526 215
529 215
532 215
536 214
539 214
543 214
546 214
549 214
553 214
556 214
559 213
563 213
566 213
569 213
572 213
575 212
578 212
581 212
584 212
587 212
589 212
592 212
594 212
596 212
599 212
601 212
602 212
604 212
606 212
607 212
608 212
609 213
610 213
610 213
