293
133 198
135 192
136 191
136 190
137 189
137 188
138 187
139 187
139 186
140 185
141 184
142 183
143 182
144 181
145 180
145 179
146 178
147 177
149 176
150 175
151 174
152 174
154 173
155 172
157 171
158 170
160 169
161 168
162 167
164 167
165 166
167 165
168 164
169 164
171 163
172 162
174 162
175 161
177 160
178 160
180 159
181 159
183 158
184 158
186 157
188 157
189 156
191 156
192 156
194 155
195 155
196 155
198 154
199 154
201 154
202 154
204 154
205 153
207 153
209 153
211 153
212 153
214 153
216 152
217 152
219 152
221 152
223 152
224 152
226 152
228 152
230 152
231 152
233 152
235 152
236 153
238 153
240 153
241 153
243 153
244 154
245 154
247 154
248 155
249 155
251 155
252 156
254 156
255 156
256 157
258 157
259 158
260 158
262 159
263 159
265 160
266 160
267 161
268 161
270 162
271 162
272 163
273 163
274 164
275 164
276 165
277 165
278 166
279 166
280 167
282 168
283 168
283 169
284 169
285 170
286 171
287 171
288 172
289 173
290 173
290 174
291 175
292 175
292 176
293 177
294 178
295 178
295 179
296 180
297 181
298 182
298 183
299 184
300 184
300 185
301 186
302 187
302 188
303 189
303 190
304 191
304 192
305 193
306 193
306 194
307 195
307 196
308 197
308 198
309 198
309 199
309 200
310 201
310 202
311 203
311 204
312 205
312 206
312 207
313 208
313 209
314 210
314 211
314 212
315 213
315 214
315 215
316 216
316 217
316 218
316 219
316 220
316 221
317 222
317 223
317 224
317 225
317 226
317 227
317 228
317 229
317 230
317 231
317 232
317 233
317 234
317 235
317 236
317 237
317 238
318 239
318 240
317 241
317 242
317 243
317 244
317 245
317 246
317 247
317 248
318 249
319 249
320 249
321 249
322 249
323 249
324 249
325 249
326 248
327 248
328 248
329 248
330 249
332 249
333 249
334 249
336 249
337 249
339 249
341 249
342 248
344 248
346 248
347 248
349 248
351 248
352 248
354 248
356 248
358 248
360 248
362 248
364 248
366 248
368 248
370 248
372 248
374 248
377 248
379 248
381 248
383 248
386 248
388 248
390 248
393 248
395 248
398 248
400 248
403 248
405 247
407 247
410 247
412 247
415 247
418 247
420 247
423 247
426 247
428 247
431 246
434 246
437 246
440 246
443 246
445 246
448 245
451 245
454 245
457 245
460 245
463 245
467 244
470 244
473 244
476 244
479 244
482 244
485 243
487 243
490 243
493 243
496 243
498 242
500 242
502 242
504 242
506 242
507 242
509 242
510 242
511 242
511 242
