138
100 153
101 142
101 140
102 138
103 136
104 133
106 130
107 127
109 124
111 120
114 117
116 113
119 109
122 106
125 102
128 98
132 95
136 91
139 88
143 85
147 82
151 79
156 76
160 74
164 72
168 70
173 68
177 66
181 65
185 64
189 63
194 63
198 62
202 62
206 63
210 64
213 64
217 65
220 67
224 68
227 70
230 72
233 74
236 76
238 79
241 81
243 84
245 87
247 89
249 92
250 95
252 99
253 102
255 105
256 108
257 111
257 114
258 117
259 121
259 124
259 127
259 130
259 133
259 136
259 139
259 142
258 145
257 148
256 151
256 154
254 157
253 159
252 162
251 164
250 166
249 168
249 169
248 170
247 171
247 172
247 173
246 173
246 174
247 174
248 174
249 174
250 174
251 174
252 174
253 174
255 174
257 174
259 174
261 175
264 175
267 175
270 175
273 175
277 175
281 175
285 175
289 175
293 176
298 176
302 176
307 176
312 176
316 177
321 177
326 177
330 177
335 178
339 178
344 178
348 178
352 179
356 179
360 179
364 179
368 179
371 179
374 180
377 180
380 180
383 180
385 180
388 180
390 180
391 180
393 180
394 180
396 180
397 180
398 180
399 180
400 180
400 179
399 179
