281
162 170
165 164
166 163
167 162
168 161
168 160
169 159
170 158
171 156
172 155
174 154
175 153
176 151
178 150
179 149
180 148
182 147
183 146
185 145
186 144
188 143
189 142
191 141
192 140
194 140
195 139
197 138
198 137
200 137
202 136
204 136
205 135
207 134
209 134
211 133
212 133
214 132
216 132
218 132
220 131
222 131
223 131
225 130
227 130
229 130
231 130
233 129
236 129
238 129
240 128
242 128
244 128
246 128
248 128
250 128
251 128
253 128
255 127
257 128
259 128
261 128
262 128
264 128
265 128
267 128
269 129
270 129
272 129
273 130
274 130
276 130
277 131
279 131
280 131
282 132
283 132
285 133
286 133
288 134
289 134
290 135
292 135
293 136
294 136
296 137
297 137
298 138
299 139
300 139
302 140
303 140
304 141
305 141
306 142
307 143
308 143
310 144
311 145
312 145
313 146
314 147
315 147
316 148
317 149
318 150
319 151
320 151
321 152
321 153
322 154
323 155
324 156
325 157
326 158
326 159
327 160
328 161
329 162
329 163
330 164
331 166
331 167
332 168
333 169
333 170
334 171
334 172
335 173
335 174
336 175
336 177
337 178
337 179
338 180
338 181
338 182
339 183
339 184
339 185
339 186
339 187
340 188
340 189
340 191
340 192
340 193
340 194
340 195
340 196
340 197
340 198
340 199
340 201
340 202
340 203
340 204
340 205
339 206
339 207
339 208
339 209
338 210
338 211
338 212
338 213
338 214
338 215
337 215
338 216
338 217
339 217
340 218
341 218
342 218
343 218
344 218
344 219
345 219
346 219
347 219
348 219
349 219
350 219
351 219
352 219
353 219
354 220
356 220
357 220
359 220
360 220
362 220
363 220
365 220
366 220
368 220
370 220
372 220
373 220
375 220
377 220
378 220
380 221
382 221
384 221
385 221
387 221
389 221
391 221
393 221
395 221
397 221
399 221
401 221
403 221
404 221
406 221
408 221
410 221
412 221
414 221
417 221
419 221
421 221
423 221
425 221
427 221
429 221
432 221
434 221
436 221
438 220
441 220
443 220
446 220
448 220
451 220
453 220
456 220
458 219
461 219
464 219
466 219
469 219
471 218
474 218
477 218
479 218
482 218
484 218
487 218
489 218
492 218
495 218
497 218
500 218
503 218
505 218
508 218
511 218
513 218
516 218
518 218
521 218
524 218
526 218
529 219
531 219
533 219
535 219
537 219
539 219
541 219
542 219
544 219
545 218
546 218
547 218
548 218
549 218
549 218
