143
133 138
135 132
136 131
137 130
137 128
138 127
139 125
141 124
142 122
143 120
145 119
146 117
148 115
150 114
152 112
154 110
156 109
159 107
161 106
164 104
167 103
170 102
172 100
175 99
179 98
182 97
185 96
188 95
192 95
195 94
199 94
202 93
206 93
209 93
212 93
216 93
219 94
222 94
226 95
229 96
232 96
235 97
238 99
241 100
244 101
247 103
250 104
253 106
255 107
257 109
260 111
262 113
264 115
266 117
269 120
271 122
273 124
274 127
276 129
278 131
279 134
281 136
282 138
283 141
284 143
285 146
285 148
286 150
286 152
287 154
287 156
288 158
288 160
288 162
288 164
288 165
288 166
289 167
289 168
289 169
289 170
290 171
291 171
292 171
293 171
294 170
295 170
296 170
297 169
298 169
299 169
301 169
303 168
305 168
307 168
309 168
311 168
314 168
317 168
320 168
323 168
327 168
331 168
334 169
338 169
342 169
347 169
351 169
355 170
360 170
364 170
369 170
374 170
378 171
383 171
388 171
393 171
397 171
402 171
406 171
411 171
415 171
420 170
424 170
428 170
432 170
435 169
439 169
442 169
445 169
448 169
450 168
453 168
455 168
457 168
459 168
460 168
461 168
462 168
463 168
464 168
465 168
464 168
