163
232 219
227 208
228 206
228 204
228 201
228 199
228 196
229 194
229 191
230 189
230 186
231 183
231 181
232 178
233 175
234 172
234 170
235 167
236 164
237 161
238 159
239 156
240 154
242 151
243 149
245 147
247 145
248 143
250 141
252 139
254 138
256 136
259 135
261 133
264 132
266 131
269 130
272 128
275 127
277 127
280 126
283 125
286 124
288 124
291 123
293 123
296 123
298 122
301 122
303 122
305 123
308 123
310 123
312 123
315 124
318 124
320 125
323 125
326 126
328 127
331 128
333 129
336 130
338 131
340 133
342 134
344 136
346 137
348 139
350 141
352 143
354 145
356 147
358 149
359 151
361 153
363 155
364 157
366 159
367 162
368 164
369 166
370 168
371 171
372 173
373 175
374 177
375 180
376 182
376 184
377 185
378 187
379 189
380 191
381 192
381 194
382 195
382 196
383 198
383 199
384 200
384 201
385 202
385 203
386 203
386 204
386 205
387 205
387 206
388 207
388 208
389 208
390 208
391 208
392 208
393 208
395 208
396 207
398 207
401 207
403 207
406 206
409 206
412 206
416 206
419 205
423 205
427 205
431 204
436 204
440 204
444 203
449 203
453 203
458 202
462 202
467 202
471 202
476 201
480 201
485 201
489 201
494 201
498 201
502 201
506 201
510 201
513 201
517 201
520 201
523 201
526 202
528 202
530 202
532 202
534 202
535 202
536 203
537 203
538 203
539 203
539 204
540 204
