178
123 197
123 196
123 194
123 193
123 191
124 188
125 186
126 184
127 182
128 180
129 178
130 176
130 174
130 173
131 171
132 169
133 168
134 167
134 165
135 162
136 161
137 160
138 158
139 157
140 155
141 153
142 152
144 150
145 148
146 146
147 146
148 144
150 143
150 141
151 141
152 140
153 138
155 137
156 135
158 134
159 134
161 133
163 132
164 131
165 130
167 129
168 129
170 129
171 128
172 128
175 127
177 127
178 127
181 127
183 127
186 127
188 127
190 127
193 127
195 127
197 127
199 127
201 127
202 127
204 128
207 129
208 129
211 129
213 131
216 132
217 133
220 134
222 136
223 136
225 137
227 138
228 139
229 140
231 141
233 142
233 144
235 145
236 145
237 147
239 148
240 150
242 150
243 152
243 153
244 154
244 155
244 157
245 157
246 159
246 160
246 161
246 162
247 163
248 165
249 167
249 168
249 169
250 171
250 173
251 175
251 178
252 180
253 180
254 182
254 183
254 184
254 185
254 186
254 187
255 188
256 189
258 190
259 190
260 190
262 190
266 190
268 190
270 190
272 190
275 190
278 190
281 190
284 190
288 190
290 190
294 190
297 190
299 191
302 191
305 191
308 192
311 192
314 192
318 193
322 194
325 195
328 195
331 195
335 196
338 196
340 196
343 196
346 196
348 196
351 196
354 197
358 197
361 197
365 197
369 197
373 197
377 197
380 197
384 197
388 197
392 197
394 197
398 197
402 197
406 197
409 197
413 197
417 197
420 197
422 197
424 197
427 197
428 197
430 197
432 197
434 197
435 197
435 197
