343
134 208
134 201
134 200
134 199
135 198
135 197
135 196
136 195
136 194
136 193
137 191
137 190
138 189
139 188
139 186
140 185
141 183
142 182
142 181
143 179
144 178
145 177
146 175
147 174
148 173
150 172
151 171
152 170
153 169
154 168
155 167
156 166
157 165
158 164
160 163
161 162
162 161
163 161
164 160
166 159
167 158
168 158
170 157
171 156
173 155
174 155
176 154
177 153
179 153
180 152
182 152
183 151
185 151
186 150
188 150
189 150
191 149
193 149
194 149
196 148
198 148
199 148
201 147
203 147
205 147
207 147
209 146
211 146
213 146
215 146
217 145
219 145
221 145
223 145
225 145
227 145
229 145
231 145
234 145
236 145
238 145
240 145
242 145
244 145
246 145
248 145
249 146
251 146
253 146
255 146
257 147
259 147
261 147
263 148
265 148
267 148
269 149
271 149
273 149
274 150
276 150
278 150
280 151
281 151
283 152
285 153
287 153
288 154
290 154
291 155
293 156
294 156
295 157
296 158
298 158
299 159
300 160
301 160
302 161
303 162
304 163
305 164
306 164
307 165
308 166
309 166
310 167
311 168
312 168
313 169
314 170
315 171
316 172
317 172
318 173
319 174
319 175
320 175
321 176
322 177
322 178
323 179
324 179
324 180
325 181
326 182
326 183
327 184
328 185
328 186
329 187
329 188
329 189
330 190
330 191
331 192
331 193
331 194
332 194
332 195
332 196
333 197
333 198
333 199
334 200
334 201
335 202
335 203
336 204
336 205
336 206
337 207
337 208
337 209
337 210
338 211
338 212
338 213
338 214
338 215
338 216
338 217
338 219
338 220
338 221
338 222
338 223
338 225
337 226
337 227
337 228
337 229
336 230
336 231
336 232
335 233
335 234
335 235
334 236
334 237
333 238
333 239
332 240
332 241
331 242
331 243
330 244
330 245
329 246
329 247
328 248
328 249
327 249
327 250
327 251
328 251
329 251
330 251
331 251
332 251
333 251
334 251
335 251
336 251
338 251
339 251
340 251
342 251
343 251
345 251
347 251
348 251
350 251
352 251
354 251
356 251
358 251
360 251
362 251
365 251
367 251
370 251
372 251
374 251
377 251
379 251
382 251
384 251
387 251
389 251
392 250
394 250
397 250
399 250
402 250
404 250
407 250
410 250
412 250
415 250
418 250
420 250
423 250
426 250
429 250
432 250
434 250
437 250
440 250
443 249
446 249
449 249
451 249
454 249
457 249
460 249
462 249
465 249
467 248
470 248
472 248
475 248
477 248
480 248
482 248
484 248
487 248
489 248
491 248
494 248
496 248
499 248
501 248
504 248
506 248
508 248
511 248
513 248
516 248
518 248
521 248
523 248
526 248
529 248
531 248
534 248
536 248
539 248
542 248
544 247
547 247
550 247
550 247
553 247
556 247
559 247
561 247
561 247
564 247
567 247
570 247
573 246
576 246
579 246
582 246
585 246
587 246
590 245
593 245
595 245
598 245
601 244
603 244
605 244
607 244
609 243
611 243
613 243
614 243
615 243
616 243
617 243
617 243
