222
161 157
160 153
160 152
161 151
161 150
161 149
161 148
161 147
161 146
161 145
162 144
162 143
162 141
163 140
163 139
164 138
164 137
165 136
165 135
165 134
166 133
166 131
167 130
167 129
168 127
168 126
169 124
170 123
170 122
171 120
171 119
172 118
172 117
173 116
173 115
174 114
174 113
175 113
176 112
177 111
177 110
178 109
179 108
180 107
181 106
182 105
183 104
184 103
186 102
187 101
188 100
190 99
191 98
192 98
193 97
194 97
196 96
197 96
198 95
200 95
201 94
203 94
205 93
206 93
208 92
210 92
211 92
213 92
215 92
216 92
218 92
219 92
221 92
222 92
224 92
225 92
227 93
229 93
230 94
232 94
233 95
235 95
237 96
238 96
239 97
241 98
242 99
243 100
244 100
245 102
247 103
248 104
249 105
250 106
251 107
253 108
254 110
255 111
256 112
257 113
258 114
259 115
260 116
261 117
262 118
263 120
263 121
264 123
264 124
265 126
265 127
266 129
266 130
267 132
267 133
268 134
268 136
269 137
269 138
269 139
270 140
270 142
270 143
270 144
271 145
271 146
271 148
271 149
271 150
272 151
272 152
272 153
272 154
272 155
272 154
272 155
272 154
273 154
274 154
275 154
276 154
277 154
278 154
279 154
280 154
281 154
283 154
284 154
285 154
287 154
288 154
290 154
292 154
294 154
296 154
298 154
300 154
303 154
305 154
308 154
310 154
312 154
315 154
317 154
320 155
323 155
326 155
328 155
331 155
335 155
338 155
341 155
344 155
347 155
350 155
353 155
356 155
359 155
362 155
365 155
369 154
372 154
375 154
379 154
382 154
385 154
388 154
391 154
394 154
397 154
400 154
403 154
406 154
409 154
411 153
414 153
416 153
419 153
422 153
424 153
427 153
429 153
432 153
435 153
437 153
440 153
442 152
444 152
446 152
448 152
449 152
451 152
452 152
453 152
454 152
455 152
456 152
455 152
455 151
455 152
454 152
455 152
