138
126 96
131 86
133 85
135 84
137 83
139 82
141 81
144 80
146 79
149 79
152 78
155 77
159 77
162 76
165 76
169 75
173 75
177 75
181 75
185 74
189 75
193 75
197 75
201 76
205 76
209 77
213 78
217 79
221 81
224 82
228 83
231 85
235 87
238 89
241 91
244 93
246 95
249 97
252 99
254 101
256 104
258 106
260 108
262 110
263 112
264 115
266 117
267 119
268 122
269 124
269 126
270 129
270 131
270 133
270 136
270 138
270 141
269 143
269 146
268 148
267 150
266 153
265 155
264 157
263 159
262 161
261 163
260 165
259 167
258 168
257 170
256 171
256 172
255 173
254 173
254 174
253 174
253 175
254 175
255 175
256 175
257 175
258 175
259 175
261 176
263 176
265 176
267 176
270 176
273 176
276 176
279 176
282 176
286 176
290 176
294 176
298 176
302 177
306 177
311 177
315 177
320 177
325 177
329 177
334 177
339 177
344 177
349 177
354 177
359 177
364 177
369 177
374 177
378 177
383 177
387 177
392 177
396 177
400 177
404 177
407 177
410 177
413 178
416 178
419 178
421 178
423 178
425 179
427 179
429 179
430 179
431 179
432 180
433 180
434 180
435 180
434 180
433 180
