160
281 195
280 190
280 187
279 185
279 182
279 179
280 177
280 174
281 172
282 169
282 166
283 164
284 162
285 160
286 158
287 156
288 154
289 152
291 150
293 148
295 146
296 144
298 143
299 141
301 140
303 138
305 137
307 136
309 134
311 133
313 132
315 131
318 130
321 129
323 128
326 127
329 126
332 125
335 124
338 124
342 123
345 123
348 123
351 122
355 122
358 122
361 122
364 122
366 123
369 123
372 123
374 124
377 124
379 125
382 125
384 126
386 127
389 128
391 129
394 130
396 131
399 132
401 133
403 134
405 135
407 136
409 138
411 139
412 141
414 143
415 145
416 147
417 149
419 150
420 152
421 154
422 157
423 159
424 161
424 164
425 166
426 169
426 172
427 174
427 177
427 180
427 183
426 185
426 188
425 190
424 192
423 194
422 197
421 199
420 201
418 203
417 205
416 207
415 209
418 209
421 209
424 209
427 209
430 209
432 210
435 210
438 210
441 211
444 211
447 211
450 211
453 211
457 211
460 211
464 211
467 211
471 211
474 211
478 211
481 211
485 211
488 212
491 212
495 212
498 212
502 212
506 212
509 212
513 212
516 212
520 212
524 213
528 213
531 213
535 213
539 213
542 213
545 213
549 213
553 213
556 214
560 214
564 214
568 214
571 214
575 214
579 214
582 214
584 215
588 215
592 215
596 215
599 215
603 215
606 215
609 215
611 216
614 216
616 217
617 216
