155
306 224
306 219
306 216
305 214
305 211
304 209
304 206
304 203
304 200
305 198
305 195
305 192
306 190
306 187
307 185
308 183
309 181
310 179
311 177
313 175
314 173
315 171
317 169
319 167
321 166
323 164
325 163
327 161
329 160
331 159
333 158
335 157
337 156
339 155
341 154
343 153
345 152
348 151
351 151
353 150
355 149
358 149
360 148
363 148
365 147
368 147
371 147
374 147
376 146
379 146
381 147
384 147
387 147
390 147
393 147
395 148
398 148
400 149
404 149
406 150
408 151
411 152
414 153
416 154
418 155
420 156
422 158
424 159
426 160
428 162
430 163
431 165
433 167
434 169
436 171
437 173
439 175
440 177
441 179
442 182
443 185
443 188
443 191
443 194
442 197
442 200
441 202
441 205
440 207
439 209
438 212
437 214
436 217
435 219
434 221
433 223
432 225
431 227
433 228
436 228
438 227
441 227
444 227
446 228
449 228
452 228
455 228
458 228
461 228
464 228
467 228
470 228
472 229
475 229
479 229
483 229
486 229
490 229
493 229
497 229
500 229
504 229
508 229
512 229
515 229
519 229
523 229
526 229
530 229
534 229
538 229
542 229
545 229
549 229
551 230
555 230
558 230
562 230
566 230
570 230
573 230
577 230
581 230
585 230
589 230
593 231
596 231
600 231
603 231
606 231
609 231
612 231
615 232
618 232
620 232
