134
123 137
122 128
122 126
122 125
123 123
124 121
124 119
125 117
126 115
127 113
129 110
130 108
132 105
134 103
136 100
138 98
141 95
143 93
146 90
149 88
152 86
156 83
159 82
162 80
166 78
169 77
173 75
176 74
180 73
184 72
187 72
191 71
195 71
198 71
202 71
206 72
209 72
213 73
217 74
220 75
223 76
227 77
230 79
233 80
236 82
238 83
241 85
243 87
245 90
247 92
249 94
251 97
253 99
254 102
256 105
257 107
258 110
259 112
261 114
262 117
263 119
263 121
264 123
265 126
266 127
266 129
267 131
267 133
267 134
267 135
268 137
268 138
268 139
268 140
268 141
269 141
269 142
270 142
271 142
272 142
273 142
274 142
276 142
277 142
278 142
280 142
282 142
284 143
287 143
289 143
292 143
295 143
298 143
302 143
305 143
309 143
313 143
317 143
321 143
325 143
329 143
334 143
338 144
343 144
347 144
352 144
356 144
361 144
366 144
370 144
374 144
379 144
383 145
387 145
390 145
394 145
398 145
401 145
404 145
407 145
410 145
412 145
415 145
417 145
419 145
420 145
422 145
423 146
424 146
425 146
426 146
426 147
425 147
424 147
