165
264 212
265 206
265 204
266 202
267 200
267 198
268 195
269 193
270 191
270 189
271 187
272 184
273 182
274 180
275 178
276 176
278 174
279 172
280 170
281 168
283 166
284 164
286 162
287 161
289 159
291 157
293 156
295 154
297 153
299 152
301 150
303 149
305 148
308 147
310 146
312 145
315 144
317 144
320 143
323 142
325 142
328 141
330 141
333 140
336 140
338 139
341 139
343 139
346 139
349 139
351 139
354 140
356 140
359 140
361 141
363 141
366 142
368 142
370 143
372 144
375 145
377 146
379 147
381 148
383 149
385 151
387 152
389 153
391 155
393 156
394 158
396 160
397 162
399 163
400 165
401 167
403 169
404 171
405 173
406 175
407 177
408 180
409 182
410 184
411 186
412 188
413 190
414 192
414 193
415 195
415 197
416 198
416 200
417 201
417 202
418 203
418 204
418 205
418 206
419 206
419 207
419 208
420 208
420 209
421 209
422 209
423 209
424 208
425 208
426 208
427 208
429 208
431 207
433 207
435 207
438 206
440 206
443 206
446 205
449 205
452 205
455 204
458 204
462 204
465 203
469 203
473 203
476 202
480 202
484 202
487 202
491 201
495 201
499 201
503 200
507 200
511 200
515 200
518 200
522 199
526 199
530 199
534 199
538 199
541 198
545 198
548 198
552 198
555 198
558 198
560 198
563 197
565 197
567 197
568 197
570 197
571 197
572 197
573 197
574 197
573 197
572 197
571 196
570 196
569 196
