144
211 166
212 160
213 158
214 156
215 154
216 151
217 149
218 147
219 145
221 143
222 141
224 139
226 137
228 136
230 135
232 134
234 133
236 132
238 131
240 130
243 129
246 128
249 127
252 126
255 125
258 125
262 125
265 125
268 125
271 125
274 126
277 127
280 127
282 128
285 128
288 129
291 129
294 130
296 131
299 131
301 132
303 133
305 134
308 135
310 136
312 137
314 138
316 139
318 140
319 142
321 143
323 145
325 147
327 149
329 151
330 153
331 155
332 157
333 159
334 161
335 163
336 165
336 168
337 170
337 173
338 175
338 178
338 181
337 184
337 187
337 190
336 192
336 195
335 197
334 199
333 201
332 203
331 206
333 207
336 207
339 207
342 207
345 207
348 207
351 207
355 207
359 207
362 207
365 207
369 206
373 206
376 206
380 205
383 205
386 205
390 205
393 205
397 205
400 204
403 204
406 204
409 204
412 204
416 204
419 204
422 204
425 203
429 203
432 203
436 203
438 202
442 202
446 202
449 202
453 201
457 201
461 201
465 201
469 201
472 201
476 201
479 201
483 201
486 201
490 201
493 201
497 201
500 201
504 201
508 201
511 200
515 200
519 200
523 200
527 200
531 200
535 200
538 200
542 200
545 200
548 200
551 200
553 201
554 200
