208
271 222
268 218
268 216
268 214
268 213
268 211
268 209
268 208
268 206
268 204
268 202
269 200
269 198
270 196
270 193
271 191
272 189
272 187
273 185
274 183
275 180
276 178
277 176
278 173
279 171
280 169
282 167
283 165
284 163
285 161
286 159
287 157
289 156
290 154
291 153
292 152
294 150
295 149
297 148
298 147
300 146
302 145
303 144
305 143
306 142
308 142
309 141
311 141
313 140
314 140
316 140
318 139
320 139
322 139
323 139
325 139
327 139
329 140
331 140
333 140
335 140
337 141
339 141
341 142
343 142
345 142
347 143
349 144
350 144
352 145
354 145
356 146
357 146
359 147
360 147
361 148
362 149
364 149
365 150
366 150
367 151
368 151
370 152
371 152
372 153
373 153
374 154
375 155
376 156
377 156
378 157
380 158
381 159
382 160
383 162
384 163
385 164
386 165
388 167
389 168
390 169
391 171
392 172
393 174
393 175
394 177
395 178
396 179
397 181
397 182
398 183
399 185
400 186
401 187
402 188
402 190
403 191
404 192
405 194
406 195
406 196
407 197
408 199
409 200
409 201
410 202
411 203
411 204
412 205
413 206
413 207
414 207
414 208
414 209
415 210
415 211
416 212
416 213
417 214
417 215
417 216
417 217
418 218
419 218
420 218
421 218
422 218
423 218
424 217
426 217
427 217
429 217
431 217
433 217
435 217
438 217
440 217
443 217
446 216
449 216
452 216
455 216
458 216
461 215
464 215
467 215
470 215
473 215
476 215
479 214
482 214
486 214
489 214
492 214
495 214
499 213
502 213
505 213
509 213
512 213
515 213
519 212
522 212
525 212
528 212
531 212
535 212
538 212
541 212
544 212
547 212
550 212
553 212
555 212
558 212
560 212
562 213
564 213
566 213
567 213
569 213
570 213
571 213
572 213
573 213
573 212
572 212
570 211
