158
269 228
264 223
264 221
265 219
265 217
266 215
266 213
267 210
267 208
268 206
268 203
269 201
269 198
270 196
271 193
271 190
272 188
273 185
274 182
275 180
276 177
277 174
279 172
280 170
281 167
283 165
284 163
286 161
287 159
288 157
290 155
291 153
293 151
294 150
296 148
297 146
299 145
301 143
303 142
305 141
307 139
309 138
312 137
314 136
316 135
318 135
321 134
323 133
326 133
329 133
331 133
334 133
337 133
340 133
342 133
345 133
348 133
351 134
354 134
356 135
359 135
362 136
365 136
367 137
370 138
372 139
375 140
377 141
379 142
381 143
384 144
386 146
387 147
389 149
391 150
392 152
394 154
395 156
397 158
398 160
400 163
401 165
402 168
403 170
404 173
405 176
406 179
407 182
408 185
409 188
409 191
410 194
411 197
411 200
412 203
413 205
413 207
414 209
414 211
415 213
415 215
415 216
416 217
416 218
416 219
417 220
417 221
418 222
418 223
419 223
420 223
421 223
422 223
423 223
424 223
425 223
427 223
429 223
431 223
434 222
437 222
440 222
444 221
448 221
452 221
456 220
460 220
465 219
469 219
474 219
479 218
484 218
489 218
494 217
499 217
504 217
508 216
513 216
517 216
522 216
526 216
530 215
534 215
537 215
541 215
544 215
547 215
549 215
552 215
554 215
556 215
557 215
559 215
560 215
561 215
562 215
562 216
562 215
