176
199 132
196 128
195 127
195 126
195 125
195 124
194 123
194 122
194 121
194 120
194 118
194 117
194 116
195 115
195 114
195 113
195 112
195 111
195 110
195 109
196 107
196 106
196 105
196 103
197 102
197 100
198 99
198 97
199 96
199 95
200 94
201 93
202 91
203 90
204 89
205 88
206 87
207 86
208 85
209 84
211 83
212 82
213 81
214 80
215 80
216 79
217 78
218 78
219 77
221 77
222 77
223 77
224 76
225 76
227 76
228 76
229 76
231 76
232 76
234 76
235 76
237 77
238 77
239 77
241 77
242 78
243 78
244 79
246 79
247 80
248 80
249 81
250 82
251 83
252 83
253 84
254 85
254 86
255 86
256 87
257 88
258 89
259 89
259 90
260 91
261 92
261 93
262 93
262 94
263 96
263 97
264 98
264 99
264 100
264 101
265 103
265 104
265 105
265 106
265 107
265 109
265 110
266 111
266 112
266 113
266 114
266 115
266 116
266 117
266 118
267 119
267 120
268 120
269 120
270 120
271 120
272 120
273 120
274 120
275 120
276 120
278 120
280 120
281 120
283 120
285 120
287 120
289 120
290 120
292 120
294 120
297 120
299 120
301 120
303 120
306 120
308 120
311 120
313 120
316 120
318 120
321 119
323 119
326 119
328 119
331 119
333 119
336 119
338 119
340 119
343 119
345 119
347 118
350 118
352 118
354 118
356 118
358 118
360 118
361 118
363 118
365 118
367 118
368 118
370 118
371 118
373 118
374 118
375 118
376 118
377 118
378 118
379 118
378 118
379 118
380 117
