342
132 199
135 192
135 191
135 190
136 189
136 188
137 187
137 186
138 185
138 184
139 183
140 182
141 181
141 180
142 179
143 178
143 177
144 176
145 176
145 175
146 174
147 173
148 172
149 171
150 171
151 170
152 169
153 168
154 167
155 166
156 166
157 165
159 164
160 163
161 162
162 161
163 161
165 160
166 159
167 158
169 157
170 156
172 156
173 155
175 154
177 153
178 153
180 152
181 152
183 151
185 151
186 150
188 150
189 149
191 149
192 148
194 148
196 147
198 147
199 147
201 146
203 146
204 145
206 145
208 145
209 144
211 144
213 144
214 144
216 143
217 143
219 143
220 143
222 143
223 143
225 143
226 143
228 143
229 142
231 142
232 142
234 142
235 143
237 143
238 143
240 143
241 143
242 143
244 143
245 143
246 144
248 144
249 144
250 144
251 145
252 145
254 145
255 146
256 146
257 147
258 147
259 147
261 148
262 148
263 149
264 149
265 149
266 150
267 150
268 151
269 151
270 152
271 152
272 153
273 153
274 154
275 154
276 155
277 155
278 156
279 156
280 157
281 158
282 158
283 159
284 160
285 160
286 161
287 161
288 162
289 163
290 164
291 164
292 165
293 166
294 167
295 168
296 168
296 169
297 170
298 170
298 171
299 172
300 173
301 173
301 174
302 175
302 176
303 176
304 177
304 178
305 178
305 179
306 180
306 181
307 182
307 183
308 183
308 184
309 185
309 186
310 186
310 187
310 188
311 189
311 190
311 191
312 191
312 192
312 193
313 194
313 195
313 196
314 196
314 197
314 198
314 199
315 200
315 201
315 202
315 203
316 204
316 205
316 206
316 207
316 208
317 209
317 210
317 211
317 212
317 213
317 214
318 215
318 216
318 217
318 218
318 219
318 220
318 221
318 222
318 223
317 223
317 224
317 225
317 226
317 227
316 227
316 228
316 229
316 230
315 231
315 232
315 233
315 234
314 235
314 236
314 237
314 238
314 239
315 239
316 239
316 238
317 238
318 238
319 238
320 238
321 238
322 238
323 238
324 238
325 237
326 237
327 237
328 237
330 237
331 237
332 237
333 237
334 237
336 237
337 237
339 237
340 237
341 237
343 237
344 237
346 237
347 237
349 237
350 237
352 237
353 237
355 237
356 237
358 237
360 237
361 237
363 237
365 237
367 237
368 237
370 237
372 237
373 237
375 237
377 237
378 237
380 237
382 238
384 238
386 238
387 238
389 238
391 238
394 238
396 238
398 237
400 237
402 237
404 237
407 237
409 237
411 237
414 236
416 236
418 236
421 236
423 236
426 236
428 235
431 235
433 235
436 235
438 235
441 235
443 234
446 234
448 234
451 234
453 234
456 233
458 233
461 233
463 233
466 233
468 233
470 233
473 233
475 233
478 233
480 233
482 233
485 233
487 233
489 233
492 233
494 233
497 233
499 233
502 233
505 233
507 233
510 233
512 233
515 233
517 233
520 233
522 233
525 232
527 232
529 232
532 232
534 232
536 232
538 231
539 231
541 231
542 231
543 231
544 231
545 231
545 231
