117
227 197
230 186
231 184
233 182
234 180
236 177
238 175
240 172
242 169
244 166
247 163
250 161
253 158
256 155
259 152
262 149
264 147
267 144
270 142
274 140
277 138
280 136
283 134
287 132
290 131
294 130
298 129
302 128
306 127
309 127
313 126
317 126
321 126
325 127
329 127
332 128
336 129
339 130
342 132
346 134
349 136
352 138
354 140
357 143
360 145
362 148
364 151
366 153
368 156
370 158
372 161
374 163
375 166
377 168
378 170
379 172
381 174
382 175
383 177
383 178
384 179
384 180
384 181
384 182
384 183
384 184
384 185
385 185
386 185
387 185
388 185
389 185
391 185
393 184
395 184
397 184
400 183
404 183
408 182
412 182
416 181
421 181
426 180
431 179
437 178
442 178
448 177
454 176
459 175
465 175
471 174
476 174
482 174
487 173
492 173
496 173
501 174
505 174
509 174
512 174
516 175
519 175
521 175
524 176
526 176
528 176
529 177
530 177
532 177
533 177
533 178
534 178
534 179
534 180
533 181
533 182
532 182
