164
251 209
250 202
250 201
251 199
251 198
251 196
251 194
252 192
252 190
252 188
253 187
253 185
254 183
254 181
255 179
255 177
256 175
256 173
257 171
258 169
259 167
260 165
261 163
262 161
263 160
264 158
266 156
267 155
268 153
270 152
271 150
273 149
275 147
277 146
279 145
281 144
283 142
285 141
287 140
290 139
292 138
294 137
296 136
298 135
300 134
303 134
305 133
307 133
309 132
312 132
314 132
316 131
318 131
321 131
323 131
326 131
328 131
331 131
334 131
336 131
339 131
341 132
343 132
345 133
347 134
349 134
351 135
353 136
355 138
357 139
360 140
362 142
364 143
366 145
368 146
370 148
372 150
374 152
376 153
378 155
379 158
381 160
383 162
384 164
386 166
387 169
388 171
389 173
390 175
390 177
391 179
392 181
392 183
393 184
393 186
393 187
394 188
394 190
395 191
395 192
396 193
396 194
396 195
397 195
397 196
397 197
398 198
399 198
400 197
402 197
403 197
404 196
406 196
408 196
410 195
412 195
415 194
417 194
420 193
423 193
426 193
430 192
433 192
437 191
441 191
445 190
449 190
454 190
458 189
462 189
466 188
471 188
475 188
479 187
483 187
488 187
492 187
496 186
501 186
505 186
509 186
513 186
517 186
521 186
525 186
528 186
531 186
534 186
537 186
540 186
543 186
545 186
547 186
549 186
551 186
552 187
553 187
555 187
556 187
557 187
557 188
558 188
559 188
558 187
