630
229 91
233 91
234 91
235 91
236 91
237 91
238 91
240 91
241 91
243 91
244 92
246 92
248 92
250 92
253 92
255 93
257 93
260 93
263 93
265 93
268 93
271 93
274 93
277 93
281 93
284 93
287 93
291 93
294 93
297 93
300 93
303 93
307 93
310 93
313 94
316 94
320 94
323 94
326 94
329 94
332 94
335 94
338 94
341 94
344 94
347 94
350 94
353 94
356 94
359 94
362 94
364 94
367 95
370 95
372 95
374 95
376 95
378 95
380 95
382 95
383 96
385 96
386 96
387 96
388 96
389 96
390 96
390 95
390 94
390 93
390 92
390 91
390 90
391 89
391 88
391 87
392 86
392 84
392 83
393 82
393 81
394 80
394 78
395 77
396 76
396 75
397 74
398 73
398 72
399 71
400 70
401 69
402 69
403 68
404 68
405 67
406 67
408 66
409 66
410 66
412 66
413 65
415 65
416 65
418 65
419 66
421 66
423 66
424 66
426 66
428 67
429 67
431 68
433 68
434 69
436 69
437 70
439 71
440 72
442 73
443 74
444 75
446 76
447 78
448 79
449 81
450 82
450 84
451 86
452 87
452 89
453 90
453 92
454 93
454 94
454 96
454 97
454 99
454 101
454 102
453 104
453 105
453 106
452 108
451 109
451 110
450 111
449 112
448 113
448 114
447 114
445 115
444 116
443 117
441 117
439 118
438 119
436 119
434 119
433 120
431 120
430 120
428 120
427 120
426 120
425 120
423 120
422 120
421 120
420 120
419 120
419 119
418 119
418 120
419 121
419 122
419 123
419 124
419 125
419 127
418 128
418 129
418 130
418 132
418 133
417 134
417 135
417 137
417 138
416 139
416 141
416 142
416 144
416 146
416 148
415 150
415 152
415 153
414 155
414 157
414 159
414 160
413 162
413 164
413 166
413 168
413 170
412 172
412 174
412 175
411 177
411 179
410 180
410 182
410 183
410 185
409 186
409 187
409 188
408 190
408 191
408 192
407 193
407 194
407 195
407 196
406 197
406 198
406 199
406 200
407 200
407 199
408 199
409 199
410 199
411 199
412 199
413 199
415 200
416 200
418 200
419 201
421 201
422 202
423 202
425 203
426 203
427 204
428 205
429 206
430 206
431 207
432 208
433 210
434 211
435 212
436 213
436 215
437 216
437 218
438 219
438 221
439 223
439 224
439 225
439 226
439 228
439 229
439 230
439 231
438 232
438 233
438 235
437 236
436 237
435 238
434 239
433 240
432 241
431 242
429 243
428 244
427 245
425 245
423 246
422 247
420 247
417 247
415 248
413 248
411 248
408 248
406 249
404 248
402 248
400 248
398 248
396 247
394 247
392 246
390 245
388 244
386 243
384 242
383 241
382 239
380 238
379 236
378 235
377 234
377 232
376 231
375 230
375 229
374 228
374 227
374 226
373 225
373 224
373 223
373 222
372 221
372 219
372 218
372 217
372 216
372 215
372 214
372 213
372 212
371 212
371 211
371 212
370 212
369 212
368 212
367 212
365 212
364 212
363 212
361 212
359 212
357 212
355 212
353 212
351 212
348 212
346 212
343 212
341 212
338 212
336 211
333 211
331 211
328 211
326 211
323 211
321 211
318 211
315 211
312 211
310 211
307 211
304 211
301 211
298 211
295 211
292 210
290 210
287 210
284 210
281 210
279 210
277 210
275 210
273 210
271 210
270 210
269 210
268 209
267 209
267 210
268 210
268 211
269 211
269 212
270 213
270 214
270 215
271 216
271 217
271 218
271 219
271 220
271 221
271 222
271 224
271 226
270 227
270 228
270 229
269 230
268 231
268 233
267 234
266 235
265 237
264 238
263 239
262 240
261 242
259 243
257 244
256 244
254 245
252 246
250 246
248 246
246 247
244 247
242 247
240 247
238 247
236 246
234 246
232 246
230 245
227 244
225 244
223 243
221 242
220 241
218 240
216 239
215 238
213 237
211 236
209 235
208 233
206 232
205 231
203 230
203 229
202 228
201 227
201 226
200 225
200 224
200 222
199 221
199 220
199 219
200 217
200 216
200 215
201 214
201 213
201 212
202 211
203 210
204 209
205 208
206 207
208 206
209 206
210 205
211 205
212 205
213 205
214 204
215 204
216 204
217 204
218 204
219 205
220 205
219 205
219 204
219 203
218 202
218 201
218 200
218 199
218 198
218 197
218 196
218 195
218 193
218 192
217 190
217 189
217 187
217 186
216 184
216 183
216 181
216 179
215 177
215 175
215 173
214 171
214 168
214 166
213 163
213 160
212 158
212 155
212 152
211 150
211 147
210 144
210 142
209 139
209 137
208 134
208 132
208 130
207 128
207 125
207 123
207 121
206 119
206 117
206 116
206 114
205 113
205 112
205 110
205 109
205 108
205 107
205 106
205 105
204 105
204 106
203 106
203 107
202 107
201 107
200 107
199 108
198 108
197 108
195 108
193 109
192 109
190 109
188 109
186 109
184 109
181 109
180 109
178 109
176 108
175 108
173 107
172 107
171 106
170 105
169 104
168 104
167 103
166 102
165 101
164 100
163 99
163 97
162 96
162 95
162 94
161 92
161 91
161 90
161 88
162 87
162 85
162 83
163 82
163 80
164 78
165 77
166 75
167 73
168 72
169 70
171 69
172 68
173 67
175 66
176 65
178 64
180 63
182 62
184 61
186 60
188 59
191 59
193 58
195 58
197 58
199 58
201 59
203 59
205 59
207 60
209 61
211 62
213 62
215 63
216 64
218 66
219 66
221 67
222 69
223 70
223 71
224 72
225 74
225 75
226 76
226 78
227 79
227 80
227 82
227 83
227 84
227 85
227 86
227 87
226 87
