498
246 114
251 114
252 114
253 114
255 114
257 114
259 114
261 114
263 114
265 114
267 114
269 114
272 114
274 114
277 114
280 114
283 114
287 114
290 114
293 114
297 115
300 115
304 115
307 115
311 115
315 116
318 116
322 116
326 116
330 116
333 117
337 117
341 117
344 118
347 118
350 118
353 119
356 119
359 119
362 119
365 120
367 120
369 120
371 120
373 121
374 121
375 121
376 121
377 121
378 122
378 121
378 120
378 119
378 118
378 117
378 116
379 116
379 115
379 114
380 113
380 112
381 111
382 110
383 109
383 108
384 106
385 105
387 104
388 102
389 101
391 100
392 99
394 98
396 97
398 96
399 95
401 95
403 94
405 94
407 93
409 93
410 93
412 93
414 93
416 93
418 94
419 94
421 95
422 96
424 96
425 97
426 98
427 100
429 101
430 103
431 104
432 106
433 108
434 109
435 111
436 112
437 114
437 116
438 117
438 119
438 121
439 123
439 125
438 127
438 129
438 131
437 132
436 134
436 135
434 137
433 138
432 139
431 140
429 141
428 142
426 143
424 144
422 145
420 146
418 146
416 147
414 147
412 148
410 148
408 148
406 148
404 148
403 148
402 148
401 148
400 148
399 147
398 147
398 146
398 147
399 148
399 149
399 150
399 151
399 152
399 153
399 155
399 156
399 157
399 158
398 159
398 161
398 162
398 163
398 165
398 167
398 169
397 171
397 173
397 175
397 176
396 178
396 180
396 182
395 184
395 186
395 187
394 189
394 191
394 193
394 195
393 197
393 198
392 200
392 201
392 202
391 203
391 204
391 205
391 206
391 207
390 207
390 208
390 207
391 207
392 207
393 207
394 207
395 208
396 208
397 208
398 209
400 209
401 210
402 211
403 212
404 213
405 214
406 215
407 217
408 218
409 220
410 222
411 223
412 225
412 227
412 228
412 230
412 232
412 234
412 236
411 238
411 240
410 242
409 243
407 245
406 246
404 248
403 249
401 250
399 251
397 251
395 252
393 253
390 253
388 254
386 254
384 254
381 254
380 253
378 253
376 252
374 251
372 251
370 250
369 249
367 248
365 247
364 246
362 244
361 243
360 241
359 239
358 238
357 236
356 234
356 233
355 231
355 230
355 228
355 227
355 226
355 225
355 224
356 223
356 222
356 221
357 220
357 219
357 218
358 217
358 216
358 217
357 217
356 217
355 217
353 217
352 217
351 218
349 218
347 218
345 218
343 218
341 218
339 218
336 218
334 218
331 218
328 218
325 218
322 218
319 217
316 217
313 217
310 217
307 217
304 217
301 217
297 217
294 216
291 216
288 216
285 216
282 216
280 216
277 215
275 215
273 215
271 215
269 215
268 215
267 214
266 214
265 214
264 214
265 215
265 216
265 217
266 218
266 219
266 220
267 221
267 222
267 223
268 225
268 226
267 227
267 229
266 230
266 232
265 234
264 235
263 237
261 239
260 240
258 242
256 243
254 245
252 246
250 247
248 247
245 248
243 248
240 249
237 249
234 249
231 249
229 249
226 248
223 248
221 247
218 246
216 245
214 244
211 243
210 241
208 239
206 238
205 236
204 234
203 232
202 231
201 229
201 227
201 225
201 224
202 222
202 220
202 218
203 216
204 214
205 212
207 210
208 209
210 207
212 206
214 205
216 203
217 202
219 202
221 201
223 200
225 200
227 199
230 199
232 199
234 199
235 199
237 199
239 200
240 200
241 200
242 201
243 201
244 202
245 202
244 201
243 200
243 199
242 198
242 197
242 196
242 195
242 194
242 192
242 191
242 190
242 188
242 187
241 185
241 184
241 182
241 180
241 178
241 176
241 174
241 172
241 170
241 168
241 166
241 164
241 161
241 159
241 157
241 155
241 153
241 151
240 149
240 147
240 145
240 143
240 141
240 140
240 139
240 137
240 136
240 135
240 134
239 134
239 133
239 132
239 131
238 131
238 132
237 132
236 133
235 133
234 133
233 134
231 134
229 134
228 134
225 135
223 135
221 135
219 134
217 134
215 134
213 134
211 133
209 132
207 131
205 130
203 129
201 128
200 126
199 125
198 123
197 122
196 120
196 119
196 117
196 115
196 114
196 112
197 110
198 108
199 106
200 104
201 102
203 101
205 99
208 97
210 96
213 95
215 94
218 93
221 92
224 92
226 92
229 92
231 92
234 93
236 94
238 95
239 96
240 97
241 98
242 99
242 101
242 102
242 103
242 104
242 105
242 106
242 107
241 108
242 108
