567
248 75
251 74
252 74
253 75
255 75
257 75
258 75
260 75
262 75
264 75
266 74
268 74
270 74
273 74
275 74
278 74
281 74
283 75
286 75
289 75
291 75
294 75
297 75
299 75
302 75
305 75
307 75
310 75
313 76
316 76
318 76
321 76
323 76
326 76
329 76
331 77
334 77
336 77
339 77
342 77
345 77
347 78
350 78
352 78
354 78
356 79
358 79
360 79
361 80
362 80
364 80
365 81
366 81
367 81
367 80
367 79
367 78
367 77
367 76
368 75
368 74
368 73
368 72
368 71
369 70
369 69
370 68
370 67
371 66
371 65
372 64
373 63
373 62
374 61
375 60
376 59
377 58
378 57
379 56
381 55
382 55
383 54
385 54
387 53
388 53
390 53
391 52
393 52
395 52
396 52
398 52
400 53
401 53
403 53
404 54
406 55
407 56
409 56
411 57
412 59
414 60
415 61
417 62
418 63
420 65
421 66
422 67
423 69
424 70
425 72
426 73
427 75
427 77
427 79
428 81
428 83
428 85
428 87
427 89
427 91
426 92
426 94
425 95
424 97
423 98
422 99
420 101
419 102
417 103
415 104
413 105
411 105
409 106
407 106
405 107
404 107
402 107
400 107
398 107
396 106
394 106
393 106
391 106
390 105
389 105
388 105
387 104
386 104
385 104
385 103
385 104
385 105
385 106
385 107
385 108
385 109
385 110
385 111
384 112
384 114
384 115
384 116
384 118
384 119
383 121
383 123
383 125
383 127
382 129
382 131
382 133
382 135
382 137
381 139
381 141
381 143
381 145
381 147
381 149
380 151
380 153
380 155
379 157
379 159
379 161
378 162
378 164
378 165
377 166
377 168
377 169
377 170
377 171
377 172
378 171
379 171
380 171
381 172
382 172
384 172
385 173
386 173
388 174
390 175
391 175
393 176
394 177
395 178
397 179
398 181
399 182
400 183
400 184
401 186
402 187
403 189
403 191
403 192
404 194
404 196
404 198
404 200
404 202
403 204
403 205
402 207
402 209
401 211
400 213
399 215
398 217
397 219
395 220
394 222
392 223
391 224
389 225
387 226
386 227
384 227
382 227
380 228
378 228
376 228
374 228
372 228
370 228
368 227
366 227
364 227
362 226
360 226
358 225
356 224
355 223
353 222
352 221
350 219
349 218
347 217
346 215
345 213
344 212
343 210
342 209
342 207
341 206
341 204
341 203
341 201
341 200
341 198
341 196
342 195
342 193
343 192
343 191
343 190
344 188
345 187
345 186
345 185
346 185
347 184
347 185
346 185
345 185
345 186
344 186
343 186
342 186
341 186
340 186
338 186
337 187
336 187
334 187
333 187
331 187
329 187
327 187
325 187
323 187
321 187
318 187
315 187
313 187
310 187
307 187
303 187
300 187
297 187
294 187
291 186
288 186
285 186
282 186
279 186
276 185
273 185
270 185
268 185
265 185
263 185
261 185
259 185
257 184
256 184
254 184
252 184
251 184
250 184
249 184
248 184
247 184
247 185
248 185
248 186
248 187
249 188
249 189
249 190
249 192
249 193
250 195
250 196
250 198
250 200
250 201
250 203
250 205
250 207
250 208
250 210
249 212
249 214
249 216
248 218
247 220
247 222
246 223
245 224
244 226
243 227
241 228
240 229
238 230
237 231
235 231
233 232
231 232
229 232
227 232
225 232
224 232
222 232
220 231
218 231
216 230
214 229
212 228
210 227
208 226
206 225
204 223
203 222
201 220
200 218
199 216
198 215
197 213
196 211
196 209
195 207
195 205
195 203
195 201
195 199
195 197
196 195
197 193
197 192
198 190
199 189
200 187
202 186
203 185
205 184
207 183
209 182
211 181
213 181
215 180
217 180
219 179
220 179
222 179
224 179
225 179
226 179
228 179
229 179
230 179
231 179
231 180
232 180
233 180
232 180
232 179
231 179
231 178
231 177
231 176
231 175
231 174
231 173
231 171
231 170
231 169
231 168
231 166
232 165
232 163
232 162
232 160
232 159
232 157
232 155
232 153
232 151
232 149
232 147
232 144
231 142
231 140
231 138
231 136
231 134
230 132
230 130
230 128
230 125
230 123
230 121
230 119
230 117
229 116
229 114
229 112
229 111
229 109
229 108
229 107
229 105
229 104
229 103
228 102
228 101
228 100
228 101
228 102
227 102
227 103
226 103
225 104
224 104
223 105
222 105
221 105
219 106
218 106
216 106
214 106
212 106
210 106
208 106
206 105
205 105
203 104
201 104
200 103
198 102
197 101
196 100
195 99
194 98
193 96
192 95
191 94
190 92
189 91
188 90
188 88
187 86
186 84
186 83
186 81
186 79
186 76
186 74
186 72
187 71
188 69
189 67
190 65
191 63
192 61
194 59
195 57
197 55
199 54
200 52
202 51
204 50
206 49
208 48
210 47
212 47
215 46
217 46
219 46
221 46
223 46
225 46
227 47
229 47
231 48
233 49
234 50
236 51
237 52
238 53
239 54
240 55
241 57
242 58
242 59
243 60
243 62
243 63
244 64
244 65
244 66
244 67
244 68
243 68
244 68
