518
283 115
288 114
290 114
291 114
293 114
294 114
296 114
298 114
300 114
303 114
305 114
307 114
310 114
313 114
316 114
319 114
322 114
326 114
329 113
332 113
336 113
339 113
343 113
346 113
350 113
353 113
357 113
361 113
364 113
368 113
372 113
375 113
378 113
381 113
384 113
387 114
390 114
393 114
396 114
398 114
400 114
402 114
404 114
406 114
407 114
408 115
409 115
410 115
410 116
410 115
409 115
408 114
408 113
408 112
408 111
408 110
408 109
408 108
409 106
409 105
410 104
410 103
411 101
412 100
413 99
414 98
415 96
416 95
417 94
418 93
420 92
421 91
423 90
424 89
426 88
427 87
429 87
430 86
432 86
433 86
435 86
437 86
439 86
441 86
442 87
444 87
446 88
448 89
450 90
452 91
454 92
456 93
457 94
459 96
460 97
462 99
463 101
464 102
465 104
465 106
466 108
466 110
466 112
466 114
466 116
466 117
465 119
465 121
464 123
463 125
461 127
460 128
458 130
456 132
454 133
452 134
450 135
447 136
445 136
443 137
441 137
439 137
436 137
434 137
432 137
431 137
429 137
428 137
427 137
426 137
426 136
425 136
426 137
426 138
426 139
426 140
426 141
426 142
426 143
425 144
425 146
425 147
425 148
424 150
424 152
424 153
424 155
423 157
423 159
423 161
423 162
422 164
422 167
422 169
422 171
421 173
421 176
421 178
420 180
420 183
420 185
419 187
419 189
418 192
417 194
416 196
416 198
415 200
414 202
414 204
413 205
412 207
412 208
412 209
411 210
411 211
411 212
410 212
410 213
411 213
411 212
412 212
413 212
414 212
415 212
416 212
417 212
419 213
420 213
422 213
424 214
426 215
428 215
429 216
431 218
433 219
435 220
437 222
438 223
439 225
441 226
442 228
442 229
443 231
444 233
444 235
444 238
444 240
444 242
444 244
443 246
443 248
442 250
441 252
439 254
438 255
436 257
435 258
433 260
431 261
429 263
426 264
424 265
421 266
419 267
416 267
414 267
411 268
408 268
406 267
403 267
401 266
399 266
396 265
394 264
392 263
390 261
388 260
386 259
384 257
383 255
381 254
380 252
379 251
378 249
378 248
377 246
377 244
376 243
376 241
376 239
376 238
376 236
376 235
377 233
377 232
377 231
377 230
377 229
378 228
378 227
378 226
379 225
379 224
380 224
379 224
378 224
378 225
377 225
376 225
375 225
374 225
372 225
370 225
368 225
366 225
364 225
361 225
358 225
356 225
353 225
350 225
347 225
344 225
341 224
338 224
334 224
331 224
327 224
324 223
321 223
317 223
314 223
310 223
306 222
303 222
299 222
296 222
293 222
289 222
286 222
284 222
281 222
279 222
277 222
275 221
273 221
272 221
271 221
270 221
270 220
269 220
270 221
270 222
271 223
271 224
272 224
272 225
272 226
273 227
273 228
273 230
273 231
274 232
273 234
273 236
273 238
273 240
272 242
272 244
270 246
269 248
268 249
267 251
265 252
264 254
262 255
259 256
257 257
255 258
252 259
249 260
247 260
244 261
242 261
240 261
237 261
235 260
233 260
230 259
228 258
226 257
224 256
222 254
221 253
220 251
219 250
218 248
217 246
216 244
215 242
215 240
214 238
214 236
214 234
214 232
215 230
215 228
216 226
217 224
218 222
219 221
221 219
223 217
225 215
227 213
229 211
232 210
235 208
237 207
240 206
243 205
245 205
248 204
250 204
252 204
254 203
256 204
258 204
259 204
261 204
262 204
263 204
263 205
264 205
265 205
264 204
264 203
264 202
264 201
264 200
264 199
264 197
264 196
264 195
264 193
264 192
264 190
264 188
264 187
264 185
264 183
264 182
264 180
264 178
264 176
264 174
264 171
264 169
264 167
264 164
265 162
265 160
265 158
265 155
265 153
265 151
265 149
265 147
265 145
265 143
265 141
265 140
265 138
265 137
265 135
265 134
265 133
265 131
265 130
265 129
265 128
265 127
264 127
264 128
263 128
263 129
262 129
261 129
260 129
258 129
257 130
255 130
253 129
251 129
249 129
248 128
246 128
244 127
243 126
241 125
240 124
238 123
237 122
236 120
235 119
234 118
233 116
232 115
232 113
232 111
232 110
232 108
232 106
233 104
233 102
234 100
235 98
236 96
237 95
238 94
240 92
241 91
243 90
245 89
247 88
249 88
252 87
254 86
257 86
259 85
261 85
264 85
266 86
268 86
270 87
271 87
273 88
275 89
276 90
278 91
279 92
280 93
281 94
281 95
282 96
282 98
282 99
282 100
282 101
282 102
282 103
282 105
282 106
282 107
282 108
282 109
282 110
