1313
215 100
220 99
221 99
222 99
223 99
224 99
226 98
227 98
229 98
230 98
232 98
233 97
235 97
236 97
238 97
239 97
240 97
242 97
243 96
244 96
246 96
247 96
248 96
250 96
251 96
253 96
254 96
256 96
257 95
259 95
260 95
261 95
263 95
264 95
265 95
266 95
267 95
268 95
269 95
270 95
271 95
272 95
273 95
274 95
275 95
276 95
277 95
278 95
279 95
280 95
281 95
282 95
283 95
284 95
285 95
286 95
287 95
288 95
289 95
290 95
291 95
292 95
293 95
294 95
295 95
296 95
297 95
298 95
299 95
300 95
301 95
302 96
303 96
304 96
305 96
306 96
307 96
308 96
309 96
311 96
312 96
313 96
315 96
316 97
317 97
319 97
320 97
321 97
322 97
323 97
325 97
326 97
327 97
328 97
330 96
331 96
333 96
334 96
336 96
337 96
339 96
340 96
342 96
343 96
345 96
346 96
347 96
349 96
350 96
352 95
353 95
354 95
356 95
357 95
359 94
360 94
362 94
363 94
364 94
366 94
367 94
368 94
369 94
370 94
371 94
371 93
372 93
373 93
372 93
372 92
371 91
370 90
370 89
369 89
369 88
369 87
368 87
368 86
368 85
367 85
367 84
367 83
366 82
366 81
366 80
365 79
365 78
365 77
365 76
365 75
365 74
365 73
366 72
366 71
366 70
366 69
367 68
367 67
368 66
368 65
368 64
369 64
369 63
370 62
370 61
371 60
372 59
372 58
373 57
373 56
374 55
375 54
375 53
376 53
377 52
377 51
378 50
379 49
380 49
381 48
382 47
383 46
384 46
385 46
386 45
387 45
388 44
389 44
391 44
392 44
393 44
394 43
395 43
397 43
398 43
399 43
400 43
401 43
402 43
404 44
405 44
406 44
407 44
408 45
410 45
411 46
412 46
413 47
414 47
416 48
417 49
418 50
420 51
421 51
422 52
423 53
424 54
426 55
427 56
428 57
428 59
428 59
429 60
430 61
431 62
432 63
433 64
433 64
434 65
435 66
435 67
436 68
437 69
438 70
438 71
439 72
440 73
440 74
441 75
441 77
442 78
442 79
442 80
443 81
443 83
443 84
443 85
443 86
443 87
443 88
443 90
443 91
443 92
443 93
443 94
442 95
442 96
442 97
442 99
441 100
441 101
441 102
440 103
440 105
439 106
439 107
439 108
438 109
438 110
437 112
437 113
437 114
436 115
436 116
435 117
434 118
434 119
433 120
432 121
432 122
431 123
430 124
429 125
428 126
428 127
427 128
426 128
425 129
425 130
424 130
423 131
422 132
421 132
420 133
419 133
418 133
417 134
416 134
415 135
414 135
413 135
412 136
411 136
410 136
409 136
407 136
406 136
405 136
404 136
403 136
402 136
401 136
400 136
398 136
397 136
396 135
395 135
394 134
393 134
392 134
391 133
389 133
388 132
387 132
386 131
385 131
385 130
384 130
383 129
382 128
381 128
381 127
380 126
379 126
378 125
377 124
376 123
375 122
374 121
374 120
373 119
372 118
372 119
372 120
372 121
372 122
372 123
372 124
372 125
371 125
371 126
371 127
371 128
371 129
371 130
371 131
371 132
371 133
371 134
371 135
371 136
371 137
371 138
371 139
371 140
371 141
371 142
371 143
371 144
371 145
371 146
371 147
371 148
371 149
371 150
371 151
371 152
371 153
371 154
371 155
371 156
371 157
371 158
371 159
371 160
371 161
371 162
372 163
372 164
372 165
372 166
372 167
372 168
372 169
372 170
372 171
372 172
372 173
372 174
372 175
372 176
372 177
372 178
372 179
372 180
372 181
372 182
372 183
372 184
372 185
372 186
372 187
372 188
372 189
372 190
372 191
372 192
372 193
372 194
372 195
372 196
372 197
372 198
371 198
371 199
371 200
371 201
371 202
371 203
371 204
371 205
371 206
371 207
371 208
371 209
371 210
371 211
371 212
371 213
371 214
371 215
371 216
371 217
371 218
371 219
371 220
371 221
371 222
371 223
371 224
371 225
370 226
370 227
370 228
370 229
370 230
370 231
370 232
370 233
370 234
369 235
369 236
369 237
369 238
369 237
370 237
370 236
370 235
371 235
371 234
372 234
372 233
373 232
374 232
374 231
375 231
375 230
376 230
377 230
377 229
378 229
379 228
380 228
381 227
382 227
383 226
384 226
385 225
386 225
387 225
388 224
389 224
390 224
391 224
392 224
393 223
394 223
395 223
396 223
397 223
398 223
399 223
400 223
401 223
402 223
403 223
404 223
405 223
406 224
407 224
408 224
409 224
410 225
411 226
412 226
413 226
414 227
415 227
415 228
416 228
417 229
418 229
418 230
419 230
419 231
420 232
421 232
421 233
422 234
423 235
423 236
423 237
424 238
424 239
424 240
424 241
425 241
425 242
425 243
425 244
425 245
425 246
426 247
426 248
426 249
426 250
426 251
426 252
426 253
426 254
426 255
426 256
427 256
427 257
427 258
427 259
427 260
427 261
427 262
427 263
427 264
427 265
426 265
426 266
426 267
426 268
426 269
426 270
425 270
425 271
425 272
425 273
424 274
424 275
423 276
422 277
422 278
421 279
420 280
420 281
419 282
418 283
417 284
417 285
416 285
415 286
415 287
414 288
413 288
413 289
412 290
411 290
411 291
410 292
409 292
409 293
408 294
407 294
407 295
406 295
405 296
404 296
403 297
402 297
401 298
400 298
400 299
399 299
398 299
397 300
395 300
394 300
393 300
392 301
391 301
389 301
388 301
387 301
386 301
385 301
384 301
383 301
382 301
381 301
380 301
379 301
378 300
377 300
376 300
375 300
374 300
373 299
372 299
371 299
370 298
369 298
368 298
367 298
366 297
365 297
364 297
363 296
362 295
361 295
361 294
360 294
359 293
358 292
357 291
356 290
356 289
355 288
354 287
354 286
353 286
353 285
352 284
352 283
351 283
351 282
350 281
350 280
349 279
349 278
348 277
348 276
347 275
347 274
347 273
347 272
347 271
346 270
346 269
346 268
346 267
346 266
347 265
347 264
347 263
347 262
347 261
347 260
347 259
348 258
348 257
348 256
349 255
349 254
349 253
350 252
350 251
350 250
351 249
351 248
351 247
351 246
351 245
350 245
349 245
349 246
348 246
347 246
347 247
346 247
345 247
344 247
343 247
342 247
341 247
340 247
339 247
339 248
338 248
337 248
336 248
335 248
334 248
333 248
332 248
331 248
330 248
329 247
328 247
327 247
326 247
325 247
324 247
323 247
322 247
321 247
320 247
319 247
318 247
317 246
316 246
315 246
314 246
313 246
312 246
310 246
309 246
308 246
307 246
306 246
305 246
304 246
303 246
301 246
300 246
299 246
298 246
297 246
296 246
295 246
294 246
292 246
291 246
290 246
289 247
287 247
286 247
285 247
283 247
282 247
280 247
279 247
278 247
276 247
275 248
274 248
273 248
271 248
270 248
269 248
267 248
266 248
265 248
263 248
262 248
261 248
259 248
258 248
256 248
255 248
254 248
252 248
251 248
249 248
248 248
247 248
246 248
244 248
243 248
242 248
240 248
239 248
238 248
237 248
235 248
234 248
233 248
232 248
231 248
229 248
228 248
227 248
226 248
225 248
224 248
223 248
222 248
221 248
220 248
219 248
218 248
217 248
216 248
215 248
216 248
216 249
217 249
217 250
218 250
219 251
220 251
221 252
222 253
223 254
224 254
224 255
225 256
225 257
226 257
226 258
226 259
227 259
227 260
227 261
228 262
228 263
228 264
228 265
229 266
229 267
229 268
229 269
229 270
229 271
229 272
229 273
229 274
229 275
229 276
228 277
228 278
228 279
228 280
228 281
228 282
227 283
227 284
227 285
226 286
226 287
225 288
225 289
224 290
223 291
223 292
222 292
222 293
221 294
220 294
220 295
219 295
218 296
217 297
216 297
215 298
214 298
213 299
211 299
210 299
209 300
207 300
206 301
204 301
203 301
202 301
200 302
199 302
198 302
196 302
195 302
193 302
192 302
191 302
189 302
188 302
187 302
185 301
184 301
183 301
181 301
180 300
179 300
178 299
176 299
175 298
174 298
173 297
172 296
171 295
170 295
170 294
169 293
168 292
167 291
166 291
166 290
165 289
164 288
164 287
163 286
163 285
162 284
161 283
161 282
160 281
160 280
160 279
159 278
159 277
158 276
158 275
158 274
158 273
157 272
157 271
157 270
157 269
157 268
157 267
157 266
157 265
157 264
157 263
157 262
157 261
157 260
157 259
157 258
157 257
157 256
157 255
157 254
157 253
158 253
158 252
158 251
158 250
158 249
158 248
159 247
159 246
159 245
159 244
160 243
160 242
160 241
160 240
161 239
161 238
162 237
162 236
163 235
163 234
164 233
165 232
166 231
167 231
168 230
169 230
170 230
171 229
172 229
173 229
174 229
175 229
176 228
177 228
178 228
179 228
180 228
181 228
182 228
184 228
185 228
186 228
187 229
188 229
189 229
190 229
191 229
192 229
193 230
194 230
195 230
195 231
196 231
197 231
198 232
199 233
200 233
201 234
202 234
202 235
202 234
202 233
202 232
202 231
202 230
202 230
202 229
202 228
202 227
202 227
202 226
202 225
202 224
202 223
202 222
202 221
202 220
202 219
202 218
202 217
202 216
202 215
202 214
202 213
202 212
202 211
202 210
201 209
201 208
201 207
201 206
201 205
201 204
201 203
201 202
201 201
201 200
201 199
201 198
201 197
202 196
202 195
202 194
202 193
202 192
202 191
202 190
202 189
202 188
202 187
202 186
202 185
202 184
202 183
202 182
202 181
202 180
202 179
202 178
202 177
202 176
202 175
202 174
202 173
202 172
202 171
202 170
202 169
202 168
202 167
202 166
202 165
202 164
202 163
202 162
203 161
203 160
203 159
203 158
203 157
203 156
203 155
203 154
203 153
203 152
203 151
203 150
203 149
203 148
203 147
203 146
203 145
203 144
203 143
203 142
203 141
203 140
203 139
203 138
203 137
203 136
203 135
203 134
203 133
203 132
203 131
203 130
203 129
203 128
203 127
203 126
203 125
203 124
203 123
203 122
203 121
202 120
202 119
202 118
202 117
202 118
202 119
201 119
201 120
201 121
200 121
200 122
199 123
198 124
197 124
196 125
195 126
194 126
193 127
192 127
191 127
190 128
189 128
188 128
187 128
186 128
185 128
184 128
183 128
182 128
181 128
180 128
179 127
177 127
176 127
175 127
174 127
173 126
172 126
171 126
170 125
169 125
169 124
168 124
167 124
166 123
165 122
164 122
164 121
163 121
162 120
162 119
161 119
160 118
160 117
160 116
159 115
158 114
158 113
158 112
157 111
157 110
156 109
156 108
156 107
156 106
156 105
156 104
156 103
155 102
155 101
155 100
155 99
155 98
155 97
155 96
155 95
155 94
156 93
156 92
156 91
156 90
156 89
157 89
157 88
157 87
158 87
158 86
159 85
159 84
160 84
160 83
161 82
161 81
162 80
163 80
163 79
164 78
165 77
166 76
167 75
168 75
168 74
169 74
170 73
171 72
172 72
173 71
174 71
176 70
177 70
178 69
179 69
181 69
182 68
183 68
184 68
185 67
187 67
188 67
189 67
190 67
191 66
192 66
194 66
195 66
196 66
197 66
198 66
199 66
200 67
201 67
203 67
204 67
205 67
206 68
207 68
208 68
209 68
210 69
211 69
212 70
213 70
214 70
215 71
216 72
217 72
217 73
218 73
218 74
219 75
220 76
220 77
220 78
221 79
221 80
221 81
221 82
221 83
221 84
221 85
221 86
220 87
220 88
220 89
219 90
219 91
218 92
218 93
217 93
217 94
217 95
216 95
216 96
215 97
215 98
214 98
215 98
216 98
216 97
216 97
