1184
229 104
235 104
236 104
237 104
238 104
239 104
240 104
241 104
242 104
243 104
244 103
246 103
247 103
248 103
250 103
251 103
252 103
254 103
255 103
257 103
258 103
260 103
262 103
263 102
265 102
266 102
268 102
269 102
271 102
272 102
274 102
275 102
277 102
278 102
280 102
281 102
283 102
284 102
286 102
288 102
289 102
291 102
293 102
294 102
296 102
298 102
299 102
301 102
303 102
305 102
307 102
309 102
310 102
312 102
314 102
316 102
318 102
320 102
322 102
324 102
325 102
327 102
329 102
331 102
333 102
335 102
337 102
339 102
341 102
343 102
345 102
346 102
348 102
350 102
352 102
354 103
356 103
358 103
359 103
361 103
363 103
365 103
367 103
369 103
371 103
373 104
374 104
376 104
377 104
378 104
379 104
380 104
381 104
382 104
382 103
382 102
382 101
382 100
382 99
382 98
382 97
381 97
381 96
381 95
381 94
381 93
381 92
381 91
381 90
381 89
381 88
381 87
381 86
382 86
382 85
382 84
382 83
383 82
383 81
383 80
384 79
384 78
385 77
386 76
386 75
387 74
388 74
389 73
390 72
391 71
393 70
394 70
395 69
396 69
397 68
398 68
399 67
400 67
401 66
403 66
404 65
405 65
406 64
408 64
409 64
410 63
412 63
413 63
414 63
416 63
417 63
419 62
420 62
421 62
423 62
424 62
425 62
427 62
428 63
429 63
430 63
431 63
433 64
434 64
435 64
436 65
437 65
438 66
439 67
440 68
441 68
442 69
443 69
444 70
445 71
446 72
447 72
448 73
449 74
449 75
450 76
451 77
452 78
452 79
453 80
453 81
454 83
454 84
454 85
455 86
455 87
455 89
455 90
455 91
456 92
456 93
456 95
456 96
456 97
456 98
456 99
456 101
456 102
456 103
456 104
456 106
455 107
455 108
455 109
455 111
455 112
454 113
454 114
454 115
453 116
453 117
452 118
452 119
451 120
451 121
450 122
450 123
449 124
449 125
448 126
448 127
447 128
446 129
446 130
445 131
444 131
444 132
443 133
442 134
442 135
441 136
440 136
439 137
439 138
438 138
437 139
436 139
436 140
435 140
434 141
433 141
432 142
431 142
430 142
429 143
428 143
427 143
426 144
425 144
423 144
422 144
421 144
420 144
418 144
417 145
415 145
414 145
413 144
412 144
410 144
409 144
408 144
406 144
405 144
404 144
403 144
401 144
400 143
399 143
398 142
397 142
396 142
396 141
395 141
395 141
394 140
393 140
393 140
393 141
393 142
393 143
393 144
392 145
392 146
392 147
392 148
391 148
391 149
391 150
391 151
391 152
390 153
390 154
390 155
390 156
390 157
389 158
389 159
389 160
389 161
389 162
389 163
389 164
388 165
388 166
388 167
388 168
388 169
388 170
388 171
388 172
388 173
388 174
388 175
388 176
388 177
387 178
387 179
387 180
387 181
387 182
387 183
387 184
387 185
387 186
386 187
386 188
386 189
386 190
386 191
386 192
386 193
386 194
386 195
386 196
386 197
385 198
385 199
385 200
385 201
385 202
385 204
385 205
385 206
385 207
385 208
385 210
385 211
385 213
385 214
385 215
385 217
385 218
384 220
384 221
384 222
384 224
384 225
384 227
384 228
384 230
384 231
384 232
384 234
384 235
384 237
384 238
384 240
384 241
384 243
383 245
383 246
383 247
383 249
383 250
383 251
383 253
383 254
382 255
382 256
382 257
382 258
382 259
382 260
382 261
382 262
381 262
381 263
381 264
382 263
383 262
384 262
385 261
386 261
387 260
388 260
389 260
389 259
390 259
391 259
392 259
393 259
394 258
395 258
396 258
397 258
398 258
399 258
400 258
401 258
402 258
403 258
403 259
404 259
405 259
406 260
407 260
407 261
408 261
408 262
409 262
409 263
410 263
410 264
411 264
411 265
412 265
412 266
412 267
413 267
413 268
414 269
414 270
415 271
415 272
416 272
416 273
416 274
417 274
417 275
417 276
418 277
418 278
418 279
419 280
419 281
419 282
420 283
420 284
420 285
420 286
420 287
420 288
420 289
420 290
420 291
420 292
420 293
420 294
420 295
420 296
420 297
420 298
420 299
420 300
420 301
419 302
419 303
419 304
419 305
419 306
418 307
418 308
418 309
417 310
417 311
417 312
417 313
416 314
416 315
415 316
415 317
414 318
414 319
413 320
413 321
412 321
412 322
411 323
411 324
410 325
409 326
408 327
407 328
406 328
406 329
405 329
404 330
403 330
402 331
401 331
400 332
399 333
398 333
397 334
396 334
395 334
394 334
393 334
392 335
391 335
389 335
388 335
387 335
386 335
385 335
384 335
383 335
382 335
381 335
380 335
379 334
378 334
377 334
376 334
375 333
374 333
373 332
372 332
371 332
370 331
369 330
367 330
366 329
365 329
364 328
363 328
362 327
361 326
360 326
359 325
359 324
358 324
357 323
357 322
356 321
356 320
355 319
355 318
355 317
354 316
354 315
354 314
354 313
354 312
354 311
354 310
354 309
354 308
354 307
355 306
355 305
355 304
355 303
355 302
356 301
356 300
356 299
357 298
357 297
357 296
357 295
358 294
358 293
359 292
359 291
359 290
359 289
359 288
358 288
357 289
356 289
355 289
355 290
354 290
353 290
352 291
351 291
350 291
349 291
348 291
347 291
346 292
345 292
344 292
343 292
342 292
341 292
340 292
339 292
338 292
337 292
335 292
334 292
333 292
332 292
331 292
330 292
329 292
328 292
327 292
326 292
325 292
324 292
323 292
322 292
321 292
320 292
319 292
318 292
317 292
316 292
315 292
314 292
313 292
312 292
311 292
310 292
309 292
308 292
307 292
306 292
305 292
304 292
303 292
302 292
300 292
299 292
298 292
297 292
296 292
295 292
293 292
292 292
291 292
290 292
288 292
287 292
286 292
284 292
283 292
281 292
280 292
279 292
277 292
276 292
274 292
273 292
271 291
270 291
269 291
267 291
266 291
264 291
263 291
262 291
260 291
258 291
257 291
255 291
254 290
252 290
251 290
250 290
248 290
247 290
245 290
244 290
242 290
241 289
239 289
238 289
236 289
235 289
233 289
232 289
230 289
229 289
227 289
226 289
225 289
224 289
223 289
222 289
221 289
220 289
219 288
220 289
221 290
222 290
222 291
223 292
224 293
225 294
225 295
226 296
226 297
227 298
227 299
228 300
228 301
229 302
229 303
229 304
229 305
229 306
229 307
229 308
229 309
229 310
229 311
229 312
229 313
229 314
229 315
228 315
228 316
228 317
228 318
227 319
227 320
227 321
226 322
225 323
225 324
224 325
224 326
223 326
223 327
222 328
221 329
220 330
219 331
218 331
217 332
216 333
215 333
214 334
213 334
212 334
211 335
209 335
208 336
207 336
205 336
204 337
203 337
201 337
200 337
198 338
197 338
195 338
194 338
193 338
191 338
190 338
188 338
187 337
186 337
184 337
183 337
181 336
180 336
178 336
177 335
176 335
174 334
173 333
172 333
170 332
169 331
168 331
167 330
166 329
165 328
165 327
164 326
163 325
162 324
161 323
161 322
160 321
160 320
159 318
159 317
159 316
158 315
158 313
158 312
158 311
158 310
158 308
157 307
157 306
157 305
157 304
157 302
157 301
157 300
157 299
158 298
158 297
158 296
158 295
158 293
158 292
158 291
159 290
159 289
159 288
159 287
160 287
160 286
160 285
161 284
161 283
161 282
162 281
162 280
163 279
163 278
164 277
165 276
166 275
166 274
167 273
168 273
168 272
169 271
170 270
171 269
172 269
172 268
173 267
174 267
175 266
176 265
177 265
178 264
179 264
180 263
181 263
182 262
183 262
184 261
185 261
186 260
187 260
188 260
189 260
190 260
191 260
192 260
193 260
194 260
195 260
196 260
197 260
198 260
198 261
199 261
200 261
201 261
202 262
203 263
204 264
205 264
205 265
206 266
206 267
207 267
207 268
208 269
208 270
208 269
208 268
208 267
208 266
208 265
208 264
208 263
208 262
209 261
209 260
209 259
209 258
209 257
209 255
209 254
210 253
210 252
210 251
210 250
210 249
210 248
211 247
211 246
211 245
211 244
211 243
211 242
212 241
212 240
212 239
212 238
212 237
212 235
212 234
213 233
213 232
213 231
213 230
213 229
213 228
213 227
214 226
214 225
214 224
214 223
214 222
215 221
215 219
215 218
215 217
216 216
216 214
216 213
216 212
216 210
217 209
217 208
218 206
218 205
218 203
219 202
219 201
219 200
219 198
219 197
219 196
220 195
220 193
220 192
220 191
220 190
220 188
220 187
220 186
220 184
220 183
220 182
220 180
220 179
220 178
220 176
220 175
221 174
221 173
221 172
221 170
221 169
221 168
221 167
221 166
221 165
221 164
221 162
221 161
221 160
221 159
221 158
221 157
221 156
221 155
222 154
222 152
222 151
222 150
222 149
222 148
222 147
222 146
222 145
222 144
222 143
221 143
220 144
219 144
218 145
217 145
216 146
215 147
214 147
213 147
212 147
211 148
210 148
209 148
208 148
207 148
205 148
204 148
203 148
202 148
201 148
199 148
198 147
197 147
195 147
194 146
193 146
192 146
190 145
189 145
188 144
186 144
185 143
184 143
183 142
182 141
181 141
180 140
179 139
178 138
177 137
176 136
175 135
175 134
174 133
173 132
173 131
172 130
172 129
171 128
171 127
170 126
170 125
170 124
169 123
169 122
169 121
169 119
169 118
168 117
168 116
168 115
168 114
168 113
168 112
168 111
168 110
169 109
169 108
169 107
169 106
169 104
169 103
170 102
170 101
170 100
171 99
171 98
172 97
172 96
173 95
173 94
174 93
175 92
175 91
176 90
177 89
178 88
178 87
179 86
180 85
181 85
182 84
183 83
184 82
184 81
185 80
186 79
188 79
189 78
190 77
191 77
192 76
194 75
195 75
196 74
197 74
199 73
200 73
201 72
202 72
204 72
205 71
206 71
208 71
209 71
211 70
212 70
213 70
213 70
214 70
216 71
217 71
218 71
219 71
219 71
220 71
221 72
222 72
224 72
225 73
226 73
227 73
228 74
229 74
230 75
231 75
232 76
233 77
234 78
235 79
235 80
236 80
236 81
237 82
237 83
237 84
237 85
238 86
238 87
238 88
238 89
238 90
237 91
237 92
237 93
237 94
236 95
236 96
236 97
235 98
235 99
234 100
233 101
233 102
232 103
231 104
230 105
230 106
229 107
228 107
227 108
227 109
226 110
225 110
225 111
224 111
224 112
223 112
223 113
222 113
223 112
224 111
225 111
225 111
