546
305 105
308 104
311 104
314 104
317 104
319 103
322 103
325 103
328 103
331 103
333 102
336 102
339 102
342 102
345 102
348 102
351 102
354 102
357 102
360 102
363 102
366 102
369 102
372 102
375 102
377 101
380 101
383 101
386 101
389 101
392 101
395 101
397 100
399 101
402 101
405 101
407 100
410 100
413 99
416 99
419 98
422 98
425 98
428 98
431 98
434 98
437 98
440 98
443 98
446 99
448 98
449 96
448 94
448 91
447 89
447 86
446 84
446 81
446 78
446 75
446 72
447 70
448 67
449 64
450 62
451 60
453 58
455 57
456 55
458 54
460 53
463 53
466 53
468 52
471 52
474 52
476 53
479 53
481 54
484 55
487 56
489 57
491 58
493 60
495 61
497 63
499 65
501 67
503 69
504 71
506 73
507 75
509 77
510 79
511 81
512 83
512 86
513 88
514 90
514 93
514 96
514 99
514 102
514 105
514 108
513 110
512 112
511 114
510 117
509 119
508 121
506 123
505 125
503 126
502 128
500 129
498 130
495 131
492 131
490 132
487 132
484 133
481 133
478 133
475 134
472 134
469 134
466 134
464 133
461 133
458 133
457 135
458 137
458 140
459 143
459 146
460 148
460 151
461 154
461 157
461 160
461 163
461 166
461 169
461 172
461 175
461 178
461 181
461 184
461 187
461 190
461 193
461 196
461 199
460 202
460 205
460 208
460 211
460 214
460 217
460 220
460 223
460 226
460 229
460 232
460 235
459 237
459 240
459 243
458 245
458 248
458 251
458 254
457 256
457 259
457 262
459 261
461 259
463 258
465 257
468 257
471 257
474 257
477 257
480 257
483 258
486 258
489 258
491 259
494 260
497 261
499 262
501 263
503 264
505 265
507 266
509 267
510 269
512 270
513 272
515 274
516 276
517 278
518 280
519 282
520 284
521 286
521 289
521 292
521 295
521 298
520 301
520 304
519 307
519 310
518 312
517 314
516 316
515 319
514 321
513 323
512 325
511 327
509 328
508 330
506 331
504 333
502 334
500 335
498 336
496 337
493 337
491 338
489 339
486 340
483 340
481 341
478 341
475 341
472 341
469 341
467 340
464 340
461 339
459 338
456 337
453 336
451 335
448 334
446 333
444 332
443 330
441 329
440 327
439 325
438 323
437 321
436 319
435 316
435 313
436 310
436 307
437 305
437 302
438 299
438 296
438 293
439 291
440 288
440 285
441 283
439 282
437 283
435 284
432 284
429 284
426 284
423 284
420 284
417 284
414 284
411 284
408 284
406 285
403 285
400 285
397 285
394 285
391 285
388 285
385 285
382 285
379 285
376 285
373 285
371 284
368 284
365 284
362 284
359 284
356 284
353 283
350 283
347 283
344 283
341 283
338 283
335 283
332 283
329 283
326 283
323 283
320 283
317 283
313 283
311 282
308 282
305 282
302 282
299 282
296 282
293 282
290 282
287 282
289 284
291 286
293 287
294 289
295 291
297 293
298 295
299 297
299 300
299 303
299 306
299 309
299 312
299 315
298 317
297 320
296 322
295 324
293 326
291 328
289 329
288 331
286 332
284 333
281 334
278 334
276 335
273 335
271 336
268 336
265 336
262 336
259 336
256 335
253 335
251 334
248 334
246 333
244 332
242 331
240 330
238 329
236 328
234 327
232 325
230 323
229 321
227 319
226 317
225 315
224 313
223 311
222 309
221 307
220 305
219 302
219 299
219 296
218 294
218 291
218 288
219 286
219 283
220 281
221 279
222 277
223 275
224 273
225 271
226 269
227 267
228 265
229 263
231 262
232 260
234 259
236 258
238 256
240 255
243 254
246 254
248 253
251 253
254 253
257 253
260 253
263 253
266 253
268 254
271 255
274 255
277 255
278 253
279 251
279 248
279 245
278 243
278 240
277 238
277 235
276 233
276 230
276 227
275 225
275 222
275 219
275 216
275 213
275 210
274 208
274 205
274 202
274 199
274 196
274 193
274 190
274 187
273 184
273 181
274 178
274 175
273 173
273 170
273 167
273 164
274 162
274 159
274 156
274 153
274 150
274 147
274 144
274 141
274 138
274 135
274 132
274 129
274 126
274 123
274 120
272 121
269 122
266 122
263 122
260 122
257 122
255 121
252 120
249 120
247 119
244 118
241 118
239 117
237 116
235 115
233 114
231 112
229 110
227 108
226 106
224 104
223 102
222 100
221 98
220 96
219 94
219 91
218 88
218 85
219 82
219 79
219 76
220 74
220 71
221 69
222 67
223 65
224 63
225 61
226 59
228 57
230 56
232 54
234 53
236 52
238 51
240 50
243 49
246 48
249 48
251 47
254 47
257 47
260 47
263 47
266 48
269 48
271 49
274 50
276 51
278 52
280 54
282 56
283 58
285 60
287 62
288 64
289 67
290 69
291 72
291 75
291 78
292 80
292 83
292 86
291 88
290 91
290 94
289 96
288 98
288 101
287 103
