623
249 94
252 94
253 94
254 94
255 94
257 94
258 94
259 95
261 95
262 95
264 95
265 95
267 95
269 95
271 95
274 95
276 95
279 95
281 95
284 95
286 95
289 95
291 95
294 95
297 95
300 95
303 95
306 95
309 95
312 95
315 95
318 95
320 95
323 95
326 95
329 95
332 95
335 95
338 95
340 95
343 95
346 96
349 96
351 96
354 96
356 96
358 96
361 97
363 97
365 97
368 97
370 97
372 97
375 97
377 97
378 98
380 98
381 98
383 98
384 98
385 98
386 98
387 98
387 97
387 96
387 95
387 94
387 93
388 93
388 92
388 91
389 90
389 89
390 88
391 86
391 85
392 84
392 83
393 81
394 80
394 79
395 78
396 76
397 75
398 74
399 73
400 72
401 71
402 71
403 70
405 69
406 69
407 68
408 68
410 68
411 68
412 67
414 67
415 67
417 67
419 67
420 68
421 68
423 68
424 68
426 69
427 69
429 70
430 70
432 71
434 72
435 73
437 74
438 75
440 76
441 77
443 78
443 80
444 81
445 83
446 84
447 86
447 87
448 89
448 90
449 91
449 93
449 94
450 95
450 97
450 98
450 100
449 101
449 102
449 104
448 106
448 107
447 108
447 110
446 111
446 112
445 114
444 115
443 116
442 117
441 118
440 119
439 120
438 121
436 122
435 123
433 124
432 124
430 125
429 126
427 126
426 127
424 127
423 127
421 127
420 127
418 127
417 127
416 127
415 126
414 126
413 126
412 125
411 125
410 125
409 124
408 124
407 123
406 123
405 123
404 122
403 122
403 123
404 123
404 124
404 125
404 126
404 127
404 128
404 130
403 131
403 132
403 133
403 134
403 135
402 136
402 138
402 139
402 140
401 142
401 143
401 145
401 146
401 148
401 150
401 152
400 153
400 155
400 157
400 158
400 160
400 162
400 163
400 165
400 167
400 168
400 170
400 172
400 174
400 176
400 177
399 179
399 181
399 182
399 184
399 185
398 186
398 188
398 189
398 190
397 191
397 193
397 194
397 195
397 196
397 197
398 197
399 197
400 197
401 197
402 197
402 198
403 198
404 198
405 199
406 200
407 201
408 202
409 202
410 203
411 204
412 205
412 206
413 207
414 209
414 210
415 212
415 213
416 215
416 217
417 218
417 220
417 222
417 224
416 225
416 227
416 228
415 230
414 231
413 233
412 235
411 236
410 238
409 239
407 241
406 242
404 244
403 245
401 246
399 247
397 248
396 249
394 249
392 250
390 250
389 250
387 250
385 250
383 250
382 250
380 249
379 249
377 249
376 248
374 247
373 247
372 246
371 245
370 244
368 242
367 241
366 240
365 239
364 237
363 236
363 234
362 233
362 232
361 230
361 229
360 228
360 227
360 225
360 224
360 223
360 222
360 220
361 219
361 217
361 216
361 215
362 214
362 213
362 212
363 211
363 210
363 209
363 208
364 208
364 207
363 207
362 208
361 208
360 208
359 208
357 208
356 208
354 208
353 208
351 208
348 208
346 208
344 208
341 208
339 208
336 208
334 208
331 208
328 208
325 208
322 208
320 208
317 208
314 208
311 208
308 207
304 207
301 207
298 207
295 207
292 207
289 207
286 207
283 207
280 207
277 207
275 207
272 207
270 207
268 207
266 207
265 207
264 206
263 206
262 206
261 206
261 207
262 207
262 208
263 208
263 209
263 210
264 211
264 212
264 213
264 214
264 215
264 217
264 218
264 219
263 221
263 222
262 223
262 225
261 226
260 227
259 228
257 229
256 230
254 232
253 233
251 234
249 235
247 236
246 237
244 237
242 238
240 239
238 239
236 240
234 240
232 240
229 240
227 240
225 240
223 239
222 239
220 238
218 238
217 237
215 236
214 236
212 235
211 234
210 233
208 232
207 231
206 230
205 229
204 228
203 226
203 225
202 224
202 222
202 221
202 219
202 218
202 216
202 215
202 213
203 212
203 210
203 209
204 207
205 206
206 205
207 204
208 202
209 201
211 200
212 199
214 198
215 197
217 196
218 195
219 194
221 194
222 193
223 193
225 192
226 192
228 192
229 192
231 192
233 193
234 193
236 193
237 194
239 194
240 195
241 195
242 196
243 196
244 197
245 198
246 199
247 200
247 201
248 201
247 201
247 200
247 199
246 198
246 197
246 196
246 195
246 194
246 193
245 191
245 190
245 189
245 187
245 186
244 184
244 183
244 181
244 179
244 178
243 176
243 173
243 171
243 169
243 167
242 165
242 163
242 160
242 158
241 156
241 154
241 151
241 149
241 146
240 144
240 142
240 139
240 137
239 135
239 133
239 131
239 129
239 127
239 125
239 123
239 121
239 120
238 119
238 117
238 116
238 115
238 114
238 113
238 112
237 112
237 113
236 113
235 113
234 114
233 114
232 114
231 114
230 114
229 114
227 114
226 114
225 114
223 114
222 114
221 113
219 113
218 113
217 113
215 112
214 111
213 111
211 110
210 109
209 108
208 107
207 106
206 104
205 103
205 102
204 100
204 99
203 97
203 96
202 94
202 93
202 91
202 90
202 88
202 87
203 85
203 83
203 81
204 80
204 78
205 76
206 75
207 73
209 72
210 71
212 70
213 68
215 67
217 67
219 66
221 65
222 65
224 64
226 64
228 64
229 64
231 64
232 64
234 64
235 65
236 65
237 66
239 66
240 67
241 67
242 68
243 69
244 70
244 71
245 71
246 72
247 74
247 75
248 76
248 77
249 79
249 80
250 81
250 83
251 84
251 85
251 86
251 87
251 88
251 89
250 90
250 91
250 92
251 92
250 92
250 93
