580
243 114
247 115
249 116
250 116
252 116
254 116
256 116
259 116
261 117
264 116
266 116
269 116
272 116
276 116
279 116
282 116
285 116
289 116
293 116
296 116
300 116
304 116
308 116
312 115
316 115
320 116
324 116
327 116
331 116
335 116
338 116
342 116
345 116
348 117
351 117
354 117
357 117
359 117
362 117
364 118
366 118
368 118
370 118
371 119
373 119
374 119
375 119
376 119
376 120
377 120
377 119
376 119
376 118
375 118
375 117
375 116
375 115
375 114
375 113
375 112
375 111
375 110
375 109
375 108
375 107
375 105
375 104
376 102
376 101
376 99
377 98
377 96
378 95
378 94
379 93
380 91
381 90
382 89
383 88
385 87
386 86
388 85
390 85
391 84
393 83
395 83
397 82
399 82
401 82
403 82
405 82
407 82
409 82
411 83
413 84
415 84
417 85
419 86
421 87
422 88
424 89
426 90
427 91
429 92
430 94
431 95
433 97
434 98
435 100
436 102
437 104
438 105
438 107
439 109
439 111
440 112
440 114
440 116
440 118
440 119
439 121
439 123
438 125
438 127
437 129
435 131
434 132
433 134
431 135
430 136
428 137
426 138
424 139
422 140
420 140
418 141
416 141
414 141
413 141
411 141
409 141
408 141
407 141
405 141
405 140
404 140
403 140
402 140
402 139
401 139
401 140
402 140
403 141
403 142
403 143
403 144
403 145
403 146
403 147
403 148
403 150
402 151
402 153
402 154
401 156
401 158
401 159
401 161
401 163
401 165
401 167
401 169
401 172
401 174
401 176
401 179
400 181
400 183
400 186
400 188
400 191
400 194
400 196
399 199
399 201
399 204
398 206
398 209
397 211
397 214
397 216
396 218
396 220
395 222
395 224
394 226
394 227
393 229
393 230
392 231
392 232
392 233
392 234
392 235
392 236
392 237
392 236
393 236
393 235
394 235
395 235
396 235
397 235
398 235
399 235
401 236
402 236
403 237
405 238
406 239
408 240
409 241
411 242
412 244
414 245
415 247
416 248
417 250
419 252
419 254
420 256
421 258
421 260
421 262
422 265
422 267
421 269
421 271
421 273
420 275
419 277
418 279
417 281
415 282
414 284
412 286
410 287
408 288
406 290
404 291
402 291
400 292
398 292
395 293
393 293
391 293
388 293
385 293
383 293
380 292
377 292
375 291
372 290
369 289
367 288
365 287
362 286
360 285
358 283
357 282
355 280
354 279
353 277
352 276
351 274
350 273
349 271
349 269
349 267
349 266
349 264
349 262
349 260
349 258
349 256
350 254
350 253
350 252
351 251
351 250
352 249
352 248
352 247
353 246
353 245
353 244
352 244
351 244
350 244
349 244
348 244
347 244
346 243
344 243
342 243
340 243
338 243
336 243
334 243
332 243
329 242
327 242
325 242
322 241
319 241
317 241
314 240
311 240
308 239
305 239
302 238
299 238
296 237
293 237
291 236
288 236
285 236
283 235
280 235
278 235
276 234
273 234
271 234
269 234
268 233
266 233
265 233
264 232
263 232
262 232
261 232
260 231
259 231
258 231
258 232
259 232
259 233
260 233
260 234
260 235
261 237
261 238
261 239
261 241
262 242
262 244
262 245
262 247
262 249
262 250
262 252
261 254
261 256
260 258
259 261
258 263
257 265
255 267
253 269
252 271
250 273
248 274
246 276
244 277
242 278
240 279
237 280
235 281
232 281
230 282
228 282
225 282
223 282
221 281
219 281
216 280
214 279
212 278
210 277
208 276
206 275
205 273
203 272
202 270
201 268
200 266
199 265
198 262
198 260
197 258
197 256
196 254
196 252
196 250
196 247
196 245
196 243
197 241
197 239
198 236
199 234
200 232
201 230
203 229
205 227
206 226
208 224
210 223
212 222
214 220
216 219
218 219
220 218
222 217
224 217
226 216
228 216
230 216
232 216
234 216
236 217
237 217
239 218
240 218
241 219
242 219
243 220
244 220
244 221
245 221
245 222
246 222
246 223
246 222
245 222
245 221
245 220
245 219
244 218
244 217
244 216
244 215
244 214
243 213
243 212
243 210
243 209
243 207
243 206
243 205
242 203
242 201
242 199
242 198
242 196
242 194
241 191
241 189
241 187
241 185
241 183
240 181
240 178
240 176
240 174
240 172
240 170
240 167
240 165
239 163
239 161
239 159
239 157
239 156
239 154
239 152
239 150
239 148
239 146
239 145
239 143
239 142
239 141
239 140
239 139
239 138
239 137
238 137
238 136
237 137
236 137
236 138
235 138
234 139
233 139
232 140
230 140
228 141
227 141
225 141
223 141
221 142
219 142
217 142
215 141
213 141
210 141
208 140
206 140
204 139
202 138
201 137
199 136
198 134
197 133
196 131
195 130
194 128
194 126
193 124
192 122
192 120
192 118
192 116
192 114
193 112
193 110
194 109
194 107
195 105
196 103
197 101
198 99
199 98
201 96
203 95
205 94
207 92
209 91
212 91
214 90
216 89
218 89
220 89
222 88
224 88
226 89
228 89
230 89
233 90
235 90
237 91
238 92
240 93
241 94
242 95
243 96
244 97
245 99
245 100
246 102
246 104
246 105
246 107
247 108
247 109
247 110
247 111
247 112
246 113
