537
248 106
252 105
254 105
256 105
258 105
260 105
263 105
265 105
268 105
271 105
274 105
277 105
281 105
284 105
288 104
292 104
296 104
299 104
303 104
307 104
311 104
315 104
319 104
323 105
326 105
330 105
333 105
337 105
341 105
344 105
347 105
350 106
353 106
356 106
359 106
361 106
363 106
365 107
367 107
369 107
370 107
371 107
372 108
373 108
374 108
375 108
375 107
375 106
375 105
374 105
374 104
374 103
374 102
374 101
374 100
375 99
375 98
375 97
375 96
375 95
376 93
376 92
376 91
377 90
377 88
378 87
378 86
379 84
380 83
381 82
382 80
383 79
384 77
386 76
387 75
388 74
390 73
392 73
393 72
395 71
397 70
399 70
401 70
403 70
405 70
406 70
408 70
409 71
411 71
413 72
414 73
416 73
417 74
419 75
420 76
422 77
423 78
424 80
425 81
426 82
427 84
427 85
428 87
429 88
429 89
430 91
430 92
430 94
431 95
431 96
431 98
431 100
431 101
430 103
430 104
430 106
429 107
429 109
428 110
427 112
426 113
425 114
424 115
422 116
420 117
419 118
417 119
415 120
413 121
411 121
410 122
408 122
407 123
405 123
404 123
403 123
402 123
401 123
400 123
399 123
399 122
399 123
399 124
399 125
399 126
399 127
400 128
400 129
400 130
400 131
400 132
400 133
400 134
400 135
400 136
400 137
400 139
400 140
400 141
400 143
400 145
400 147
400 149
400 150
400 152
400 154
400 156
400 158
400 160
400 161
400 163
400 165
400 167
400 170
400 172
400 174
399 176
399 178
399 180
399 182
399 183
399 185
399 186
398 188
398 189
398 191
398 192
398 193
398 194
398 195
398 196
398 197
398 196
399 196
400 196
400 195
401 195
402 195
403 196
404 196
406 196
407 197
409 197
410 198
411 198
413 199
414 200
415 201
416 202
417 203
418 204
419 206
420 207
420 209
420 211
421 213
421 215
421 217
421 218
420 220
420 222
419 224
418 226
417 227
416 228
415 230
414 231
413 232
411 233
409 235
408 236
406 237
404 238
402 239
400 240
398 240
395 241
393 241
391 242
388 242
386 242
384 241
382 241
380 240
378 240
376 239
374 238
372 237
370 236
368 234
366 233
364 232
363 230
361 229
360 228
359 226
358 225
357 223
357 221
356 219
356 218
355 216
355 214
355 212
355 211
355 209
355 208
356 207
356 206
356 205
356 204
357 203
357 202
357 201
356 201
355 202
354 202
353 202
352 202
351 202
350 202
349 201
347 201
346 201
344 201
342 202
339 202
337 202
334 202
332 202
329 202
326 202
323 202
320 202
317 202
314 202
311 202
308 202
304 202
301 202
298 202
295 202
291 202
288 202
285 202
282 202
279 201
276 201
273 201
270 201
267 201
264 201
262 201
260 201
257 200
256 200
254 200
253 200
252 200
251 199
250 199
250 200
251 201
251 202
251 203
252 203
252 204
252 205
252 206
252 207
252 209
253 210
253 212
253 214
252 216
252 218
251 220
251 222
250 224
249 225
249 227
248 228
247 230
246 231
245 232
244 234
242 235
241 236
239 237
237 238
236 238
233 239
231 239
229 240
226 240
224 239
222 239
219 239
217 238
215 237
213 236
210 235
208 234
206 233
204 232
203 231
201 229
200 228
198 227
197 225
196 223
196 221
195 219
195 217
194 215
194 212
194 210
194 208
195 207
195 205
196 204
196 202
197 201
198 199
199 198
200 197
202 196
204 194
206 193
208 192
210 191
212 191
214 190
216 190
218 190
220 189
222 190
223 190
224 190
225 190
226 190
227 191
228 191
229 192
230 192
231 193
232 194
231 194
231 193
231 192
230 192
230 191
230 190
230 189
230 188
230 187
230 186
230 185
229 184
229 182
229 181
229 180
229 179
229 177
229 176
229 174
229 172
229 170
229 168
229 166
229 164
229 162
229 160
229 158
229 156
228 154
228 152
228 150
228 147
228 145
228 143
228 141
228 139
228 137
228 135
227 134
227 132
227 130
227 129
227 127
227 126
227 124
227 123
227 122
227 121
227 120
227 119
227 118
226 118
226 119
225 119
224 120
223 120
222 120
221 120
220 121
219 121
217 121
216 121
214 121
212 120
210 120
209 120
207 119
205 119
203 118
201 118
200 117
198 116
197 115
195 114
194 113
193 112
192 111
191 110
191 108
190 107
190 105
189 103
189 101
189 99
189 98
189 96
190 94
190 93
191 91
192 90
193 89
194 87
195 86
197 85
198 84
200 83
202 82
204 82
206 81
209 80
211 80
213 80
216 80
218 81
219 81
221 82
223 82
224 83
226 84
227 85
228 86
230 87
231 88
232 89
233 90
233 91
234 92
234 93
235 94
235 95
235 96
235 97
234 97
234 98
234 99
234 100
235 100
235 101
236 101
237 101
