636
264 117
270 117
271 117
273 117
275 117
277 117
279 117
281 117
283 117
285 117
288 117
291 116
293 116
296 116
299 116
303 116
306 116
309 116
312 116
316 115
319 115
323 115
326 115
330 115
334 115
338 115
341 114
345 114
348 114
352 114
355 115
359 115
362 115
365 115
368 116
372 116
375 116
378 116
381 117
383 117
386 117
388 117
391 117
393 118
394 118
396 118
397 118
398 118
398 119
399 119
399 118
399 117
399 116
398 115
398 114
398 113
398 112
398 111
398 110
398 109
398 108
398 107
398 105
398 104
398 103
398 101
398 100
398 98
399 97
399 96
399 94
399 93
399 92
400 91
400 90
401 89
402 88
402 87
403 85
405 84
406 83
407 82
409 80
410 79
412 78
414 77
416 76
418 76
420 75
422 74
424 74
426 73
428 73
431 73
433 73
435 73
438 73
440 73
442 73
444 74
447 74
449 75
451 75
453 76
456 77
458 78
460 80
462 81
463 82
465 84
467 85
468 87
470 89
471 90
472 92
474 93
475 95
476 97
477 99
478 101
478 103
479 105
480 107
480 109
480 111
480 112
480 114
480 116
480 118
479 119
479 121
478 123
477 125
476 127
475 128
474 130
473 132
472 133
470 134
469 136
467 137
465 138
463 139
461 140
459 141
457 142
455 143
453 144
450 144
448 145
446 145
444 146
442 146
440 147
438 147
436 147
434 147
432 147
430 147
429 147
428 147
427 147
426 147
425 147
424 147
423 147
424 147
424 148
424 149
425 149
425 150
425 151
424 152
424 153
424 154
424 155
424 156
423 157
423 158
423 160
423 161
423 162
423 164
423 166
423 168
423 170
423 172
423 174
422 176
422 178
422 181
422 183
422 185
422 187
422 189
422 192
422 194
422 197
421 199
421 202
421 204
421 207
421 209
421 212
420 214
420 217
420 219
420 222
420 224
420 227
420 229
420 231
420 233
420 234
420 236
419 238
419 239
419 241
419 242
419 243
419 244
419 245
420 246
421 245
422 245
423 246
424 246
425 246
426 246
426 247
428 247
429 247
430 248
431 248
432 249
433 250
434 251
435 252
436 253
437 254
438 256
438 258
439 259
440 261
441 263
441 265
442 266
442 268
443 270
443 271
443 273
444 275
444 276
444 278
444 280
444 282
443 283
443 285
442 287
442 289
441 291
440 292
439 294
438 296
437 297
435 299
433 300
432 301
430 303
428 304
426 306
423 307
421 308
419 310
417 311
414 311
412 312
409 313
407 313
405 313
403 313
400 313
398 313
395 313
393 312
391 311
389 311
386 310
384 309
382 307
381 306
379 305
378 304
377 303
376 301
375 300
374 299
373 297
372 296
371 294
370 293
369 291
369 289
368 287
368 285
368 283
367 281
367 279
367 278
367 276
367 274
367 273
368 271
368 270
368 268
369 267
369 265
369 263
370 262
370 261
371 260
371 259
371 258
371 257
371 256
372 255
371 255
370 255
369 255
368 255
367 255
366 255
364 255
363 255
361 255
360 255
358 256
356 256
354 256
352 256
350 256
347 256
345 256
342 256
339 256
337 256
334 256
331 256
328 256
324 257
321 257
318 257
315 257
312 257
308 257
305 257
302 257
298 257
295 257
292 257
289 257
286 257
284 257
281 257
279 257
276 257
274 257
272 257
270 257
269 256
268 256
267 256
266 256
265 256
264 256
264 255
263 255
264 255
264 256
264 257
265 257
265 258
265 259
265 260
265 261
266 262
266 263
267 264
267 266
268 267
268 268
269 270
269 271
269 273
269 274
269 276
269 278
269 279
268 281
268 283
267 285
267 287
266 289
265 290
264 292
263 293
261 295
260 296
258 298
257 299
255 300
253 302
250 303
248 304
246 305
244 306
242 306
239 307
237 307
235 308
232 308
230 308
227 308
225 307
222 307
220 306
218 305
216 305
214 304
213 303
211 301
209 300
208 299
206 298
205 296
203 295
202 293
201 292
200 290
200 289
199 287
198 285
198 283
197 281
197 279
197 277
197 275
197 274
197 272
198 270
198 268
199 266
200 264
201 262
202 260
203 258
205 256
206 254
208 253
210 251
212 250
214 248
216 247
218 245
220 244
222 243
224 242
227 241
229 240
231 239
234 239
236 238
238 238
240 238
241 238
243 238
244 238
245 238
246 238
247 238
248 238
248 239
248 238
248 237
248 236
248 235
248 234
248 233
248 232
248 231
248 230
248 228
249 227
249 226
249 224
249 223
249 221
249 219
249 217
250 215
250 213
250 211
250 209
250 207
250 205
250 202
250 200
250 198
250 195
250 193
250 190
250 188
250 185
250 183
250 181
250 178
250 176
250 174
250 171
250 169
250 167
250 164
250 162
250 161
250 159
250 157
249 155
249 154
249 152
249 150
249 149
249 147
249 146
249 144
249 143
249 142
249 141
249 140
249 139
249 138
248 138
248 137
248 138
247 138
247 139
246 139
245 139
244 139
243 139
242 139
241 139
240 139
239 138
238 138
236 138
235 137
233 137
231 136
229 136
227 136
225 135
224 135
222 134
220 133
219 132
217 131
216 130
215 129
213 127
212 126
211 124
209 123
208 121
207 120
207 118
206 116
205 115
205 113
205 111
205 109
205 107
206 106
206 103
207 101
208 99
209 97
211 95
212 94
214 92
216 90
218 89
219 87
222 86
224 84
226 83
228 82
231 80
234 79
236 78
239 78
241 77
243 77
245 77
247 77
249 77
251 78
253 78
254 79
256 80
257 81
259 82
260 83
261 85
262 86
264 87
265 88
266 89
267 90
267 92
268 93
269 94
270 95
271 97
271 98
272 100
272 101
272 103
272 104
272 105
272 107
272 108
272 109
272 110
272 111
271 111
272 111
