1110
245 101
252 100
253 100
254 99
256 99
257 99
258 99
260 99
262 99
263 99
265 99
266 99
268 99
270 99
272 99
273 99
275 99
277 99
279 99
281 98
282 98
284 98
286 98
288 98
290 98
292 98
294 98
296 98
298 98
300 98
302 98
304 98
306 98
308 98
310 98
312 98
314 98
316 98
318 98
320 98
322 98
324 98
326 98
328 98
330 98
333 98
335 98
337 98
339 99
341 99
343 99
346 99
348 99
350 99
352 99
354 99
356 99
358 99
360 99
362 99
364 99
366 99
368 99
370 99
372 99
374 99
375 99
377 99
378 99
380 99
381 99
382 99
384 99
385 99
386 100
387 100
388 100
389 100
389 99
389 98
388 98
388 97
388 96
387 96
387 95
387 94
386 93
386 92
385 91
385 90
385 89
385 88
384 87
384 86
384 85
384 84
384 83
384 82
384 81
384 80
384 79
385 78
385 77
386 76
387 75
387 74
388 73
389 72
390 71
391 71
392 70
393 69
394 69
395 68
396 68
397 67
398 66
399 66
400 65
402 65
403 64
404 64
405 63
406 63
408 63
409 62
410 62
412 62
413 62
415 61
416 61
418 61
420 61
421 61
423 61
424 61
426 61
427 61
429 61
430 61
431 61
433 61
434 62
435 62
437 62
438 63
439 63
440 63
441 64
442 65
443 65
444 66
445 66
446 67
447 68
448 68
449 69
450 70
451 71
451 72
452 73
453 74
454 75
454 76
455 77
456 79
457 80
458 81
458 82
459 84
460 85
461 86
461 87
462 89
462 90
463 91
464 92
464 93
465 95
465 96
466 97
466 98
466 100
466 101
467 102
467 104
467 105
467 106
467 108
466 109
466 110
466 111
466 112
466 113
465 114
465 115
465 116
464 117
464 118
463 120
463 121
462 122
462 123
461 124
461 125
460 126
460 127
459 129
458 130
458 131
457 132
456 133
456 134
455 135
454 136
454 137
453 138
452 139
451 140
450 141
449 141
448 142
447 143
446 143
445 144
444 144
442 145
441 145
440 145
439 146
438 146
437 147
436 147
435 147
433 148
432 148
431 148
430 148
429 149
427 149
426 149
425 149
423 149
422 149
421 149
419 149
418 149
417 149
416 149
415 149
413 148
412 148
411 148
410 147
409 146
408 146
408 145
407 145
407 144
406 144
406 143
406 144
406 145
406 146
407 146
407 147
407 148
407 149
407 150
407 151
408 152
408 153
408 154
408 156
408 157
408 158
408 160
408 161
408 162
408 163
408 165
408 166
408 167
408 168
408 170
408 171
408 172
408 174
408 175
408 176
408 178
408 179
408 180
408 181
408 183
408 184
408 185
407 187
407 188
407 189
407 190
407 192
407 193
407 194
407 195
407 196
407 198
407 199
407 200
407 201
407 202
407 203
407 204
407 205
407 206
407 208
406 209
406 210
406 211
406 212
406 213
406 214
406 215
406 216
406 217
406 219
406 220
406 221
406 222
406 223
406 225
406 226
406 227
406 228
405 230
405 231
405 232
405 233
405 235
405 236
404 237
404 238
404 239
404 241
404 242
404 243
403 243
403 244
403 245
403 246
403 247
402 248
402 249
403 249
404 249
405 249
406 249
407 248
408 248
409 248
410 248
412 248
413 248
414 247
416 247
417 247
419 247
421 247
422 247
424 247
425 247
426 247
427 247
429 247
430 247
431 247
432 247
433 247
434 247
435 247
436 248
437 248
438 248
439 248
440 249
441 249
442 250
443 250
444 250
444 251
445 252
446 252
447 253
448 253
448 254
449 254
450 255
450 256
451 256
451 257
452 258
452 259
453 259
453 260
454 261
454 262
455 263
455 264
455 265
456 266
456 267
456 268
456 269
457 270
457 271
457 272
457 273
457 274
457 275
457 276
457 277
457 278
457 279
457 280
457 281
457 282
456 283
456 284
456 285
456 286
455 287
455 288
454 289
454 290
453 291
453 292
452 293
452 294
451 295
450 296
449 297
449 298
448 299
447 299
446 300
445 301
444 302
443 303
442 304
441 305
440 306
439 307
438 307
437 308
436 309
435 310
434 310
433 311
432 312
431 312
430 313
429 313
428 314
427 314
425 314
424 315
423 315
422 315
421 316
419 316
418 316
417 316
415 316
414 316
413 316
412 316
410 316
409 316
408 316
407 316
405 316
404 316
403 315
402 315
400 315
399 315
398 314
396 314
395 314
394 313
393 313
392 312
391 312
389 311
388 311
387 310
386 310
385 309
384 308
383 307
382 307
381 306
381 305
380 304
380 303
379 302
378 301
378 300
377 299
377 298
376 297
376 296
376 295
375 294
375 293
375 292
374 291
374 290
374 289
374 288
374 287
373 286
373 284
373 283
373 282
373 281
373 279
373 278
373 277
373 276
373 274
373 273
373 272
373 270
373 269
373 268
373 266
373 265
373 263
373 262
373 261
373 260
373 259
374 258
374 257
374 256
374 255
373 254
373 255
372 255
371 255
370 255
369 255
368 255
367 255
366 255
365 255
365 256
364 256
363 256
362 256
361 256
360 256
359 256
358 256
357 256
356 256
354 256
353 256
352 256
351 256
350 256
349 256
348 256
347 256
346 257
345 257
344 257
343 257
342 257
340 257
339 257
338 257
336 257
335 257
333 257
332 257
330 257
329 257
327 257
326 257
325 257
323 257
322 257
320 257
319 257
317 257
316 257
314 257
313 257
311 257
310 257
308 257
307 257
305 257
304 257
302 257
302 257
301 257
299 257
298 257
296 257
295 257
295 257
293 257
292 257
290 257
288 257
287 257
285 257
283 257
282 257
280 257
279 257
277 257
275 256
274 256
272 257
270 257
269 257
267 257
265 257
263 257
261 257
260 257
258 257
256 257
254 257
252 257
250 257
248 257
247 257
245 257
243 257
242 257
241 257
239 257
238 257
237 257
236 257
235 257
234 258
233 258
234 259
234 260
235 261
236 261
236 262
237 263
238 264
238 265
239 266
240 267
240 268
241 269
241 270
242 271
242 272
242 273
243 273
243 274
243 275
243 276
243 277
244 278
244 279
244 280
243 281
243 282
243 283
243 284
243 285
242 286
242 287
242 288
241 289
241 290
241 291
240 292
240 293
239 294
239 295
238 295
238 296
237 297
236 298
236 299
235 299
234 300
233 300
233 301
232 301
231 301
230 302
229 302
228 303
227 303
226 303
225 304
224 304
223 304
222 305
221 305
220 305
219 305
218 305
217 305
216 306
215 306
214 306
213 306
211 306
210 305
209 305
208 305
207 305
206 305
204 304
203 304
202 304
201 303
200 303
199 302
198 302
197 301
196 301
195 301
193 300
192 299
191 299
190 298
189 297
188 296
187 295
186 295
185 294
184 293
184 292
183 291
182 290
181 289
180 288
180 287
179 286
179 285
178 284
178 283
178 282
178 281
178 280
177 279
177 278
177 277
177 276
177 275
177 274
177 273
178 272
178 271
178 270
178 269
178 268
179 267
179 266
179 264
180 263
180 262
181 261
181 260
182 259
182 258
182 257
183 256
183 255
184 254
184 253
185 252
185 251
186 250
186 249
187 248
188 247
188 246
189 246
189 245
190 244
190 243
191 243
192 242
192 241
193 241
193 240
194 240
195 239
196 238
197 238
198 238
199 237
200 237
201 237
202 237
203 237
203 236
204 236
205 236
206 236
207 236
208 236
209 237
210 237
211 237
212 237
213 237
214 237
215 238
216 238
217 238
218 239
219 239
220 239
220 240
221 240
222 240
223 240
223 241
224 241
224 240
224 239
224 238
224 237
224 236
224 235
224 234
224 233
224 232
224 231
224 230
225 230
225 229
225 228
225 227
225 226
225 225
225 224
226 224
226 223
226 222
226 221
226 220
226 219
226 218
226 217
226 216
226 215
226 214
226 213
226 212
226 211
226 210
226 209
226 208
226 207
226 206
226 204
227 203
227 202
227 201
227 200
227 199
227 198
227 197
227 196
227 195
227 193
227 192
227 191
228 190
228 189
228 188
228 187
228 186
228 184
228 183
228 182
228 181
228 179
229 178
229 177
229 175
229 174
229 173
230 172
230 170
230 169
230 167
231 166
231 165
231 163
232 162
232 160
232 159
233 158
233 156
233 155
234 153
234 152
234 150
234 149
235 148
235 146
235 145
235 144
236 143
236 141
236 140
237 139
237 138
237 137
237 136
238 135
238 133
238 132
239 131
239 130
239 129
239 128
240 127
240 126
240 127
239 127
239 128
238 129
237 130
236 130
235 131
234 131
233 132
231 132
230 133
229 133
228 133
227 134
225 134
224 134
223 135
221 135
220 135
219 135
217 135
216 135
214 135
213 135
211 135
210 134
208 134
207 134
206 134
205 133
203 133
203 132
202 132
201 131
200 130
199 130
198 129
198 128
197 128
196 127
196 126
195 126
195 125
194 124
194 123
193 123
193 122
192 121
192 120
191 119
191 118
190 117
190 116
190 115
189 114
189 113
189 112
188 111
188 110
188 109
188 108
188 106
188 105
187 104
187 103
188 101
188 100
188 99
188 98
188 97
188 95
189 94
189 93
189 92
190 91
190 90
191 89
191 88
192 87
192 86
193 85
194 84
194 83
195 81
196 80
196 79
197 78
198 77
199 76
200 75
201 74
202 73
203 73
204 72
205 71
206 71
206 70
207 70
208 69
209 69
210 69
211 68
212 68
213 68
214 67
215 67
216 66
217 66
218 66
219 65
220 65
221 65
222 65
223 65
224 65
225 64
226 64
227 64
228 64
229 64
230 65
231 65
232 65
233 65
234 65
235 66
236 66
237 66
238 66
239 67
240 68
241 68
242 69
243 70
244 71
245 72
245 73
246 73
246 74
247 75
247 76
247 77
248 78
248 79
248 80
249 81
249 82
249 83
249 84
249 85
249 86
249 87
249 88
249 89
249 90
248 91
248 92
248 93
248 94
247 95
247 96
246 97
246 98
245 99
245 100
244 100
244 101
243 101
243 102
242 103
243 102
243 102
