1246
237 106
241 105
242 105
243 105
244 105
245 105
247 105
248 105
249 104
251 104
252 104
254 104
256 104
257 104
259 104
261 104
263 103
264 103
266 103
268 103
270 103
271 103
273 103
275 103
277 103
279 103
281 103
283 103
285 103
287 103
289 103
291 103
293 103
295 103
296 103
298 103
300 103
302 103
304 103
306 103
307 104
309 104
311 104
313 104
315 104
317 104
319 104
320 104
322 105
324 105
326 105
328 105
330 105
332 105
334 105
336 105
337 105
339 105
341 105
343 105
345 105
347 105
349 105
351 105
353 105
355 105
357 105
358 105
360 105
362 105
364 105
366 105
368 105
370 105
372 105
374 105
375 105
377 105
379 105
380 105
382 105
384 105
385 105
387 105
388 105
390 105
391 105
392 105
393 105
394 105
395 105
396 105
396 104
396 103
395 103
395 102
394 101
394 100
394 99
394 98
393 98
393 97
393 96
393 95
393 94
393 93
393 92
393 91
393 90
393 89
393 88
393 87
393 86
393 85
393 84
393 83
393 82
393 81
393 80
393 79
394 78
394 77
394 76
394 75
395 74
395 73
396 72
396 71
397 70
397 69
398 69
398 68
399 67
400 66
400 65
401 64
402 63
402 62
403 61
404 60
405 60
406 59
406 58
407 57
408 57
409 56
410 56
411 55
412 54
413 54
414 54
415 53
416 53
417 53
418 52
419 52
420 52
421 52
422 52
423 52
424 52
425 52
426 52
428 53
429 53
430 53
431 53
432 54
434 54
435 54
436 54
438 55
439 55
440 56
442 56
443 57
444 57
445 58
447 58
448 59
449 59
450 60
451 61
452 61
453 62
454 62
455 63
456 64
457 65
458 65
459 66
459 67
460 68
461 69
462 70
463 71
463 72
464 73
465 74
465 75
466 76
466 77
467 78
467 79
468 80
469 81
469 82
470 83
470 84
470 85
471 86
471 88
472 89
472 90
472 91
472 92
472 93
472 94
473 95
473 96
473 97
473 98
473 99
473 100
473 101
472 102
472 103
472 105
472 106
472 107
471 108
471 109
470 110
470 111
470 112
469 113
469 114
468 115
467 115
467 116
466 117
466 118
465 119
464 120
463 121
463 122
462 123
461 123
461 124
460 125
459 126
458 127
457 128
456 129
455 129
455 130
454 131
453 132
452 132
451 133
451 134
450 134
449 135
448 136
447 136
446 137
445 137
444 138
443 138
442 139
441 139
440 140
439 140
438 140
437 140
436 141
435 141
434 141
433 141
431 141
430 141
429 141
428 141
427 141
425 141
424 141
423 141
422 141
420 141
419 141
418 140
416 140
415 140
414 140
413 139
412 139
411 139
410 139
409 138
408 138
408 137
407 137
406 137
406 136
405 136
405 135
404 135
404 134
403 134
403 133
403 134
403 135
403 136
403 137
402 138
402 139
402 140
402 141
402 142
401 143
401 144
401 145
401 146
401 147
401 148
400 148
400 149
400 150
400 151
400 152
400 153
399 154
399 155
399 156
399 157
399 158
399 159
399 160
398 161
398 162
398 163
398 164
398 165
398 166
398 167
398 168
397 168
397 169
397 170
397 171
397 172
397 173
396 174
396 175
396 176
396 177
396 178
395 179
395 180
395 181
395 182
395 183
394 184
394 185
394 186
394 187
394 188
394 190
393 191
393 192
393 193
393 194
393 195
392 196
392 197
392 198
392 199
392 200
392 201
391 202
391 203
391 204
391 205
391 206
391 207
390 208
390 209
390 210
390 211
390 212
390 213
390 214
390 215
389 216
389 218
389 219
389 220
389 221
389 222
388 223
388 224
388 225
388 226
388 227
388 228
388 229
387 230
387 231
387 232
387 233
387 234
387 235
387 236
386 237
386 238
386 240
386 241
386 242
386 243
385 244
385 245
385 246
385 247
385 248
385 249
384 250
384 251
384 252
384 253
384 254
383 256
383 257
383 258
383 259
383 260
382 260
382 261
382 262
382 261
383 261
384 261
385 261
386 261
387 261
388 261
389 261
390 261
391 261
392 261
393 261
394 261
395 261
395 262
396 262
397 262
398 262
399 262
400 262
401 262
402 262
403 263
404 263
405 263
406 264
407 264
408 264
409 265
410 266
411 266
412 267
413 268
414 269
415 270
416 271
416 272
417 272
417 273
418 274
418 275
419 276
419 277
419 278
419 279
419 280
419 281
420 281
420 282
420 283
420 284
420 285
420 286
420 287
420 288
420 289
420 290
420 291
419 292
419 293
419 294
419 295
419 296
419 297
418 298
418 299
418 300
418 301
417 302
417 303
417 304
416 305
416 306
415 307
415 308
414 309
413 310
413 311
412 311
412 312
411 313
410 313
410 314
409 315
408 315
408 316
407 317
406 317
405 318
404 319
403 320
402 321
401 321
400 322
399 323
398 323
397 324
396 324
395 325
394 325
393 325
392 326
391 326
390 327
389 327
388 327
386 327
385 328
384 328
383 328
382 328
381 328
380 328
379 328
378 328
377 327
376 327
375 327
374 327
373 326
372 326
371 325
370 325
369 325
369 324
368 324
367 323
366 323
365 323
364 322
363 321
362 320
361 320
360 319
359 319
359 318
358 317
357 317
356 316
356 315
355 315
355 314
354 313
353 312
353 311
352 311
352 310
352 309
351 309
351 308
351 307
350 306
350 305
350 304
350 303
350 302
350 301
349 301
349 300
349 299
349 298
349 297
349 296
349 295
350 294
350 293
350 292
350 291
350 289
350 288
350 287
350 286
351 285
351 284
351 283
351 282
352 281
352 280
352 279
353 278
353 277
353 276
353 275
354 274
354 273
354 272
355 271
355 270
354 270
353 270
352 270
351 270
351 271
350 271
349 271
348 271
347 271
346 271
345 272
344 272
343 271
342 271
341 271
340 271
339 271
338 271
337 271
336 271
335 271
334 271
333 271
332 271
331 271
330 271
329 271
328 271
327 271
326 270
325 270
324 270
323 270
322 270
320 270
319 270
318 270
317 270
316 270
315 270
313 270
312 270
311 269
310 269
309 269
307 269
306 269
305 269
304 269
303 269
302 269
301 269
300 269
299 269
298 269
297 269
296 269
295 268
294 268
293 268
292 268
291 268
290 268
289 268
288 268
287 268
286 268
285 268
284 268
283 268
282 268
281 268
280 268
279 268
278 267
277 267
276 267
275 267
274 267
273 267
272 267
271 267
270 267
269 267
268 267
267 266
266 266
265 266
264 266
263 266
262 266
261 265
260 265
259 265
258 265
257 265
256 265
255 265
254 265
253 264
252 264
251 264
250 264
249 264
247 264
246 264
245 264
244 264
243 264
242 264
241 263
240 263
239 263
238 263
237 263
236 263
235 263
234 263
233 263
232 263
231 263
230 263
229 263
228 262
227 262
226 262
225 262
224 262
223 262
222 262
222 262
222 262
223 262
223 263
224 263
225 264
226 265
227 265
227 266
228 267
229 268
230 269
230 270
231 271
231 272
232 273
232 274
233 275
233 276
234 277
234 278
234 279
235 280
235 281
235 282
235 283
236 284
236 285
236 286
236 287
236 288
236 289
236 290
236 291
236 292
236 293
236 294
236 295
235 296
235 297
235 298
235 299
234 299
234 300
234 301
233 301
233 302
232 303
232 304
231 304
231 305
230 305
230 306
229 306
228 307
228 308
227 308
226 309
225 309
224 309
224 310
223 310
222 311
221 311
220 311
219 312
218 312
217 313
216 313
215 313
214 313
213 313
212 314
211 314
210 314
209 314
207 314
206 314
205 314
204 314
203 313
201 313
200 313
199 313
198 313
197 312
196 312
195 311
194 311
192 311
191 310
190 310
189 309
188 308
187 308
186 307
185 307
184 306
183 305
182 304
181 304
180 303
179 302
178 301
177 300
177 299
176 298
175 297
175 296
174 295
173 294
173 293
172 292
172 291
172 290
171 288
171 287
170 286
170 285
170 284
170 283
169 282
169 281
169 279
169 278
169 277
168 276
168 275
168 274
168 273
168 272
168 271
169 270
169 268
169 267
169 266
169 264
169 263
170 262
170 260
170 259
171 258
171 257
172 256
172 255
173 254
173 253
174 251
174 250
175 249
176 248
176 247
177 246
178 244
179 243
179 242
180 241
181 240
182 239
183 238
184 238
184 237
185 236
186 235
187 235
187 234
188 233
189 233
189 232
190 232
191 232
191 231
192 231
193 231
194 231
194 230
195 230
196 230
197 230
198 230
199 230
200 230
201 230
202 231
203 231
204 231
205 232
206 232
207 232
208 233
209 233
210 234
211 234
211 235
212 236
213 237
214 238
215 239
216 240
216 239
216 238
216 237
216 236
216 235
216 234
216 233
217 232
217 231
217 230
217 229
217 228
217 227
217 226
217 225
216 224
216 223
216 222
216 221
216 220
216 219
216 218
216 217
216 216
215 216
215 215
215 214
215 213
215 212
215 211
215 210
215 209
215 208
215 206
215 205
215 204
215 203
215 202
215 201
215 200
215 199
216 198
216 196
216 195
216 194
216 193
216 192
217 190
217 189
217 188
217 187
217 185
217 184
217 183
218 182
218 181
218 180
218 178
218 177
218 176
218 175
218 174
218 173
218 172
218 171
218 170
219 169
219 168
219 167
219 166
219 165
219 164
219 163
219 162
219 161
219 160
219 159
219 158
219 157
219 156
219 155
219 154
219 153
219 152
219 151
219 150
219 149
219 148
219 147
219 146
219 145
219 144
219 143
219 142
219 141
219 140
219 139
219 138
219 137
219 136
219 135
219 134
219 133
219 132
219 131
219 130
218 129
218 128
218 127
218 126
218 125
218 124
217 124
216 125
215 125
215 126
214 126
213 126
212 127
211 127
210 128
208 128
207 128
206 128
205 128
203 129
202 129
201 129
200 129
198 129
197 129
196 129
195 129
194 129
192 129
191 129
190 129
189 129
188 128
187 128
186 128
185 127
184 127
183 126
182 125
181 124
180 124
180 123
179 122
178 121
178 120
177 119
177 118
176 117
176 116
176 115
175 114
175 113
175 112
175 110
175 109
175 108
175 107
174 106
174 105
174 103
174 102
175 101
175 100
175 99
175 97
175 96
175 95
175 94
175 93
175 92
176 91
176 90
176 88
176 87
177 86
177 85
177 84
177 83
178 82
178 81
179 80
179 79
180 78
180 77
181 76
182 75
182 74
183 73
184 73
184 72
185 71
186 71
187 70
187 69
188 69
189 68
190 68
191 67
192 66
193 66
195 65
196 65
197 64
198 64
199 63
200 63
201 62
203 62
204 62
205 61
207 61
208 61
209 61
211 61
212 60
213 60
214 60
216 60
217 60
218 60
219 60
220 60
222 60
223 61
224 61
225 61
226 61
227 62
228 62
230 62
231 63
232 63
233 64
234 65
235 65
236 66
237 67
238 68
239 69
240 70
240 71
241 72
242 73
242 74
242 75
243 76
243 77
244 78
244 79
244 80
244 81
244 82
244 83
245 83
245 84
245 85
244 86
244 87
244 88
244 89
243 90
243 91
243 92
242 92
242 93
241 94
241 95
240 96
239 97
239 98
238 99
237 100
236 101
236 102
235 102
234 103
233 104
232 105
231 106
230 107
230 108
230 107
231 107
232 106
232 106
