1268
235 99
240 99
241 99
243 99
244 99
245 99
246 99
248 99
249 99
251 99
252 99
254 99
255 99
257 99
259 99
261 99
262 99
264 99
266 99
268 99
268 99
270 99
271 99
273 98
275 98
275 98
277 98
279 98
282 98
284 98
286 98
288 98
291 98
293 98
295 98
297 98
299 97
302 97
304 97
306 97
308 97
310 97
313 97
315 97
317 97
319 97
321 97
324 97
326 97
328 97
330 97
332 97
333 97
335 97
337 97
339 97
341 97
343 97
345 97
346 97
348 97
350 97
351 97
353 97
354 97
356 97
357 97
358 97
360 97
361 97
362 97
364 97
365 96
366 96
368 96
369 96
370 96
372 96
373 96
374 96
375 96
376 96
377 96
378 96
379 96
380 96
381 96
382 96
383 96
384 96
385 96
386 96
386 95
386 94
386 93
386 92
386 91
386 90
386 89
386 88
386 87
386 86
386 85
386 84
385 83
385 82
385 81
385 80
385 79
385 78
385 77
385 76
385 75
385 74
385 73
385 72
385 71
386 70
386 69
386 68
387 67
387 66
388 66
388 65
389 64
389 63
390 62
391 61
392 61
392 60
393 59
394 58
395 57
396 57
396 56
397 55
398 54
399 53
400 53
401 52
402 51
403 51
404 50
405 50
406 49
407 49
408 48
410 48
411 47
412 47
413 47
414 47
416 46
417 46
418 46
420 46
421 46
422 46
423 46
424 46
426 46
427 46
428 46
429 46
431 46
432 47
433 47
434 47
436 48
437 48
438 49
439 49
441 50
442 50
443 51
445 52
446 52
448 53
449 54
450 55
452 55
453 56
454 57
455 58
456 59
458 60
459 61
460 62
461 63
462 64
463 65
464 66
465 67
465 68
466 69
467 70
468 71
469 72
469 73
470 75
470 76
471 77
471 78
472 80
472 81
472 82
473 84
473 85
473 86
473 87
473 89
473 90
473 91
473 92
473 93
473 95
472 96
472 97
472 98
471 99
471 101
471 102
470 103
469 105
469 106
468 107
467 109
467 110
466 111
465 113
464 114
463 115
463 116
462 117
461 118
460 119
459 120
458 122
457 123
456 124
455 125
454 126
453 127
452 128
451 129
450 130
449 131
448 132
447 133
446 133
445 134
444 135
442 135
441 136
440 137
439 137
438 138
437 138
436 139
435 139
434 140
433 140
431 140
430 141
429 141
428 141
427 141
425 142
424 142
423 142
421 142
420 142
419 142
417 142
416 142
415 142
414 142
412 141
411 141
410 141
409 141
408 140
407 140
406 140
405 139
404 139
403 138
402 138
401 137
400 136
399 135
398 135
397 134
396 133
396 132
395 131
394 130
393 129
392 129
392 128
391 127
390 126
389 125
388 124
387 124
387 125
387 126
387 127
387 128
387 129
387 130
387 131
386 132
386 133
386 134
386 135
386 136
386 137
386 138
386 139
386 140
386 141
386 142
386 143
386 144
386 145
386 146
386 147
386 148
386 149
386 150
386 151
386 152
386 153
386 154
386 155
386 156
386 157
386 158
386 159
386 160
386 161
386 162
385 163
385 164
385 165
385 166
385 167
385 168
385 169
385 170
385 171
385 172
385 173
385 174
385 175
385 176
385 177
384 177
384 178
384 179
384 180
384 181
384 182
384 183
384 184
383 185
383 186
383 187
383 188
383 189
383 190
382 191
382 192
382 193
382 194
382 195
382 196
382 197
382 198
382 199
381 200
381 201
381 202
381 203
381 204
381 205
381 206
381 207
381 208
380 209
380 210
380 211
380 212
380 213
379 214
379 215
379 216
379 217
378 218
378 219
378 220
377 221
377 222
377 223
377 224
377 225
376 226
376 227
376 228
376 229
375 230
375 231
375 232
375 233
375 234
375 235
374 235
374 236
374 237
374 238
374 239
374 240
374 241
373 242
373 243
373 244
373 245
373 246
373 247
373 248
372 248
372 249
372 250
372 251
372 252
372 253
372 254
371 254
371 255
371 254
372 254
372 253
372 252
373 251
373 250
374 249
375 249
375 248
376 247
377 247
378 246
379 245
380 244
381 244
382 243
383 243
384 242
385 242
386 241
387 241
388 241
389 240
390 240
391 240
392 239
393 239
394 239
395 239
396 239
397 239
398 239
399 239
400 239
401 239
402 239
403 239
404 239
405 239
406 239
407 240
408 240
409 240
410 240
411 240
412 241
413 241
414 242
415 242
416 243
417 243
418 244
419 245
420 245
421 246
422 246
422 247
423 248
424 248
424 249
425 250
426 251
426 252
426 253
427 254
427 255
427 256
427 257
427 258
428 259
428 260
428 261
428 262
428 263
428 264
428 265
428 266
428 267
428 269
428 270
428 271
428 272
428 273
428 274
428 275
427 276
427 277
427 278
427 279
427 280
426 281
426 282
426 283
425 284
425 285
425 286
424 287
424 288
424 289
423 290
423 291
422 292
422 293
421 294
420 295
420 296
419 297
418 298
417 299
416 300
415 301
414 301
413 302
412 303
411 304
410 305
409 306
408 307
407 308
406 308
404 309
403 310
402 310
401 311
399 312
398 312
397 313
395 314
394 314
393 315
391 315
390 316
388 316
387 317
386 317
384 317
383 318
382 318
381 318
379 318
378 318
377 318
376 318
374 318
373 318
372 318
370 318
369 317
368 317
367 317
366 316
364 316
363 315
362 315
361 314
360 313
359 313
358 312
357 312
356 311
355 310
355 309
354 309
353 308
352 307
352 306
351 305
351 304
350 303
350 302
349 301
348 300
348 299
348 298
348 296
347 295
347 294
347 293
346 292
346 291
346 290
346 289
346 287
345 286
345 285
345 284
345 283
345 282
345 281
344 280
344 279
344 278
344 277
344 276
345 275
345 274
345 273
345 271
346 270
346 269
347 268
347 267
348 266
348 265
349 264
349 263
350 262
350 261
351 261
351 260
352 260
352 259
353 259
352 258
351 259
350 259
349 259
348 259
347 260
346 260
345 260
344 260
343 260
341 260
340 260
339 260
338 260
337 260
336 260
334 260
333 260
332 260
330 260
329 260
328 260
326 260
325 261
324 261
323 261
321 261
320 261
319 261
317 261
316 261
315 260
313 260
312 260
310 260
309 260
307 260
306 260
305 260
303 260
302 260
300 260
299 260
297 260
296 260
294 261
293 261
291 261
290 261
288 261
287 261
285 261
284 261
282 261
281 261
279 261
278 261
277 261
276 261
274 261
273 261
272 261
271 261
269 261
268 261
267 261
266 260
264 260
263 260
262 260
261 260
260 260
259 260
257 260
256 260
255 260
254 260
253 260
252 260
250 260
249 260
248 260
247 260
246 260
245 260
243 259
242 259
241 259
240 259
239 259
237 259
236 259
235 260
234 259
232 259
231 259
230 259
229 259
228 259
227 259
226 259
225 259
224 259
223 259
222 259
223 259
223 260
224 260
225 260
225 261
226 261
227 262
228 262
229 263
230 264
231 265
231 266
232 267
233 268
233 269
234 269
234 270
235 271
235 272
236 272
236 273
236 274
237 275
237 276
237 277
238 278
238 279
239 280
239 281
239 282
239 283
240 284
240 285
240 286
240 287
240 288
241 289
241 290
241 291
241 292
241 293
241 294
241 295
241 296
241 297
241 298
241 299
241 300
240 301
240 302
240 303
239 304
239 305
238 306
237 307
236 308
235 309
235 310
234 311
233 312
232 312
231 313
229 314
228 315
227 315
226 316
225 317
224 317
223 318
221 318
220 319
219 319
218 320
216 320
215 320
214 321
212 321
211 321
210 321
208 321
207 321
205 322
204 322
202 321
201 321
199 321
198 321
196 321
195 320
193 320
192 320
191 319
189 319
188 318
187 318
185 317
184 316
183 316
181 315
180 314
179 313
177 312
176 312
175 311
174 310
173 309
172 308
171 308
170 307
170 306
169 305
168 304
168 303
167 302
167 301
166 299
165 298
165 297
164 296
164 295
163 294
163 293
163 291
163 291
162 290
162 289
162 288
162 287
162 287
161 286
161 285
161 283
161 282
161 281
161 280
161 279
161 277
161 276
161 275
161 273
161 272
161 271
162 269
162 268
162 267
162 265
163 264
163 263
163 262
164 260
164 259
165 258
165 257
165 256
166 255
166 254
167 253
167 252
168 251
168 250
169 249
169 248
170 247
170 246
171 245
171 244
172 244
172 243
173 242
174 241
175 240
175 239
176 239
177 238
178 237
179 237
179 236
180 236
181 236
181 235
182 235
183 235
184 234
185 234
186 234
187 234
188 234
189 234
190 234
191 234
192 234
193 234
194 234
195 234
196 234
197 234
198 235
199 235
200 235
201 235
202 235
203 236
204 236
205 236
206 237
207 237
207 238
208 238
209 238
210 239
211 239
212 240
213 240
213 241
214 242
215 243
215 242
215 241
215 240
216 239
216 238
216 237
216 236
216 235
216 234
216 233
216 232
216 231
216 230
216 229
217 228
217 227
217 226
217 225
217 224
217 223
217 222
217 221
217 220
217 219
217 218
217 217
217 216
217 215
217 214
217 213
217 212
217 211
217 210
217 209
217 207
217 206
217 205
217 204
217 203
217 202
217 201
217 199
217 198
217 197
217 196
217 195
217 194
217 193
218 191
218 190
218 189
218 188
218 187
218 186
218 185
218 184
218 183
218 181
218 180
218 179
218 178
218 177
218 176
218 175
218 174
218 173
218 172
218 171
219 170
219 169
219 168
219 167
219 166
219 165
219 164
219 163
219 162
219 161
219 160
219 159
219 158
219 157
219 156
219 155
220 154
220 153
220 152
220 151
220 150
220 149
220 148
220 147
220 146
220 145
220 144
221 144
221 143
221 142
221 141
221 140
221 139
221 138
221 137
221 136
221 135
220 134
220 133
220 132
220 131
220 130
220 129
220 128
220 127
219 127
219 126
218 126
217 126
216 127
215 127
215 128
214 128
214 129
213 129
212 130
211 130
211 131
210 131
209 132
208 132
207 133
206 133
204 134
203 134
202 134
201 135
199 135
198 136
197 136
195 136
194 136
193 136
192 137
190 137
189 137
188 137
186 137
185 136
184 136
183 136
181 136
180 135
179 134
178 134
177 133
176 132
175 131
174 130
173 129
173 128
172 128
172 127
171 126
171 125
170 123
170 122
170 121
169 120
169 119
169 118
169 117
169 115
168 114
168 113
168 112
168 111
168 110
168 108
168 107
168 106
168 105
168 104
168 103
169 101
169 100
169 99
169 98
170 97
170 96
170 95
171 94
172 93
172 92
172 91
173 90
174 89
174 88
175 87
176 86
176 85
177 84
178 83
179 82
180 81
181 80
181 79
182 78
183 78
184 77
185 76
186 75
187 74
188 73
189 72
190 72
191 71
192 71
192 70
193 69
194 69
195 68
196 68
197 67
198 67
199 66
201 66
202 65
203 64
204 64
205 64
206 63
207 63
209 62
210 62
211 62
212 62
213 62
214 61
215 61
216 61
218 61
219 62
220 62
221 62
222 62
223 62
224 63
225 63
226 63
227 64
228 64
229 65
230 65
231 66
232 66
233 67
234 68
235 69
236 69
237 70
237 71
238 72
239 73
239 74
240 75
240 76
240 77
241 78
241 79
241 80
241 81
241 82
241 83
240 84
240 85
240 86
239 87
239 88
239 89
238 90
238 91
237 92
236 93
235 94
235 95
234 96
233 97
232 97
232 98
231 98
231 99
231 100
230 100
231 100
231 100
