664
216 98
219 98
220 98
220 99
221 99
222 99
223 99
224 99
226 99
227 99
229 99
231 99
232 99
234 99
236 99
238 100
239 100
241 100
243 100
245 100
247 100
250 100
252 100
254 100
257 99
259 99
262 99
264 99
267 99
270 99
273 99
275 99
279 99
282 99
285 99
288 98
291 98
294 98
297 98
300 98
303 98
306 98
309 98
313 98
316 98
319 98
322 98
325 98
328 98
331 99
334 99
337 99
340 99
343 99
345 99
348 99
350 99
352 99
354 99
355 99
356 99
357 99
358 99
359 99
360 99
360 98
360 97
360 96
360 95
360 94
360 93
360 92
360 91
361 90
361 89
361 88
361 87
362 86
362 85
362 83
363 82
363 81
364 80
364 78
365 77
365 76
366 75
366 74
367 73
368 72
369 71
370 70
371 69
372 68
373 68
373 67
374 67
375 66
377 66
378 65
379 65
380 64
381 64
382 64
384 63
385 63
386 63
388 63
389 63
390 63
391 63
393 63
394 64
395 64
396 64
397 65
399 65
400 66
402 66
403 67
404 68
406 68
408 69
409 70
411 71
412 71
414 72
415 74
417 75
418 76
419 77
420 79
421 80
422 82
423 83
423 85
424 86
425 87
425 89
426 90
426 91
426 93
427 94
427 95
427 96
427 98
427 99
427 100
427 102
426 103
426 105
425 106
425 107
424 109
424 110
423 111
422 112
422 113
421 114
420 115
419 116
418 117
416 117
415 118
414 119
412 120
411 121
409 122
407 122
406 123
404 124
403 124
402 125
400 125
399 125
398 126
397 126
396 126
395 126
394 126
393 126
392 125
391 125
390 125
389 125
388 125
387 124
386 124
385 124
384 124
383 123
382 123
381 123
382 124
382 125
382 126
382 127
382 128
381 129
381 130
381 131
381 132
381 133
381 134
380 135
380 136
380 138
380 139
379 140
379 142
379 143
378 145
378 147
378 148
378 150
378 152
377 154
377 156
377 157
377 159
377 161
377 163
376 164
376 166
376 168
376 170
376 172
375 174
375 176
375 178
375 180
374 182
374 184
374 186
374 187
373 189
373 191
373 193
372 195
372 196
372 198
372 200
371 201
371 202
371 203
371 204
370 205
370 206
370 207
370 208
369 208
369 209
370 209
370 208
371 208
372 208
373 208
374 209
375 209
376 209
377 209
378 210
379 210
379 211
380 211
381 212
381 213
382 214
383 215
383 216
384 217
384 218
385 220
385 221
386 223
386 224
387 225
387 227
387 228
387 230
387 231
387 233
387 234
387 236
387 238
386 239
386 241
385 243
385 245
384 246
383 248
382 249
382 250
381 252
379 253
378 254
377 255
375 257
374 258
372 259
370 260
368 261
367 261
365 262
363 263
361 263
359 263
357 264
355 264
353 264
352 264
350 263
348 263
346 262
344 262
342 261
340 260
338 259
337 258
335 257
334 256
333 255
332 254
331 253
330 252
330 251
329 249
328 248
328 247
327 245
326 244
326 242
326 241
326 239
326 237
326 236
325 234
326 233
326 232
326 230
326 229
326 228
326 227
327 226
327 225
328 224
328 223
329 222
329 221
330 220
330 219
330 218
331 218
331 217
330 217
329 217
328 217
327 217
326 217
325 217
324 217
323 218
321 218
320 218
318 218
317 218
315 218
313 218
311 218
309 218
307 218
305 218
303 218
301 218
298 218
296 218
294 218
291 218
289 218
287 218
285 218
283 218
280 218
278 218
276 218
274 218
271 218
269 218
267 218
264 218
262 218
260 218
257 218
255 218
253 218
251 218
249 218
247 218
245 218
244 218
242 217
241 217
239 217
238 217
237 217
236 217
235 216
234 216
233 216
232 216
233 216
233 217
234 217
234 218
235 219
235 220
236 221
237 222
237 223
237 224
237 225
237 226
237 227
237 228
237 229
237 230
236 231
236 232
235 233
235 235
234 236
233 237
232 238
231 240
230 241
228 242
227 243
225 244
224 245
222 246
221 246
219 247
217 247
215 248
213 248
211 248
209 248
207 248
205 248
202 248
200 248
198 247
196 247
194 247
192 246
190 245
188 245
186 244
184 243
183 242
181 240
180 239
179 238
178 236
177 235
177 233
176 232
175 230
175 229
175 227
174 226
174 225
174 223
174 222
174 221
174 219
175 218
175 217
176 215
177 214
177 213
178 212
179 211
180 210
181 209
183 208
184 207
185 207
187 206
188 206
190 205
192 205
193 205
195 204
197 204
198 204
200 204
201 204
202 204
204 204
205 205
206 205
207 205
208 205
209 205
210 206
211 206
211 207
212 207
212 208
212 207
211 206
211 205
211 204
211 203
211 202
211 201
211 200
211 198
211 197
211 195
211 194
211 192
211 190
211 189
211 187
211 185
211 184
211 182
211 180
210 178
210 176
210 174
210 171
210 169
210 167
210 164
210 162
209 160
209 157
209 155
209 152
209 150
209 148
209 145
208 143
208 140
208 138
208 136
208 134
208 131
207 129
207 127
207 125
207 123
207 121
207 120
206 118
206 117
206 116
206 115
206 114
206 113
206 112
206 113
205 113
205 114
204 114
203 114
202 115
200 115
199 116
198 116
197 117
196 117
194 117
193 118
192 118
190 118
189 118
188 118
186 118
185 118
184 117
183 117
182 117
181 116
180 116
179 115
178 115
178 114
177 113
176 113
176 112
175 112
174 111
174 110
174 109
173 108
173 107
173 106
172 105
172 104
172 102
172 101
172 100
172 99
173 98
173 96
173 95
173 94
174 93
174 92
175 90
175 89
176 88
177 87
178 86
179 84
180 83
181 82
182 81
184 79
185 78
187 77
188 76
190 75
192 74
193 74
195 73
196 72
198 72
199 72
201 71
202 71
204 71
205 72
207 72
208 72
210 72
211 73
212 73
214 74
215 74
216 75
216 76
217 77
218 78
218 79
219 80
219 81
219 82
219 83
219 84
219 85
219 86
219 87
219 88
218 89
217 90
218 89
217 90
217 89
218 89
