628
280 115
282 114
283 114
284 114
285 114
286 114
288 114
289 114
290 115
292 114
293 114
295 115
297 115
299 115
300 114
302 114
304 114
306 114
308 114
310 114
312 114
315 114
317 114
319 114
322 114
325 114
328 114
331 114
333 114
336 114
339 114
342 114
345 114
348 115
351 115
354 115
357 115
360 115
363 116
366 116
369 116
372 116
375 117
378 117
381 117
384 117
386 117
389 117
392 117
395 117
398 117
400 117
403 117
405 117
408 118
410 118
412 118
414 118
415 118
417 118
418 119
420 119
421 119
422 119
423 119
422 118
422 117
422 116
422 115
422 114
422 113
423 112
423 111
423 110
423 109
424 108
424 106
425 105
425 104
426 102
427 101
427 100
428 99
429 98
430 97
431 96
432 95
434 94
435 93
437 92
438 92
440 91
441 91
443 90
444 90
446 90
447 90
449 89
451 89
452 90
454 90
456 90
457 90
459 90
461 91
462 92
464 92
465 93
467 94
468 95
470 96
471 97
472 98
474 100
475 101
476 103
478 105
479 107
480 109
481 110
482 112
483 114
484 116
485 118
485 120
486 122
486 125
486 127
486 129
486 132
485 134
485 136
485 138
484 140
483 142
482 144
481 147
479 149
478 150
476 152
474 154
473 155
471 156
469 158
467 158
465 159
463 160
460 160
458 161
456 161
453 161
451 161
449 161
447 160
445 160
443 160
441 159
439 159
437 159
435 158
434 158
432 158
431 157
430 156
429 156
428 156
428 155
427 155
427 154
426 154
426 155
427 155
427 156
427 157
426 157
426 158
426 159
426 160
425 161
425 162
425 163
424 164
424 166
424 167
423 169
423 171
422 172
422 174
422 176
422 177
421 179
421 181
421 183
421 184
420 186
420 188
420 190
420 192
419 194
419 196
419 198
419 199
419 201
418 203
418 205
418 207
418 208
417 210
417 212
417 214
417 216
416 218
416 220
416 222
416 224
415 225
415 227
414 228
414 230
414 231
413 232
413 233
413 234
412 235
412 236
412 237
412 238
411 238
411 239
411 240
411 239
412 239
412 238
413 238
414 238
415 238
416 238
417 239
418 239
420 240
421 241
422 241
424 242
425 243
426 244
428 245
429 246
430 247
431 248
432 249
433 250
434 251
435 252
436 254
437 255
438 257
438 258
438 260
439 262
439 264
439 265
439 267
439 269
439 270
438 272
438 273
437 275
436 276
435 278
434 279
433 281
432 282
430 283
429 284
427 286
425 287
424 288
422 289
420 290
417 290
415 291
413 291
410 292
408 292
405 292
403 292
400 291
398 291
395 291
393 290
391 289
389 288
387 287
385 286
383 284
382 283
381 281
380 280
379 278
378 277
378 275
377 274
376 272
376 270
375 269
375 267
375 265
375 263
374 262
374 260
374 259
374 257
374 256
374 255
374 254
374 253
374 252
373 251
373 250
372 250
371 250
370 250
369 250
367 251
366 251
364 251
362 251
361 251
359 251
357 251
355 251
352 251
350 251
348 251
345 251
342 251
340 251
337 251
335 251
332 250
329 250
327 250
324 250
321 250
318 250
316 250
313 250
310 250
307 250
305 250
302 250
300 250
297 250
295 249
293 249
291 249
289 249
288 248
286 248
285 248
284 248
283 247
282 247
281 247
280 247
279 247
279 248
280 248
280 249
280 250
280 251
280 252
280 253
280 254
280 256
280 257
280 258
280 260
279 261
279 263
279 264
278 266
277 267
276 269
275 270
274 271
273 273
272 274
270 275
269 276
267 277
266 278
264 279
262 280
259 281
257 282
255 282
253 283
250 284
248 284
246 284
244 284
242 284
240 284
238 283
236 283
234 282
232 281
231 280
229 279
228 278
227 277
225 276
224 275
223 274
222 272
221 271
220 270
219 268
218 267
217 265
217 264
216 262
215 260
215 259
214 257
214 255
214 254
214 252
214 251
214 249
214 248
214 246
215 245
215 243
216 242
216 240
217 239
218 238
219 237
220 235
221 234
222 234
223 233
225 232
226 232
228 231
230 231
232 230
234 230
235 230
237 230
239 229
240 229
242 230
243 230
244 230
245 231
247 231
248 231
249 232
250 232
251 233
252 233
253 234
253 233
252 233
252 232
252 231
252 230
252 229
252 228
252 227
252 226
252 225
252 224
253 222
253 221
253 219
253 217
253 215
253 214
253 212
253 210
253 208
253 206
253 204
253 202
253 200
253 198
253 195
253 193
252 191
252 188
252 186
252 184
252 181
252 178
252 176
252 173
252 171
252 168
252 165
252 163
252 161
252 158
252 156
252 154
252 151
252 149
252 147
252 145
252 144
252 142
252 140
252 139
252 138
252 137
252 136
251 136
251 135
251 136
250 137
249 138
248 138
247 139
246 139
245 139
244 140
242 140
241 141
239 141
237 141
236 141
234 141
233 142
231 142
229 142
228 141
227 141
226 141
224 141
223 140
222 140
221 139
220 139
219 138
219 137
218 137
217 136
216 135
215 135
214 134
213 133
212 132
211 131
210 129
210 128
209 126
208 125
207 124
207 122
207 121
206 119
206 118
205 116
205 115
205 113
205 112
205 110
205 108
206 106
206 104
207 102
207 100
208 99
208 97
209 95
210 94
211 92
212 91
214 90
215 89
216 88
218 87
219 86
221 86
222 85
224 85
225 84
227 84
229 84
231 84
233 85
235 85
237 86
238 86
240 86
242 87
243 88
245 88
246 89
248 90
249 91
250 92
252 92
253 93
254 94
255 96
256 97
257 98
257 99
258 101
258 102
259 103
259 105
259 106
259 107
259 109
259 110
259 111
258 112
258 113
258 114
258 115
257 115
257 116
258 116
