584
317 131
322 130
325 130
327 129
330 129
332 128
335 128
338 128
340 127
343 127
346 127
349 127
352 127
354 126
357 126
360 126
363 126
366 126
369 126
372 126
375 126
377 125
380 125
383 125
386 125
389 125
392 125
395 125
398 125
401 125
403 124
406 124
409 124
412 124
415 124
418 124
420 123
423 123
426 123
429 123
432 123
435 123
438 123
440 122
442 123
445 123
448 123
451 122
450 119
448 118
447 116
445 114
444 112
443 110
441 108
440 106
439 104
438 102
437 100
437 97
436 95
436 92
436 89
436 86
437 84
438 81
439 79
440 77
441 75
443 73
444 71
446 69
448 67
450 66
452 64
454 63
456 61
458 60
461 59
464 59
466 58
469 58
472 58
475 58
478 58
480 59
483 59
485 60
488 60
490 61
493 62
495 63
498 64
501 65
504 66
506 67
509 68
511 69
513 70
515 72
517 73
519 74
521 76
523 77
524 79
526 80
527 82
529 84
531 86
532 88
534 90
535 92
536 94
537 97
537 100
538 102
538 105
538 108
537 111
537 114
537 117
537 120
537 123
536 125
535 127
534 129
533 132
532 134
531 136
530 138
529 140
528 142
526 144
525 146
524 148
522 149
520 151
518 152
516 153
514 154
512 155
510 156
508 157
505 158
502 159
499 159
497 160
495 161
492 161
489 161
487 162
484 162
482 163
479 164
477 166
477 169
476 172
476 175
476 178
475 180
475 183
475 186
475 189
475 192
475 195
475 198
475 201
475 204
475 207
475 210
475 213
475 216
475 219
475 222
476 224
476 227
476 230
476 233
476 236
476 239
476 242
475 245
475 248
475 251
475 254
475 257
475 260
474 262
474 265
473 267
473 270
473 273
472 275
472 278
471 281
471 284
470 287
470 290
470 293
469 295
471 296
473 297
475 298
478 298
481 299
484 299
486 300
488 301
490 302
492 303
495 304
497 305
499 306
501 307
503 308
505 309
507 310
509 312
511 314
513 315
515 317
516 319
518 320
519 322
521 324
522 326
524 328
526 330
527 332
528 334
528 337
529 340
529 343
529 346
528 348
527 350
526 352
525 354
524 356
523 358
521 360
520 362
518 364
516 366
514 368
512 370
510 371
508 373
506 374
503 375
500 376
497 376
495 377
493 378
490 378
487 378
484 378
482 377
479 376
476 376
473 376
471 375
468 375
466 373
464 372
461 371
459 370
457 369
455 368
453 367
452 365
450 364
448 362
447 360
445 358
444 356
444 353
443 351
443 348
442 346
443 344
443 341
443 338
444 336
445 333
445 330
446 328
446 325
447 323
448 321
448 318
449 316
449 313
448 311
447 309
445 308
442 308
439 308
437 307
434 307
431 307
428 307
426 308
423 308
420 308
417 308
414 308
411 308
408 308
406 307
403 307
400 307
397 307
394 307
391 307
388 307
385 306
382 306
380 305
377 305
374 305
371 305
368 305
365 305
362 305
359 305
356 305
353 305
350 305
347 304
344 304
342 305
339 305
336 305
333 305
330 305
327 305
325 304
322 304
319 304
316 304
313 304
310 304
307 304
304 304
301 304
298 303
299 305
301 306
303 307
305 308
306 310
308 311
309 313
310 315
311 317
312 319
313 321
314 323
315 325
315 328
316 330
316 333
316 336
316 339
315 341
314 343
313 345
312 347
311 349
310 351
309 353
308 355
307 357
305 358
304 360
302 361
300 362
298 364
296 365
294 366
292 367
290 368
287 368
284 369
281 369
278 369
275 369
273 368
271 367
268 366
265 366
263 365
261 364
259 363
257 362
255 361
253 359
251 357
250 355
248 354
247 352
246 350
244 348
243 346
242 344
240 342
239 340
239 337
238 335
237 333
237 330
236 328
236 325
236 322
236 319
237 317
238 314
239 312
240 310
241 308
242 306
244 305
245 303
247 301
249 300
250 298
252 297
254 296
256 295
258 294
260 293
262 292
265 292
267 291
270 291
272 290
275 289
278 288
280 286
281 284
281 281
281 278
280 276
280 273
280 270
279 268
279 265
279 262
279 259
279 256
279 253
280 251
280 248
280 245
280 242
280 239
281 237
281 234
281 231
281 228
282 226
282 223
282 220
281 218
281 215
281 212
281 209
282 207
282 204
282 201
282 198
282 195
283 193
283 190
283 187
284 185
284 182
284 179
285 177
285 174
285 171
285 168
285 165
285 162
285 159
282 159
280 160
278 161
275 161
272 161
270 160
267 160
264 159
261 159
259 158
257 157
255 156
253 155
251 154
249 153
247 152
245 151
244 149
242 148
240 147
238 145
236 143
234 141
232 139
231 137
229 136
228 134
227 132
226 130
225 128
224 126
223 124
222 122
222 119
221 117
221 114
221 111
221 108
221 105
222 103
223 101
224 99
225 97
226 95
228 93
229 91
231 90
233 88
235 87
236 85
238 84
240 83
242 82
244 81
246 80
248 79
251 79
253 78
256 78
258 77
261 77
264 76
267 76
269 77
272 77
275 78
278 78
280 79
282 80
284 81
286 82
288 83
290 84
292 86
294 88
296 90
297 92
299 94
300 96
301 98
302 100
303 102
304 104
304 107
305 109
305 112
304 114
304 117
304 120
303 122
302 124
301 126
300 128
299 130
298 132
297 134
296 136
298 135
