676
217 97
220 95
222 95
223 95
225 95
227 95
230 95
232 95
234 95
237 95
239 95
242 95
245 95
248 95
251 95
254 95
258 95
261 95
265 95
269 95
273 95
277 95
281 95
285 95
289 95
293 95
297 95
301 95
305 96
309 96
314 96
317 96
321 96
324 96
328 96
331 96
335 97
339 97
342 97
346 97
350 97
353 97
357 97
361 97
364 98
367 98
370 98
372 98
375 99
377 99
379 99
381 100
383 100
385 100
387 100
388 101
389 101
390 101
391 101
391 102
391 101
390 100
390 99
390 98
390 97
390 96
390 95
390 94
390 93
391 92
391 91
391 90
391 89
391 87
391 86
391 84
392 83
392 81
392 79
393 78
393 76
394 75
394 73
395 72
396 71
396 70
397 69
398 67
399 66
400 65
402 64
403 63
404 62
406 61
408 60
409 59
411 58
413 57
415 57
418 56
420 56
422 55
424 55
427 55
429 55
431 55
433 55
436 56
438 56
440 57
442 58
444 59
446 60
448 61
450 62
452 63
454 64
456 66
457 67
459 69
461 70
462 72
464 73
465 75
467 77
468 79
469 81
470 83
470 85
471 87
472 89
472 91
473 93
473 95
473 97
473 99
473 101
473 104
473 106
472 108
472 110
471 112
470 114
469 116
468 118
467 120
466 122
464 124
463 126
461 128
459 129
457 131
455 132
453 133
450 134
448 135
446 135
443 136
441 136
438 137
436 137
433 137
430 137
428 137
425 137
423 137
421 137
418 137
416 136
414 136
413 136
411 136
410 135
408 135
407 135
407 134
406 134
405 134
405 133
405 134
406 134
406 135
406 136
406 137
405 138
405 139
405 140
405 141
405 143
405 144
404 146
404 147
404 149
404 151
404 153
404 154
403 156
403 158
403 159
403 161
403 163
403 165
403 167
402 169
402 172
402 174
401 176
401 178
400 181
400 183
400 185
399 187
399 190
398 192
398 195
397 197
397 199
396 202
396 204
395 206
395 208
394 211
394 213
393 215
393 217
392 220
391 222
391 224
390 226
389 227
388 229
387 230
387 232
386 233
385 235
385 236
384 237
383 238
383 239
382 241
382 242
381 243
381 244
381 245
381 244
382 244
383 244
384 244
385 244
386 244
387 245
388 245
390 246
391 246
393 247
394 247
396 248
397 248
399 249
400 250
402 251
403 252
405 254
406 255
407 257
409 259
410 260
411 262
413 264
414 266
415 268
416 271
417 273
417 275
417 277
418 279
418 281
418 283
418 286
417 288
417 290
416 292
415 294
414 295
412 297
411 299
409 300
408 301
406 303
404 304
402 305
400 306
398 307
396 308
393 309
391 310
388 310
385 311
382 311
380 311
377 311
374 310
372 310
369 309
367 308
364 308
361 307
359 306
356 305
354 303
352 302
349 300
347 299
345 298
343 296
342 295
340 293
339 291
337 290
336 288
335 286
334 283
334 281
333 279
333 277
332 275
332 273
332 271
332 269
332 267
333 265
333 263
333 261
334 260
334 258
335 256
336 255
336 254
337 253
337 252
337 251
338 250
338 249
338 248
338 247
337 247
337 246
336 246
335 247
334 247
333 247
332 247
331 247
330 247
329 247
327 247
326 247
324 247
322 247
320 247
318 246
315 246
313 246
311 246
308 246
306 246
303 246
300 246
298 246
295 245
292 245
289 245
286 245
283 245
280 245
277 245
274 244
271 244
268 244
265 244
262 244
259 244
256 243
253 243
250 243
247 243
245 243
242 242
239 242
236 242
234 242
231 242
228 241
226 241
224 241
222 241
220 241
218 240
217 240
215 240
214 240
213 239
212 239
211 239
210 239
210 238
209 238
210 238
210 239
211 239
212 240
213 241
214 242
214 243
215 244
216 245
217 246
217 247
218 248
218 249
219 251
220 252
220 254
220 255
220 257
221 259
221 261
221 263
220 266
220 268
220 270
219 272
218 274
217 276
216 277
214 279
213 281
211 283
209 285
207 286
205 288
202 289
200 291
198 292
195 293
192 293
189 294
187 294
184 294
181 294
178 294
176 294
173 293
171 293
168 292
165 291
163 289
161 288
158 286
156 285
154 283
152 281
151 280
149 278
148 276
147 274
145 272
144 270
143 268
142 266
142 263
141 261
141 259
140 256
140 254
141 252
141 250
141 248
142 246
143 243
143 241
144 239
145 237
146 235
147 233
149 232
150 230
152 229
154 227
156 226
158 225
160 223
163 222
165 221
167 220
170 219
172 218
174 218
176 217
178 217
180 216
182 216
184 216
186 217
188 217
190 217
191 218
193 218
194 218
195 219
196 219
196 220
197 220
197 221
197 220
197 219
197 218
197 217
197 216
197 215
197 214
197 213
197 212
197 211
197 210
197 209
197 207
197 206
197 204
197 203
197 201
197 199
197 197
197 195
197 193
197 191
197 189
197 187
197 185
197 182
197 180
197 178
197 176
197 173
197 171
197 168
197 166
197 163
197 161
197 158
197 156
196 153
196 151
196 149
196 146
196 143
196 141
196 139
196 136
196 134
196 132
196 130
196 128
196 126
196 123
196 122
196 120
196 118
196 117
196 115
196 114
196 113
196 112
195 112
195 111
195 112
194 112
193 113
192 113
191 114
190 114
188 114
187 114
186 115
184 115
182 116
180 116
178 116
176 117
174 117
172 117
170 117
168 117
166 117
164 117
162 117
161 116
159 116
158 115
156 115
155 114
154 113
153 112
152 111
152 110
151 109
150 107
150 106
149 104
149 102
148 101
148 99
148 97
148 95
148 94
148 92
148 90
148 88
149 87
149 85
150 83
150 80
151 78
152 76
153 75
154 73
155 71
156 69
158 68
159 66
161 65
162 64
164 62
166 61
168 60
169 59
171 59
173 58
175 57
177 57
179 56
181 56
183 56
185 56
187 56
189 56
191 56
193 56
194 57
196 57
197 58
199 59
200 60
201 61
202 62
203 64
205 65
206 66
207 67
208 69
209 70
209 72
210 73
211 75
211 76
211 78
211 79
211 81
211 83
211 84
211 85
211 86
211 88
210 89
210 90
209 91
