841
220 115
223 116
224 116
225 116
227 116
228 116
230 116
231 116
233 115
235 115
238 115
240 115
242 115
244 115
246 115
249 115
251 115
253 115
255 114
258 114
260 114
262 114
265 114
267 114
269 114
272 114
275 114
278 114
280 114
283 114
286 114
289 114
292 114
295 114
297 114
300 114
303 114
306 114
309 114
313 114
316 114
320 114
323 114
326 114
330 114
333 114
336 115
339 115
341 115
344 115
346 116
349 116
351 116
352 116
354 116
355 116
356 116
357 117
358 117
359 117
359 116
359 115
359 114
359 113
359 112
359 111
360 111
360 110
360 109
360 108
360 107
360 105
360 104
361 103
361 102
361 100
361 99
362 98
362 96
363 95
363 94
364 93
364 92
365 91
365 90
366 88
367 87
368 86
368 85
369 83
370 82
371 81
372 79
373 78
374 77
375 76
376 75
377 74
379 73
380 73
381 72
382 71
384 71
385 71
386 70
388 70
389 70
391 70
392 70
393 70
394 70
396 70
397 70
398 70
399 71
401 71
402 72
404 72
405 73
407 73
409 74
410 74
412 75
414 76
415 77
417 78
418 79
420 80
421 81
423 83
424 84
426 85
427 87
428 88
430 89
431 90
432 91
434 93
435 94
436 95
437 97
438 98
439 100
440 102
440 103
441 105
442 107
442 108
443 110
443 111
443 113
444 115
444 116
444 118
444 119
444 121
444 123
444 125
444 127
444 129
444 130
444 132
443 133
443 134
443 136
442 137
442 138
441 139
441 140
440 141
439 143
439 144
438 145
437 146
436 147
435 148
433 149
432 150
431 151
430 152
429 152
427 153
426 153
425 154
424 154
423 155
421 155
420 155
418 156
417 156
415 156
414 156
412 156
411 156
409 156
407 156
406 156
404 156
403 155
401 155
400 155
398 155
397 154
395 154
394 153
393 153
391 153
390 152
389 152
388 151
387 150
386 150
385 149
384 149
383 148
382 148
382 147
381 147
381 146
380 146
380 145
380 146
380 147
380 148
380 149
380 150
380 151
380 152
380 153
380 154
380 155
380 156
380 157
380 158
380 159
380 160
380 161
380 162
380 164
380 165
380 167
380 168
380 170
380 171
380 173
380 175
380 176
380 178
380 179
380 181
380 182
380 184
381 185
381 187
381 189
380 191
380 193
380 195
380 197
380 199
380 200
380 202
380 204
381 206
380 208
380 209
380 211
380 213
380 216
380 218
380 220
380 221
380 223
380 225
380 227
380 228
380 230
380 231
380 233
380 235
379 237
379 238
379 240
379 241
378 243
378 244
378 246
378 247
378 248
378 249
378 250
379 250
378 250
379 250
380 250
381 250
381 249
382 249
383 249
384 249
385 250
386 250
387 250
388 250
389 250
390 250
391 250
392 251
393 251
394 252
395 252
396 253
397 254
397 255
398 255
399 256
400 257
400 258
401 259
402 260
403 261
404 262
404 263
405 265
406 266
406 267
407 268
407 269
408 271
409 272
409 273
410 274
410 276
411 277
411 278
412 280
412 281
412 283
412 285
413 286
413 288
413 290
413 291
413 293
413 295
413 296
413 298
412 299
412 301
411 302
411 304
410 306
410 308
409 309
408 311
408 313
407 314
406 315
405 316
404 317
403 318
402 319
401 320
400 321
399 321
397 322
396 322
395 323
394 323
393 323
392 324
391 324
390 324
389 324
388 324
387 323
386 323
385 323
384 323
383 323
382 322
381 322
380 321
379 320
378 320
377 319
376 319
375 318
374 318
372 318
371 317
370 317
369 316
367 315
366 315
365 314
364 313
363 312
362 311
361 310
360 309
359 308
358 307
357 306
356 305
356 304
355 303
355 302
354 301
354 300
354 299
354 298
354 297
354 296
354 295
354 294
354 293
354 291
354 290
354 289
354 288
354 286
354 285
354 284
354 283
354 281
355 280
355 279
355 278
355 277
355 276
356 275
356 274
356 273
355 273
354 273
353 273
352 273
351 274
350 274
349 274
347 274
346 274
344 274
342 274
340 274
338 274
337 274
335 274
333 274
331 274
329 274
326 274
324 274
322 274
319 274
317 274
314 274
312 274
309 274
307 274
304 274
301 274
298 274
295 274
292 273
288 273
285 273
282 273
278 273
275 273
271 273
268 273
265 273
262 273
259 273
256 273
253 273
251 273
248 273
246 273
244 273
242 273
241 273
239 273
238 273
237 272
236 272
235 272
234 272
233 272
234 272
235 272
236 273
237 273
237 274
238 274
238 275
239 276
239 277
240 278
240 279
241 280
241 281
241 282
242 283
242 284
242 286
242 287
243 288
243 289
243 291
243 292
244 293
244 294
244 295
244 296
244 298
244 299
243 300
243 301
243 303
243 304
242 305
242 307
241 308
241 310
240 311
239 313
239 314
237 315
236 316
235 317
233 318
232 319
230 320
229 321
227 322
225 323
224 324
222 324
221 325
219 325
217 326
215 326
214 326
212 326
210 326
208 326
206 326
204 326
203 326
201 325
199 325
198 325
196 324
195 324
193 323
192 322
190 321
189 320
187 320
186 319
184 318
183 317
182 317
180 316
179 315
178 314
177 313
176 312
176 311
175 310
174 308
173 307
173 306
172 305
172 303
171 302
171 301
170 300
170 299
170 297
169 296
169 295
169 294
169 292
169 291
169 290
169 288
170 287
170 285
170 284
170 282
171 281
171 280
172 279
172 278
173 276
174 276
174 275
175 274
176 274
177 273
178 272
179 272
180 272
181 272
182 271
183 271
184 271
185 271
186 270
187 270
189 270
191 270
192 270
193 270
194 270
195 270
195 269
195 270
195 269
195 268
195 267
195 266
195 265
195 264
195 263
195 261
196 260
196 259
196 258
196 257
196 255
196 254
196 253
196 251
196 250
196 248
196 247
197 245
197 243
197 241
197 239
197 237
197 235
197 233
197 231
197 228
197 226
197 224
197 222
197 220
197 217
197 215
197 213
196 210
196 208
196 206
196 203
196 201
196 199
196 196
196 194
196 191
196 189
196 187
196 184
196 182
197 180
197 178
197 176
197 174
197 172
197 170
197 168
197 166
197 165
197 163
197 162
197 161
197 159
197 158
197 157
197 156
197 155
197 154
196 153
196 152
196 151
196 150
196 149
196 148
196 149
195 149
195 150
194 150
194 151
193 151
193 152
192 152
191 153
190 153
189 154
188 154
187 154
186 155
184 155
183 156
182 156
180 156
179 157
178 157
177 157
176 157
175 157
174 157
173 157
172 156
171 156
170 155
169 154
168 153
167 153
166 152
166 151
165 150
164 149
163 148
162 146
162 145
161 144
161 143
160 142
160 141
159 139
159 138
158 137
158 136
158 134
158 133
157 131
157 130
157 128
157 126
157 124
157 123
156 121
156 119
156 117
156 116
156 114
157 113
157 111
157 109
157 108
157 106
158 104
158 102
159 101
159 99
160 98
161 96
162 95
162 94
163 92
165 92
166 91
167 90
168 89
169 89
170 88
171 87
172 87
173 86
174 86
175 85
177 84
178 84
180 83
182 83
183 83
185 82
186 82
188 82
190 82
191 82
193 82
194 82
195 82
197 82
198 82
199 83
200 83
202 84
203 84
204 85
205 85
206 86
207 86
208 87
209 88
210 88
211 89
212 89
212 90
213 90
213 91
214 92
214 93
214 94
215 95
215 96
215 97
215 98
215 99
215 100
215 101
215 102
215 103
215 105
215 106
215 107
215 108
215 109
215 110
214 111
214 112
214 113
214 114
213 114
213 115
213 116
213 115
213 116
213 115
214 115
214 114
215 114
216 114
