1016
195 104
198 105
199 106
200 106
201 106
202 106
203 106
204 106
206 107
207 107
209 107
210 107
212 107
214 107
215 108
217 108
219 108
220 108
222 108
223 108
225 108
227 109
228 109
230 109
231 109
233 109
235 109
237 109
239 110
240 110
242 110
244 110
245 110
247 110
248 110
250 110
252 111
254 111
256 111
258 111
259 111
261 111
263 111
265 111
267 111
269 110
271 110
273 111
276 111
278 111
280 111
282 111
285 111
287 111
289 111
292 111
294 111
297 111
300 111
302 111
305 111
308 111
311 111
313 111
316 111
319 111
321 111
324 111
326 111
328 111
331 111
333 111
335 111
337 111
339 111
341 111
342 111
344 111
345 111
346 111
347 111
348 111
348 110
347 110
347 109
347 108
347 107
346 106
346 105
346 104
346 103
346 102
346 101
346 100
346 99
346 98
346 97
346 96
346 95
346 94
346 93
347 92
347 91
347 90
348 89
348 88
349 87
350 86
350 85
351 85
351 84
352 83
352 82
353 82
354 81
354 80
355 80
356 79
356 78
357 78
358 77
359 76
360 76
361 75
362 75
363 75
364 74
366 74
367 74
368 73
370 73
371 73
373 73
374 72
375 72
377 72
378 72
379 72
381 72
382 72
384 71
386 71
387 71
389 71
391 72
392 72
394 72
395 72
397 72
398 72
400 73
401 73
403 73
404 74
405 74
406 75
408 75
409 76
410 77
412 78
413 78
414 79
416 80
417 81
418 82
419 83
420 84
421 86
422 87
423 88
424 88
424 89
425 90
426 91
426 92
427 93
428 94
428 95
428 96
428 97
429 98
429 99
429 101
429 102
429 103
429 104
429 106
429 107
429 108
429 109
429 110
429 111
428 112
428 113
428 114
427 115
427 116
426 117
426 118
425 119
425 120
424 121
424 122
423 123
423 124
422 126
422 127
421 128
420 129
420 130
419 131
418 132
417 133
416 133
415 134
414 135
413 135
412 136
411 136
410 136
408 137
407 137
406 138
405 138
404 138
403 139
402 139
401 139
400 139
399 140
397 140
396 140
395 140
393 140
392 140
390 140
388 140
387 140
385 140
384 140
383 140
381 140
380 140
379 139
378 139
377 138
376 138
375 137
374 137
373 137
373 136
372 136
371 136
370 136
369 136
369 135
369 136
369 137
369 138
369 139
369 140
369 141
369 142
369 143
369 144
369 145
369 146
369 147
369 148
369 150
368 151
368 152
368 153
368 155
368 156
368 157
368 158
368 159
368 161
368 162
368 163
368 164
367 165
367 167
367 168
367 169
367 171
367 172
367 174
367 175
366 177
366 178
366 179
366 181
366 182
366 183
365 184
365 185
365 186
365 187
365 188
365 190
364 191
364 192
364 193
364 195
364 196
364 197
363 198
363 199
363 201
363 202
363 203
362 204
362 205
362 207
362 208
362 209
362 210
361 211
361 213
361 214
361 215
361 217
361 218
361 220
361 221
360 223
360 224
360 225
360 227
360 228
359 229
359 230
359 232
359 233
359 234
359 236
359 237
359 238
358 239
358 241
358 242
358 243
358 244
358 245
358 246
358 247
357 247
358 247
359 247
359 246
360 246
361 246
362 246
363 246
363 247
364 247
365 247
366 247
367 247
368 248
369 248
370 248
371 249
372 249
373 250
374 250
375 251
376 251
376 252
377 252
378 253
379 254
379 255
380 255
381 256
381 257
382 258
383 259
384 260
384 261
385 262
385 263
386 264
386 266
387 267
387 268
388 269
388 270
389 271
390 272
390 273
390 274
391 275
391 276
392 278
392 279
392 281
392 282
392 283
392 285
393 286
393 288
393 289
393 291
392 292
392 293
392 295
392 296
391 297
391 298
390 299
390 301
389 302
388 303
388 304
387 306
386 307
385 308
385 310
384 311
383 312
382 313
381 314
381 315
380 315
379 316
378 317
377 317
376 318
375 318
374 318
373 318
371 318
370 318
369 318
367 318
366 318
365 318
363 318
362 318
360 318
359 318
358 318
356 318
355 318
353 318
351 318
350 318
349 318
347 318
346 317
344 317
343 316
341 316
340 315
339 315
337 314
336 314
335 313
334 312
333 311
331 311
330 310
329 309
328 308
327 307
326 306
324 305
323 304
322 303
321 302
320 301
319 300
318 299
317 298
317 297
316 296
316 295
315 294
315 293
315 292
315 291
314 291
314 290
314 289
314 288
314 287
315 286
315 285
315 284
315 283
315 282
316 281
316 280
316 279
316 278
317 278
317 277
317 276
318 275
318 274
318 273
319 273
319 272
320 271
321 270
322 269
323 269
323 268
324 268
323 268
324 268
323 268
322 268
321 268
320 268
319 268
318 268
317 268
316 268
315 268
314 268
313 268
312 268
311 268
309 267
308 267
306 267
304 267
303 267
301 267
299 267
298 266
296 266
294 266
292 266
291 266
289 265
287 265
286 265
284 265
282 265
280 265
278 265
276 264
274 264
272 264
270 264
268 264
266 264
264 264
262 264
260 264
258 264
257 264
255 264
253 264
251 264
249 264
248 264
246 264
244 264
243 264
241 264
240 264
238 263
237 263
236 263
234 263
233 263
231 263
230 263
229 263
227 262
226 262
225 262
224 262
223 262
222 262
221 262
220 262
219 262
219 261
218 261
217 261
216 261
217 261
217 262
218 262
218 263
218 264
218 265
218 266
219 267
219 268
219 269
219 270
219 271
219 272
219 273
219 274
219 275
219 276
219 277
219 278
219 279
219 280
219 281
219 282
219 284
219 285
219 286
219 288
219 289
219 291
218 292
218 293
218 294
217 295
217 296
217 297
216 298
215 299
215 300
214 301
213 302
212 303
211 304
210 305
209 306
208 306
207 307
206 308
205 309
204 309
203 310
201 310
200 311
199 311
198 312
197 312
195 312
194 312
193 312
191 313
190 313
188 313
187 312
185 312
184 312
182 312
181 311
180 311
179 311
177 310
176 310
175 309
174 308
173 308
172 307
171 306
170 306
169 305
168 304
167 303
166 303
165 302
164 301
163 301
162 300
161 299
160 298
159 298
159 297
158 296
157 296
157 295
156 294
155 293
155 292
154 292
154 291
154 290
153 289
153 288
152 287
152 286
152 285
151 284
151 283
151 281
151 280
151 279
150 278
150 277
150 276
150 275
150 274
150 273
150 272
150 271
150 270
150 269
151 269
151 268
151 267
151 266
152 265
152 264
153 263
153 262
154 262
154 261
155 261
156 261
156 260
157 260
157 259
158 259
159 258
160 258
161 257
162 257
163 257
164 256
165 256
166 256
167 256
168 256
169 256
170 256
171 255
172 255
173 255
174 255
175 255
176 255
177 255
178 255
179 255
180 256
181 256
182 256
183 256
184 256
185 256
186 256
187 256
187 257
188 257
187 257
187 256
187 255
186 255
186 254
186 253
186 252
186 251
187 250
187 249
187 248
187 247
187 246
187 245
187 244
187 243
187 241
187 240
186 239
186 237
186 236
186 234
186 233
186 232
185 230
185 229
185 228
185 227
185 225
185 224
184 222
184 221
184 219
184 217
183 216
183 214
183 212
182 210
182 208
182 207
182 205
181 204
181 202
181 200
180 199
180 197
180 195
179 193
179 191
179 189
178 188
178 186
178 184
178 182
177 181
177 179
177 177
176 175
176 173
176 171
175 169
175 167
174 165
174 163
174 161
174 160
174 158
173 156
173 155
173 153
173 151
172 149
172 148
172 146
172 144
171 143
171 141
171 140
171 139
170 137
170 136
170 135
169 134
169 133
169 132
169 131
169 130
169 129
168 128
168 127
168 126
167 127
167 128
166 128
166 129
165 129
165 130
164 130
164 131
163 131
163 132
162 132
161 133
161 134
160 134
159 135
158 135
157 136
156 136
155 137
154 137
153 138
152 138
152 139
151 139
150 139
149 140
148 140
147 140
146 140
145 140
144 140
143 140
142 140
141 140
140 140
139 140
138 140
137 140
136 140
136 139
135 139
134 139
134 138
133 138
132 137
131 136
130 136
130 135
129 134
128 134
128 133
127 132
127 131
126 130
126 128
125 127
125 126
124 124
124 123
124 122
124 120
123 119
123 117
123 116
123 115
123 114
123 112
123 111
123 110
124 108
124 107
124 105
125 103
125 102
126 100
126 99
127 97
127 95
127 94
128 93
128 91
129 90
130 89
130 88
131 87
132 86
132 84
133 83
134 81
135 80
136 79
137 77
138 76
140 75
141 74
142 73
143 72
145 72
146 71
147 70
148 70
149 69
150 69
151 68
152 68
153 68
154 67
155 67
157 67
158 67
159 67
160 67
161 67
162 67
163 67
164 67
165 67
166 67
167 67
168 67
169 67
170 68
171 68
172 68
173 68
174 68
175 69
176 69
177 69
178 70
179 70
180 71
182 71
183 72
184 72
185 73
186 73
187 74
188 75
189 75
190 76
191 77
192 77
193 78
193 79
194 80
194 81
195 82
195 83
196 84
196 85
196 86
196 87
196 88
196 89
196 90
196 91
196 92
196 93
196 94
195 95
195 96
195 97
194 97
194 98
194 99
193 100
193 101
192 101
192 102
192 103
191 103
192 103
