635
258 121
261 121
263 121
264 121
265 121
266 121
268 121
269 121
271 121
273 121
275 121
277 121
279 121
282 121
284 121
287 120
289 120
292 120
294 120
297 120
300 120
303 120
306 120
308 120
311 120
314 120
318 120
321 120
324 120
327 120
329 121
332 121
335 121
338 121
340 122
343 122
345 122
348 123
350 123
353 124
355 124
357 125
359 125
361 125
362 126
364 126
365 127
366 127
367 127
368 128
369 128
369 127
369 126
369 125
369 124
368 124
368 123
368 122
368 121
368 120
367 119
367 118
367 117
367 116
367 115
367 114
368 113
368 112
368 111
368 109
368 108
369 107
369 105
369 104
370 102
370 101
371 99
372 97
373 96
374 94
375 93
376 92
377 91
378 90
379 89
380 88
382 88
383 87
385 86
387 86
389 85
391 84
393 84
396 84
398 84
400 84
402 84
405 84
407 84
410 85
412 85
415 86
417 87
420 88
422 88
424 89
426 90
428 91
430 92
432 94
434 95
435 96
437 98
439 100
440 101
442 103
443 105
444 107
445 109
446 111
447 113
447 115
448 117
448 119
449 121
449 123
449 125
450 127
450 129
449 131
449 133
449 135
448 137
447 138
447 140
446 141
445 143
444 145
443 146
442 148
441 149
440 151
438 152
437 153
435 154
433 155
431 156
429 157
426 158
424 158
422 158
419 159
417 159
414 159
412 159
409 159
407 159
404 159
402 159
399 159
397 159
396 159
394 159
392 159
391 159
390 159
389 159
388 159
387 159
387 160
387 161
386 162
386 163
386 164
385 165
385 166
385 168
384 169
384 171
384 172
383 174
383 176
383 178
382 180
382 182
382 183
381 185
381 187
381 190
381 192
381 194
380 196
380 198
380 201
379 203
379 205
378 207
378 209
378 211
377 213
377 215
376 218
376 220
376 222
375 223
375 225
375 227
374 228
374 229
374 231
373 232
373 233
373 234
372 235
372 236
372 237
372 238
371 238
371 239
371 240
372 240
372 239
373 238
374 238
375 237
376 237
377 237
378 237
380 237
381 237
383 238
385 238
386 239
388 239
390 240
393 241
395 242
397 243
399 244
401 245
402 246
404 247
406 248
407 250
408 251
410 252
411 253
412 255
413 257
413 259
414 260
415 262
415 264
415 266
416 268
416 269
416 271
416 273
415 274
415 276
414 277
414 279
413 280
412 282
411 283
409 285
408 286
406 288
405 289
403 291
401 292
399 293
397 294
394 295
392 296
389 296
386 297
384 297
381 298
378 298
376 298
373 299
370 298
367 298
364 298
362 297
359 297
357 296
354 296
352 295
350 294
348 293
346 292
345 291
343 290
341 288
340 287
338 285
337 283
336 282
335 280
335 278
334 276
333 275
333 273
333 272
332 270
332 268
332 267
332 265
332 264
332 262
333 261
333 259
333 258
333 257
333 256
334 255
334 254
334 253
333 253
332 253
331 253
330 253
329 253
328 253
327 253
325 253
323 253
321 253
319 253
317 253
315 253
312 253
310 253
308 253
306 253
303 253
301 253
298 252
296 252
293 252
291 252
288 252
285 252
283 251
280 251
278 251
275 251
273 251
270 251
268 251
266 250
264 250
261 250
259 250
257 250
255 250
253 250
252 250
250 250
249 250
247 250
246 250
245 249
244 249
243 249
242 249
241 249
240 249
240 248
240 249
241 249
241 250
242 250
242 251
243 252
243 253
244 254
244 255
244 256
245 257
245 258
246 260
246 261
246 263
246 264
246 266
246 268
246 269
246 271
245 273
245 274
244 276
243 278
242 280
241 281
240 283
238 285
237 287
235 288
233 290
230 291
228 292
226 293
223 294
220 295
218 296
215 297
212 297
210 297
207 297
204 297
202 297
199 297
197 297
194 296
192 296
189 295
187 294
185 294
182 293
180 292
178 291
176 290
174 288
173 287
171 285
170 283
168 282
167 280
166 278
165 276
164 275
163 273
163 271
163 269
163 267
163 265
163 263
164 261
164 259
165 257
166 255
167 253
168 252
169 250
170 249
171 247
173 246
174 245
176 243
177 242
179 241
182 240
184 239
186 238
189 237
191 236
193 235
196 235
197 235
199 234
201 234
203 235
204 235
206 235
207 235
208 236
210 236
211 237
212 237
213 238
214 238
214 239
214 238
214 237
214 236
214 235
214 234
214 233
214 232
214 231
214 230
214 229
214 228
213 227
213 226
213 224
213 223
213 221
213 219
214 217
214 215
214 212
214 210
214 208
214 206
215 203
215 201
215 198
215 196
215 193
215 191
215 188
215 186
215 183
215 181
215 178
215 176
215 174
215 171
215 169
214 166
214 164
214 162
214 160
214 158
214 157
214 155
214 154
214 152
214 151
214 150
214 149
214 148
214 147
214 146
214 147
213 147
213 148
212 149
212 150
211 150
210 151
209 152
208 153
207 154
206 155
204 155
202 156
200 157
198 157
196 158
194 158
192 158
190 159
188 159
186 159
184 159
182 159
180 159
179 159
177 159
175 158
174 158
173 158
172 157
170 156
169 156
168 155
167 154
166 152
164 151
163 150
162 148
161 147
161 145
160 143
159 142
159 140
158 139
158 137
158 135
157 133
157 131
157 130
158 127
158 125
158 123
159 121
159 118
160 116
161 114
162 112
163 110
164 108
165 106
167 104
168 102
170 100
172 99
173 97
175 95
177 94
179 93
181 92
184 91
186 91
188 90
190 90
193 90
195 90
197 90
199 90
200 90
202 91
204 92
205 92
206 93
208 94
209 95
211 97
212 98
214 99
215 100
216 101
217 103
218 104
218 105
219 107
220 108
220 109
221 110
221 111
222 112
222 113
223 113
223 114
223 115
224 116
224 117
224 118
224 119
223 119
