564
289 102
293 102
296 102
299 102
302 102
305 102
308 102
311 102
314 101
317 101
319 102
322 102
325 102
328 102
331 102
334 102
337 102
340 102
343 102
346 102
349 102
352 102
355 102
358 102
360 101
362 102
366 101
369 101
373 101
376 101
379 101
382 101
385 101
388 101
391 101
394 101
397 101
400 101
403 101
406 101
409 101
412 101
415 101
418 101
421 101
424 101
427 101
430 101
433 101
436 101
438 100
438 97
439 95
438 93
439 90
439 87
439 84
440 82
440 79
441 77
442 75
443 73
445 71
446 69
447 67
449 66
451 64
453 63
454 61
456 60
459 60
461 59
464 59
466 58
469 58
472 58
475 58
478 58
480 59
483 59
486 59
489 60
492 60
494 61
496 62
499 63
503 64
505 65
507 66
509 67
511 68
513 69
514 71
516 72
518 74
520 76
521 78
523 80
524 82
525 84
526 86
527 88
528 90
528 93
529 95
529 98
529 101
530 103
530 106
529 109
529 112
528 115
527 118
526 120
525 122
524 124
523 126
522 128
520 130
519 132
518 134
516 135
514 137
512 139
510 141
508 142
506 144
504 145
502 146
499 146
497 147
495 148
492 148
489 148
487 149
484 149
481 149
478 149
475 148
472 148
470 149
469 151
470 153
470 156
471 158
471 161
471 164
470 166
470 169
470 172
470 175
470 178
470 181
470 184
470 187
470 190
470 193
470 196
470 199
470 202
470 205
469 207
469 210
469 213
468 215
468 218
468 221
468 224
468 227
468 230
468 233
467 235
467 238
467 241
467 244
466 246
466 249
466 252
466 255
466 258
466 261
466 264
466 267
466 270
466 273
466 276
466 279
466 282
466 285
467 288
470 288
473 288
475 289
478 289
481 289
484 289
486 290
489 291
491 292
494 293
497 293
499 294
501 295
503 296
505 297
507 299
509 300
511 302
513 304
514 306
516 308
518 310
519 312
520 314
521 316
522 318
522 321
523 323
523 326
523 329
523 332
523 335
523 338
522 340
522 343
521 345
520 347
519 349
518 351
517 353
515 354
514 356
512 357
511 359
509 360
507 361
505 362
503 363
500 364
497 365
494 365
492 366
490 367
487 367
485 368
482 368
479 368
476 368
473 368
470 368
467 368
465 367
462 367
460 366
458 365
455 364
453 363
450 363
448 362
447 360
444 359
442 358
440 357
438 356
436 354
434 352
433 350
431 349
430 347
429 345
427 343
426 341
425 338
425 335
424 333
424 330
424 327
423 325
423 322
423 319
423 316
423 313
422 311
420 310
417 310
414 310
411 310
408 310
405 310
402 310
399 310
396 310
393 310
390 310
387 310
384 310
381 310
378 310
375 310
372 310
369 310
366 310
363 311
360 311
357 311
354 311
351 311
348 311
345 311
342 311
339 311
336 311
333 311
330 311
327 311
324 310
321 310
318 310
315 310
312 310
309 310
306 310
303 310
300 310
297 310
294 310
291 310
290 312
291 314
292 316
292 319
292 322
292 325
292 328
292 331
292 334
291 336
290 339
289 342
288 344
287 346
286 348
284 350
283 352
281 354
280 356
278 358
276 360
274 361
272 362
270 363
268 364
265 365
262 365
260 366
257 366
255 367
252 367
250 368
247 368
244 368
241 368
238 368
235 368
232 368
230 367
227 367
224 367
222 366
219 366
217 365
215 364
212 363
210 362
208 361
206 360
203 359
201 358
200 356
198 354
197 352
196 350
195 348
194 346
193 344
192 342
192 339
191 337
191 334
191 331
191 328
191 325
191 322
192 319
192 316
193 313
194 310
195 307
196 305
197 302
198 299
199 297
200 295
201 293
202 291
203 289
205 287
207 285
209 284
210 282
212 281
214 280
216 279
218 278
220 277
222 276
224 275
226 274
228 273
230 272
232 271
235 270
238 269
241 269
244 269
246 268
249 268
252 268
255 268
257 267
258 265
259 263
260 261
260 258
260 255
260 252
259 249
259 246
259 243
259 240
258 238
258 235
258 232
258 229
258 226
258 223
259 220
259 217
259 214
259 211
259 208
260 206
260 203
261 201
261 198
261 195
262 193
262 190
263 188
263 185
263 182
264 180
264 177
265 175
265 172
265 169
266 167
266 164
266 161
267 159
267 156
267 153
267 150
267 147
267 144
267 141
268 139
268 136
268 133
267 131
265 130
262 130
259 130
256 130
253 130
251 129
248 129
245 128
242 127
239 127
237 126
235 125
232 124
230 123
227 122
225 121
223 119
221 118
220 116
218 114
217 112
216 110
215 108
214 106
213 104
212 102
211 100
211 97
210 95
210 92
210 89
210 86
211 84
211 81
212 79
213 77
214 74
215 72
216 70
217 68
218 66
220 64
222 63
223 61
225 60
227 59
229 58
231 57
234 56
237 55
240 55
242 54
245 54
248 54
250 53
253 53
256 53
259 53
262 53
266 54
269 54
271 55
273 56
276 57
278 58
280 59
282 61
283 63
285 65
286 67
287 69
288 71
289 73
289 76
290 78
291 80
291 84
292 87
292 90
292 93
292 96
292 99
292 102
292 103
