593
300 109
306 107
309 107
312 107
315 107
318 107
321 107
324 107
327 107
330 107
333 106
336 106
339 107
342 107
345 107
347 106
350 106
353 106
356 106
359 106
362 106
364 107
367 107
370 107
373 107
376 107
379 107
382 107
385 107
388 108
391 108
394 108
397 108
400 108
403 108
406 108
409 108
411 107
414 107
417 107
420 107
423 107
425 108
428 108
431 108
434 108
437 108
439 109
442 109
444 110
447 110
448 108
448 105
447 103
446 101
446 98
446 95
446 92
446 89
446 86
446 83
446 80
447 78
448 76
449 73
450 71
451 69
452 67
454 65
455 63
457 62
458 60
460 59
462 58
464 57
466 56
468 55
470 54
472 53
475 53
478 53
481 53
484 53
487 53
490 53
492 54
495 54
497 55
500 56
502 57
505 58
507 59
510 60
512 61
514 63
516 65
518 66
520 68
522 69
523 71
525 72
526 74
527 76
528 78
529 80
530 82
531 84
532 87
532 90
533 92
533 95
533 98
533 101
533 104
533 107
532 109
531 112
530 114
529 117
528 119
527 121
526 123
524 124
523 126
521 127
519 129
517 130
515 131
513 132
511 133
509 134
507 135
504 135
502 136
499 136
496 136
494 137
491 137
489 138
486 138
483 138
480 138
477 138
474 138
471 138
469 139
467 140
466 142
466 145
466 148
465 150
464 153
464 156
463 158
462 160
461 162
460 164
459 167
459 170
458 172
458 175
457 177
456 180
456 183
455 185
455 188
454 190
453 192
453 195
453 198
452 200
452 203
451 205
451 208
450 210
450 213
449 215
449 218
448 220
448 223
447 225
447 228
446 230
446 233
445 236
445 239
445 242
444 244
444 247
444 250
443 252
443 255
442 257
442 260
442 263
442 266
442 269
442 272
442 275
442 278
441 280
441 283
441 286
441 289
440 291
442 290
444 289
447 289
449 288
452 288
454 287
457 287
459 286
462 287
465 287
467 288
470 288
472 289
475 289
478 290
480 291
482 292
485 293
488 294
490 296
492 297
494 298
496 299
498 300
500 302
502 304
505 305
507 307
509 309
511 311
513 313
514 315
515 317
516 319
517 321
517 324
517 327
518 329
518 332
517 334
517 337
516 339
516 342
515 344
514 346
513 348
512 350
511 352
509 354
508 356
507 358
505 359
504 361
502 362
500 364
498 366
496 367
494 369
492 370
490 371
488 372
486 373
484 374
481 375
478 375
475 376
472 376
469 376
467 377
464 377
461 376
458 376
454 376
451 376
449 375
446 375
444 374
441 373
439 372
437 371
435 370
433 369
431 368
429 366
427 365
426 363
424 362
423 360
421 359
420 357
419 355
418 353
417 351
416 349
415 347
414 345
413 343
412 340
411 338
410 335
409 333
409 330
408 328
407 326
406 323
405 321
404 319
401 319
399 320
396 320
393 320
391 321
388 321
385 321
382 320
379 320
376 320
373 320
370 320
368 319
364 319
360 319
357 319
354 319
352 318
349 318
346 318
343 318
340 317
337 317
334 317
331 317
329 316
326 316
323 316
320 316
316 316
312 316
308 316
305 316
302 316
299 316
296 316
292 316
289 316
286 316
283 316
280 316
277 316
274 316
272 315
269 315
270 318
271 321
271 324
272 326
272 329
273 332
273 335
273 338
273 341
272 343
272 346
271 349
270 352
269 355
268 357
267 359
266 361
264 362
262 363
260 364
258 365
256 366
254 367
252 368
249 368
246 369
243 369
240 369
237 368
234 368
230 368
227 367
224 367
221 366
219 365
216 364
213 363
210 362
208 361
206 360
204 359
202 358
200 357
199 355
197 354
196 352
194 350
193 348
192 346
191 344
190 341
190 338
189 336
189 333
189 330
188 327
188 324
188 321
189 319
189 316
189 313
190 311
190 308
191 306
192 304
193 301
194 299
195 297
196 295
198 293
199 291
201 289
202 287
204 286
206 284
208 283
210 281
212 280
214 279
216 278
218 277
220 276
223 276
225 275
228 275
231 275
234 275
237 276
240 276
243 277
246 277
248 275
248 272
248 269
249 267
249 264
249 261
249 258
249 255
249 252
249 248
249 245
249 242
249 239
248 237
248 234
248 231
248 228
248 225
248 222
248 219
248 216
248 213
248 210
248 206
248 203
248 200
248 197
248 193
248 190
248 187
248 184
248 181
248 178
249 174
249 170
250 166
250 163
250 159
251 157
251 154
251 150
252 147
252 144
252 140
253 138
253 135
253 132
252 130
250 129
249 131
247 132
245 133
242 133
238 133
236 132
233 132
229 132
226 131
223 131
221 130
218 129
215 129
213 127
210 126
208 125
206 124
203 122
201 120
199 118
197 116
195 114
194 112
192 110
191 107
190 105
189 103
188 100
188 97
188 94
188 91
188 88
189 85
190 82
191 80
192 78
193 76
194 73
196 71
197 69
199 67
201 65
202 63
204 61
207 59
209 57
212 55
214 53
216 52
219 51
221 49
224 48
227 47
230 45
233 44
236 43
239 43
242 42
245 41
248 41
252 41
255 41
258 41
262 41
265 41
268 42
271 43
274 44
277 45
280 46
283 47
286 48
289 50
291 51
293 53
295 54
296 56
298 59
300 61
301 63
303 66
304 68
305 70
306 74
306 78
306 81
306 84
306 87
305 90
305 93
304 96
303 98
302 101
301 103
300 105
301 104
