563
260 97
264 97
266 97
267 97
268 97
270 97
271 97
274 97
276 97
278 97
280 97
283 97
285 97
287 97
290 97
293 97
295 97
298 97
301 96
304 96
307 96
310 96
313 96
315 96
318 96
321 96
325 96
328 96
331 96
334 96
337 96
340 96
343 96
346 96
349 96
351 96
354 96
356 97
359 97
361 97
364 97
366 97
368 97
370 97
372 97
374 97
375 97
376 98
377 98
378 98
379 98
380 98
379 97
379 96
379 95
379 94
379 93
380 93
380 92
380 91
380 90
380 89
380 88
381 87
381 86
381 85
381 84
382 83
382 82
382 81
383 80
383 78
384 77
384 76
385 75
386 74
387 73
387 72
388 72
390 71
391 70
392 69
393 69
394 69
395 68
397 68
398 68
400 68
402 68
403 68
405 68
407 68
410 68
412 68
414 69
416 69
418 70
420 70
422 71
424 72
426 72
427 73
429 74
430 75
431 76
433 78
434 79
435 80
436 82
437 83
438 85
439 86
439 88
440 89
440 90
440 92
440 93
440 94
440 96
439 97
439 99
439 100
438 101
437 103
436 104
435 106
434 107
433 108
432 110
430 111
428 112
427 113
425 114
423 114
422 115
420 116
418 116
416 117
414 117
413 118
411 118
409 118
408 118
407 118
406 118
405 118
404 118
403 117
403 118
403 119
404 120
404 121
404 122
404 123
404 125
404 126
404 127
404 129
404 131
403 132
403 134
403 135
403 137
403 139
403 140
402 142
402 144
402 146
402 149
402 151
401 153
401 155
401 157
400 159
400 162
400 164
400 166
400 168
399 171
399 173
399 175
399 178
399 180
398 182
398 184
398 185
398 187
397 189
397 190
397 192
397 194
397 195
396 197
396 198
396 199
396 200
396 201
396 202
395 202
396 202
396 201
397 201
398 201
399 202
400 202
401 202
401 203
402 203
403 204
404 204
405 205
406 206
407 207
408 208
409 209
410 210
411 212
411 214
412 215
413 217
413 219
414 221
414 222
414 224
414 226
414 227
413 229
412 231
412 232
411 234
409 236
408 237
407 239
405 241
404 242
402 244
400 245
398 246
395 247
393 248
390 249
388 249
385 250
383 250
381 250
379 250
377 250
375 250
373 250
372 249
370 249
369 248
367 248
366 247
364 246
363 245
362 244
361 242
360 241
359 239
358 238
357 236
356 234
356 233
355 231
354 230
354 228
354 227
354 225
353 224
353 222
353 221
353 219
354 218
354 216
354 215
354 213
354 212
355 211
355 210
355 209
355 208
355 207
354 207
353 207
352 207
351 207
350 207
349 207
347 207
346 207
344 207
342 207
340 207
338 208
336 208
334 208
332 208
330 208
327 208
325 208
322 208
320 208
318 208
315 208
313 208
311 208
309 207
306 207
304 207
302 207
299 207
297 207
295 207
292 207
290 207
287 207
285 207
283 207
281 207
278 207
276 207
274 207
273 207
271 207
269 207
268 207
267 207
266 207
265 207
264 207
264 206
264 207
265 208
265 209
265 210
266 211
266 212
266 213
267 215
267 216
267 218
267 219
267 221
266 222
266 224
266 226
265 227
265 229
264 230
263 232
262 234
261 235
260 237
258 238
257 240
255 241
253 243
251 244
249 245
247 246
245 246
244 247
242 247
240 247
238 247
235 247
234 247
231 247
229 246
227 246
225 245
223 244
222 243
220 242
218 241
217 240
215 238
214 237
212 235
211 234
210 233
209 231
208 230
207 228
207 227
206 226
206 224
206 223
205 221
205 219
206 218
206 216
206 214
207 213
208 211
209 210
209 208
211 207
212 206
213 205
214 204
216 203
217 202
219 202
220 201
222 200
224 199
225 199
227 198
229 198
231 198
233 197
234 197
236 197
237 197
238 198
240 198
241 198
242 198
243 199
244 199
245 199
246 199
246 200
245 199
245 198
245 197
245 196
244 195
244 194
244 193
244 192
244 190
245 189
245 187
245 186
245 184
245 183
245 181
245 179
245 178
245 176
245 174
245 172
245 169
245 167
245 165
245 163
245 160
245 158
245 155
245 153
245 150
245 148
245 145
245 143
245 140
245 138
245 136
245 134
245 132
245 131
245 129
245 127
245 126
245 124
245 123
245 122
245 121
245 120
245 119
245 118
245 119
244 119
243 119
242 120
241 120
240 120
239 120
238 120
236 120
235 120
233 120
231 120
230 120
228 120
227 119
225 119
224 119
222 118
221 117
220 117
219 116
218 115
217 114
216 113
215 112
214 111
213 110
212 109
212 108
211 107
210 105
210 104
209 102
209 101
209 99
209 98
209 96
209 95
210 93
210 92
211 91
212 89
213 88
214 86
215 85
216 83
217 81
219 80
220 78
222 77
224 75
226 74
228 73
230 72
232 71
233 70
235 70
237 70
238 69
239 70
241 70
242 70
243 71
244 72
245 73
246 73
247 74
248 75
249 76
250 77
250 78
251 79
252 81
253 82
253 83
254 84
255 85
255 87
256 88
256 89
256 90
256 91
257 91
257 92
257 93
257 94
256 94
257 94
258 93
259 93
