552
244 99
247 100
248 100
249 100
250 100
252 100
253 100
255 100
257 101
260 101
262 101
264 101
267 101
270 101
273 101
276 101
279 101
282 101
285 101
288 101
292 101
296 101
299 101
303 101
306 101
310 101
314 101
317 101
321 102
324 102
327 102
331 102
334 102
337 102
340 103
343 103
345 103
348 104
350 104
352 104
354 104
355 105
357 105
358 105
359 105
360 105
361 105
362 106
362 105
362 104
361 104
361 103
361 102
361 101
361 100
361 99
361 98
361 97
361 96
361 95
361 94
361 93
361 92
361 91
361 90
361 89
361 88
362 87
362 86
362 84
363 83
363 82
364 81
364 80
365 79
366 77
367 76
368 76
369 75
370 74
372 73
373 73
374 72
376 71
377 70
379 70
380 69
382 69
383 69
385 68
387 68
389 68
391 68
393 69
395 69
397 69
399 70
401 70
402 71
404 72
406 73
408 74
409 75
411 76
413 77
415 78
417 80
418 81
420 83
421 84
422 86
423 87
424 88
425 89
426 91
427 92
427 93
428 95
428 96
428 97
429 99
429 100
429 102
429 103
428 105
428 106
428 108
427 109
427 110
426 112
425 113
424 114
424 115
423 116
422 117
420 118
419 119
418 119
416 120
414 121
413 121
411 122
409 122
407 123
405 123
403 123
401 123
400 123
398 123
396 123
394 123
393 123
391 123
390 123
388 123
387 122
386 122
385 122
384 122
383 121
382 121
383 121
383 122
383 123
383 124
383 125
383 126
383 127
383 129
383 130
383 131
383 132
383 133
383 134
383 136
383 137
383 138
383 140
383 141
382 143
382 145
382 147
382 149
382 151
382 153
382 155
382 156
382 158
382 160
382 162
382 163
382 165
381 167
381 169
381 171
381 173
381 174
381 176
381 177
381 178
380 179
380 180
380 181
380 182
381 182
382 182
383 182
384 182
385 182
386 183
387 183
388 184
389 185
391 186
392 187
393 188
395 190
396 191
397 193
398 194
399 196
399 198
400 199
400 201
401 203
401 205
401 207
401 209
401 211
401 212
400 215
400 217
399 219
398 220
397 222
396 224
395 225
394 226
392 227
391 228
389 229
387 230
385 231
383 231
381 232
380 232
378 232
375 233
373 233
371 232
369 232
366 232
364 232
362 231
360 230
357 230
356 229
354 228
352 227
350 226
348 225
347 224
345 223
344 222
342 220
341 219
340 217
339 216
338 214
337 212
337 211
336 209
336 208
336 206
336 205
336 204
336 202
336 201
336 200
337 199
337 197
337 196
337 195
337 194
338 194
338 193
338 192
338 191
337 191
336 191
335 191
334 191
333 191
332 191
330 192
329 192
327 192
325 192
323 192
321 192
319 192
317 192
314 192
312 192
309 193
307 193
304 193
301 193
299 193
296 193
293 193
290 193
287 193
285 192
282 192
279 192
276 192
273 192
271 192
268 192
266 192
264 192
262 192
260 191
259 191
257 191
256 191
255 190
254 190
253 190
252 190
251 190
252 190
252 191
252 192
252 193
252 194
252 195
252 196
253 198
253 199
253 200
253 202
253 203
253 205
252 207
252 208
251 210
251 212
250 214
249 216
248 218
246 220
245 222
244 223
242 225
240 226
238 228
236 229
234 230
231 230
229 231
227 232
225 232
222 232
220 232
218 232
216 232
213 232
211 231
209 230
207 230
205 229
203 228
201 227
200 226
198 225
197 223
196 222
195 220
194 219
193 217
192 215
191 213
190 211
190 210
189 208
189 206
189 205
189 203
189 202
190 200
190 199
191 197
192 195
192 194
194 192
195 191
196 189
197 188
199 186
201 185
202 184
204 183
206 182
208 182
210 181
212 181
214 181
216 180
218 180
220 180
222 180
224 180
225 180
227 180
229 181
230 181
231 181
232 181
233 181
234 182
235 182
236 182
235 182
234 182
234 181
234 180
234 179
234 178
234 177
234 176
234 175
234 174
234 172
234 171
233 170
233 168
233 167
233 165
233 164
233 162
233 160
233 159
233 157
232 155
232 153
232 151
232 149
232 147
232 145
232 143
231 141
231 139
231 137
231 136
231 134
231 133
231 131
231 130
231 128
231 127
231 125
231 124
231 123
231 122
231 121
231 120
231 119
230 119
230 120
229 120
228 121
227 121
226 122
225 122
223 122
222 122
220 123
218 123
216 123
213 123
211 123
208 123
206 123
203 122
201 122
199 121
197 120
194 120
192 119
190 118
188 117
186 115
184 114
183 113
181 111
180 110
178 108
177 106
177 104
176 103
175 101
175 99
174 97
175 95
175 93
176 92
176 90
177 88
178 86
179 84
181 82
183 80
185 78
187 77
189 75
191 73
193 72
196 71
198 70
201 69
203 69
206 68
208 68
211 68
214 68
216 68
219 68
221 69
223 69
225 70
227 71
230 72
231 73
233 74
235 76
236 77
238 79
239 80
240 82
240 83
241 85
241 86
241 87
241 88
241 90
242 91
242 92
242 93
242 94
242 95
