588
258 85
262 85
263 85
264 85
265 85
266 85
268 85
270 85
271 85
274 86
276 86
278 86
280 86
282 86
285 86
287 86
290 86
292 86
295 86
298 86
301 86
304 86
306 86
309 86
312 86
314 86
317 86
320 86
323 86
326 86
329 86
332 86
335 86
338 86
341 86
344 86
347 86
350 86
353 87
357 87
360 87
363 87
366 87
369 87
372 88
375 88
377 88
380 88
382 88
385 89
387 89
390 89
392 89
394 89
396 90
397 90
399 90
400 90
401 90
402 90
403 90
404 91
405 91
405 90
405 89
404 89
404 88
404 87
404 86
404 85
405 84
405 83
405 82
405 81
405 80
406 78
406 77
406 76
407 75
408 74
408 73
409 72
409 71
410 70
411 69
412 69
413 68
414 67
415 67
416 66
417 66
419 65
420 65
421 65
422 64
423 64
425 64
426 64
428 64
430 64
432 65
434 65
436 65
438 66
440 66
441 67
443 67
445 68
447 69
448 70
450 70
451 72
453 73
455 74
456 76
458 77
459 79
460 81
461 82
462 84
463 86
463 87
464 89
464 90
465 92
465 93
465 95
465 97
464 98
464 100
464 101
463 103
463 105
462 106
461 108
460 109
459 110
458 111
457 112
455 113
454 114
452 114
451 115
449 116
447 116
446 117
444 117
442 117
441 118
439 118
437 118
436 118
434 118
432 118
431 117
429 117
428 117
427 116
426 116
425 115
424 115
423 115
423 114
422 114
421 114
420 114
421 114
421 115
422 116
422 117
422 118
421 119
421 120
421 121
421 123
421 124
421 125
421 127
420 128
420 130
420 131
420 133
420 134
420 136
420 137
420 139
420 141
419 142
419 144
419 146
419 148
419 150
419 153
419 155
418 157
418 159
418 160
418 162
417 164
417 166
417 168
417 170
417 173
416 175
416 176
416 178
416 180
416 182
415 183
415 185
415 186
414 187
414 189
414 190
414 191
413 192
413 193
413 194
413 195
413 196
413 195
414 195
414 194
415 194
416 194
417 194
418 194
419 194
420 194
421 195
422 195
423 196
424 196
426 197
426 198
428 199
429 200
430 201
431 201
432 202
433 203
433 204
434 205
435 207
436 208
436 209
437 210
437 212
437 214
437 215
437 217
437 218
437 220
436 221
436 223
435 224
434 225
433 227
432 228
430 229
429 230
427 231
426 233
424 234
423 235
421 236
419 236
417 237
415 238
413 238
411 239
409 239
407 239
405 239
403 239
401 239
399 239
397 238
395 237
393 237
392 236
390 235
388 234
387 233
385 231
384 230
383 229
381 228
380 227
379 225
379 224
378 223
377 221
377 220
377 218
377 216
377 215
377 213
377 212
377 210
377 209
377 208
378 207
378 206
378 205
379 205
379 204
380 204
380 203
379 203
378 203
377 203
376 204
375 204
374 204
372 204
371 204
369 204
367 204
366 204
363 204
361 204
359 204
357 204
355 204
352 204
350 204
347 204
345 204
342 204
339 204
337 204
334 204
331 204
329 204
326 204
323 204
320 204
317 204
314 204
311 204
309 204
306 204
303 204
300 204
297 204
294 204
292 204
289 204
287 204
284 204
282 204
280 204
278 204
276 204
275 204
274 204
273 204
272 204
271 204
271 203
271 204
272 204
273 205
274 206
274 207
275 207
275 208
275 209
276 210
276 211
276 212
276 213
276 215
276 216
276 218
276 219
275 221
275 222
274 223
273 225
272 226
271 227
270 228
269 230
268 231
266 232
265 233
263 235
261 236
259 237
258 238
256 239
253 240
251 241
249 241
247 242
245 242
243 242
241 242
238 241
236 241
234 240
232 240
229 239
227 238
225 237
223 236
222 234
220 233
219 232
218 231
216 230
215 228
214 227
214 226
213 224
212 223
212 221
212 219
212 218
212 216
212 215
212 213
213 212
213 210
214 209
215 208
216 207
217 206
218 205
220 204
221 203
223 202
224 202
226 201
228 200
230 199
232 199
234 198
236 198
237 197
239 197
240 197
241 197
243 197
244 197
245 197
245 198
246 198
247 198
246 198
246 197
246 196
245 196
245 195
245 194
245 193
245 192
245 191
245 189
245 188
245 187
245 186
246 184
246 183
246 181
246 179
246 177
246 175
246 173
246 171
246 168
246 166
246 163
246 161
246 159
246 156
246 154
246 151
246 149
246 146
246 144
246 141
246 139
245 137
245 135
245 132
245 130
245 128
245 126
245 124
245 122
245 120
245 119
245 117
244 116
244 115
244 114
244 113
244 112
244 111
244 110
244 111
243 111
243 112
242 113
241 113
240 114
239 114
238 114
237 114
235 114
234 114
232 115
230 115
229 115
227 115
225 114
224 114
223 114
221 113
220 113
218 112
217 112
216 111
214 110
213 109
212 108
210 107
209 106
208 104
207 103
206 102
205 100
205 99
204 98
204 97
203 95
203 94
203 92
202 91
203 89
203 87
203 85
204 83
204 81
205 79
206 77
208 75
209 73
211 71
212 70
214 69
216 67
218 66
220 65
222 65
224 64
226 63
228 63
231 63
233 63
235 63
238 63
240 64
242 64
243 65
245 66
246 67
248 68
249 69
250 70
251 71
252 73
253 74
254 75
255 77
255 78
256 80
256 81
256 82
256 83
257 84
257 85
257 86
257 87
258 87
