539
265 88
269 88
270 88
272 88
273 88
275 88
277 88
279 88
281 88
284 88
286 88
289 88
292 88
295 88
298 89
301 89
305 89
308 89
312 89
315 89
319 89
322 89
326 89
329 90
332 90
336 90
339 90
343 90
346 90
349 91
352 91
355 91
358 91
361 91
364 91
366 91
369 92
371 92
373 92
376 93
378 93
379 94
381 94
382 94
383 94
384 94
385 94
385 93
384 92
384 91
384 90
384 89
385 89
385 88
385 87
385 85
386 84
386 82
387 81
387 79
388 78
388 76
389 75
390 73
391 72
392 71
393 70
394 69
395 68
396 68
397 67
398 66
399 66
400 65
402 65
403 65
404 65
405 65
406 65
407 65
408 65
409 65
411 66
412 66
413 66
415 67
417 67
418 68
420 69
421 70
423 70
424 71
426 73
427 74
429 75
430 77
432 79
433 80
434 82
436 84
437 86
438 87
439 89
439 91
440 92
441 94
441 96
441 97
441 99
441 101
441 103
441 105
441 107
440 108
439 110
438 111
437 112
435 114
434 115
432 116
430 116
429 117
427 118
425 119
423 119
421 120
419 120
417 120
414 120
412 120
410 120
408 120
406 120
404 120
402 120
401 119
400 119
399 119
399 118
398 118
398 117
398 118
398 119
398 120
398 121
398 122
398 123
397 124
397 125
397 126
397 128
397 129
397 131
396 132
396 133
396 135
396 137
396 138
395 140
395 142
395 144
395 146
394 148
394 151
394 153
394 155
394 157
393 159
393 161
392 163
392 165
392 168
391 170
391 172
391 174
390 176
390 178
390 180
389 181
389 183
388 184
388 185
388 186
387 187
387 188
387 189
387 190
388 190
389 190
390 190
391 190
392 190
393 190
394 190
395 191
396 191
397 192
399 192
400 193
401 194
402 195
403 196
405 198
406 199
407 200
408 202
409 203
409 205
410 206
411 208
412 210
412 212
413 214
413 216
413 218
413 220
413 222
412 224
412 226
411 228
411 230
410 231
409 232
407 234
406 235
405 237
403 238
402 239
400 240
398 241
396 242
394 242
392 243
390 243
388 243
386 243
384 243
381 242
379 242
377 241
375 241
373 240
371 239
369 238
367 237
365 236
364 235
362 234
360 232
359 231
358 230
357 228
356 227
355 225
355 224
354 222
354 221
354 219
354 217
354 215
354 214
355 212
355 211
355 209
356 208
357 207
358 206
358 205
359 204
360 204
361 203
361 202
362 202
361 202
360 203
359 203
358 203
357 203
356 203
355 203
353 203
352 203
350 203
348 203
346 203
344 203
342 203
340 203
337 203
335 203
332 203
330 203
327 203
324 202
322 202
319 202
316 202
313 201
310 201
307 201
304 201
301 200
298 200
296 200
293 200
290 199
287 199
285 199
282 199
280 198
278 198
275 198
273 198
272 197
270 197
269 197
268 197
267 196
266 196
265 196
265 197
266 197
266 198
267 199
268 200
268 201
268 202
269 203
269 204
269 206
269 207
270 208
269 210
269 211
269 213
268 215
267 217
266 218
265 220
264 222
263 223
261 225
260 226
258 228
256 229
254 230
252 231
249 232
247 233
246 233
244 234
242 234
240 234
238 235
236 235
234 234
231 234
229 234
227 233
224 233
222 232
220 231
218 230
217 229
215 228
214 227
212 225
211 223
210 222
209 220
208 218
207 216
206 214
206 212
206 210
206 208
206 206
206 204
207 202
207 200
208 198
209 196
211 195
212 193
213 191
215 190
217 188
218 187
220 186
222 185
224 184
226 183
229 183
231 182
233 182
235 182
237 182
239 182
241 182
242 182
244 183
245 183
246 184
247 184
248 185
249 185
250 186
251 186
251 187
251 186
251 185
251 184
250 184
250 183
250 182
250 181
250 180
250 179
250 178
250 176
250 175
250 173
250 171
250 170
250 168
250 166
250 164
250 162
250 161
250 159
251 157
251 155
251 153
251 151
251 148
251 146
251 143
251 141
251 139
251 137
251 134
251 132
251 130
251 127
251 125
251 123
251 121
250 119
250 118
250 116
250 115
250 114
250 112
250 111
250 110
251 110
251 109
251 108
250 108
250 109
249 109
249 110
248 110
247 110
246 111
244 111
243 112
241 112
239 112
237 112
235 113
233 113
231 112
229 112
227 112
225 111
223 111
222 110
220 109
219 108
218 107
216 105
216 104
215 102
214 100
213 99
213 97
212 95
212 93
212 92
211 90
211 88
212 86
212 84
213 82
214 80
214 78
215 75
216 74
218 72
219 70
220 69
222 67
224 66
226 65
228 63
231 62
233 61
236 61
238 60
241 60
243 60
246 60
248 60
250 61
252 62
254 63
256 64
257 64
259 65
260 67
261 68
261 69
262 70
262 71
262 72
262 74
263 75
263 76
263 77
263 78
263 80
263 81
263 82
263 83
263 84
262 84
262 85
263 86
