522
308 134
317 132
320 132
323 131
327 131
330 131
333 130
337 130
341 130
345 130
349 130
352 130
356 130
359 130
361 129
364 129
367 129
371 129
374 129
377 128
380 128
383 128
386 128
390 128
393 127
396 127
400 127
404 127
407 127
409 128
412 128
416 128
420 128
424 128
426 129
430 129
434 129
437 129
441 130
445 130
448 130
452 130
455 130
457 131
460 131
463 131
465 130
464 128
464 125
464 122
464 119
464 116
465 114
465 111
465 107
466 105
466 102
467 100
467 97
468 94
469 91
470 87
471 85
472 83
473 81
475 79
477 77
479 75
482 74
484 72
486 71
489 70
491 69
493 68
497 68
499 67
502 67
505 67
508 68
511 68
514 68
517 69
520 70
522 71
524 72
527 73
530 75
533 76
536 78
538 80
540 81
542 83
543 85
545 86
547 88
548 90
549 92
550 94
552 97
553 100
554 102
554 105
555 108
555 112
555 115
554 118
554 121
553 124
553 127
552 129
551 132
550 134
549 137
548 139
547 141
546 143
545 145
543 148
541 150
539 151
537 153
534 155
532 156
529 157
525 158
522 158
520 159
517 159
514 160
510 160
507 160
505 161
502 161
500 162
499 164
498 167
498 170
497 173
497 176
496 179
496 182
495 184
495 187
495 190
495 193
495 197
495 200
495 203
495 207
495 210
495 213
495 216
495 219
496 223
496 226
496 229
496 232
496 235
496 238
496 241
496 244
496 248
496 252
496 255
496 258
496 262
496 265
496 269
496 273
496 277
495 281
495 285
495 289
495 292
494 295
494 298
494 301
493 304
495 303
497 302
500 302
504 302
506 303
508 304
511 305
513 306
515 307
517 309
519 310
521 312
523 314
524 316
525 318
527 320
528 322
529 325
530 327
532 330
533 333
534 336
534 339
535 342
535 345
535 348
534 350
534 353
533 355
532 358
531 360
530 362
529 364
528 366
527 368
526 370
524 372
523 374
521 376
519 378
518 380
516 381
514 382
512 383
510 384
508 385
505 386
502 386
498 386
494 386
492 385
489 385
487 384
484 383
482 381
480 380
478 378
475 377
473 375
471 373
469 371
468 369
466 367
465 364
463 361
462 358
460 355
459 352
458 349
458 346
457 344
457 341
456 339
455 336
454 334
453 332
451 331
448 332
445 332
443 333
439 333
437 334
434 334
431 334
428 334
425 334
421 335
418 335
415 334
411 334
408 334
404 334
402 333
398 333
394 333
391 333
387 333
385 332
380 332
376 332
371 331
367 331
364 331
360 331
357 331
353 331
348 331
344 331
342 330
339 330
335 330
331 330
327 330
324 330
320 330
316 330
312 330
308 330
305 330
302 330
299 330
299 333
300 335
301 338
301 341
301 344
301 347
301 350
301 353
301 356
301 360
301 363
300 366
299 369
299 372
298 374
296 376
295 378
294 380
292 382
290 384
288 386
286 387
284 388
281 389
279 390
276 391
273 391
269 392
266 392
263 392
259 392
256 391
253 391
251 390
248 389
244 388
241 387
237 386
235 385
232 384
230 383
227 381
225 379
223 378
222 376
220 374
218 372
217 370
215 368
214 365
212 363
211 361
210 358
209 355
208 351
207 348
207 345
206 341
206 338
206 335
206 332
206 329
206 326
207 323
208 320
209 317
211 315
212 313
213 311
215 308
217 306
218 304
220 302
223 299
225 297
228 295
230 293
233 291
236 289
239 288
242 287
244 286
247 285
250 285
253 284
256 283
259 283
262 283
265 283
266 281
267 278
267 275
267 272
267 269
267 266
267 263
267 259
267 256
267 252
267 249
267 246
267 243
268 240
268 237
268 233
268 229
268 226
268 223
268 220
268 217
268 214
268 210
268 207
268 204
268 201
268 198
268 195
268 192
268 189
268 186
268 183
269 180
269 177
270 175
270 172
271 169
272 166
272 163
273 161
274 159
274 156
272 157
270 158
267 159
264 159
261 159
258 159
254 158
251 158
248 157
244 156
241 155
239 154
236 153
233 151
230 149
229 147
227 145
225 142
223 141
222 138
221 136
219 133
218 130
217 128
216 125
216 122
215 119
215 116
215 113
215 110
216 107
216 104
217 102
218 100
219 98
221 95
223 93
224 91
227 89
228 87
231 84
234 82
235 80
237 79
239 78
241 77
244 75
246 74
249 73
251 72
254 71
256 70
258 69
261 68
265 68
267 67
271 67
275 67
278 67
280 68
283 68
287 69
291 69
293 70
296 71
298 72
302 73
305 75
307 77
309 78
311 80
313 82
315 85
317 88
319 91
320 94
321 97
322 100
323 102
324 105
324 108
324 111
323 114
323 118
322 120
321 122
320 124
319 126
318 128
316 129
317 127
317 126
