1270
233 99
240 97
241 97
243 97
244 97
245 97
247 96
248 96
250 96
251 96
253 96
255 95
257 95
258 95
260 95
262 95
263 95
265 95
266 95
268 95
269 94
271 94
272 94
273 94
275 94
276 94
278 94
279 94
280 94
282 94
283 94
285 94
286 94
288 94
289 94
291 94
292 94
293 94
295 94
296 94
297 94
299 93
300 93
302 93
303 93
305 93
306 93
308 93
309 93
311 93
313 93
314 93
316 93
317 93
319 92
320 92
322 92
323 92
324 92
326 92
327 92
328 92
330 92
331 92
332 92
334 92
335 91
337 91
338 91
339 91
341 91
342 91
343 91
344 91
345 91
347 91
348 91
349 92
350 92
351 92
352 92
354 92
355 91
356 91
357 91
358 91
359 91
360 91
362 91
363 91
364 91
366 91
367 91
368 91
370 91
371 91
373 91
374 91
376 91
377 91
378 91
379 91
380 91
381 91
382 91
383 91
384 91
384 90
385 90
385 89
384 89
384 88
383 87
383 86
382 86
382 85
382 84
381 83
381 82
380 81
380 80
380 79
379 78
379 77
379 76
378 75
378 74
378 73
378 72
378 71
378 70
378 69
378 68
378 67
378 66
379 65
379 64
379 63
379 62
379 61
380 61
380 60
380 59
381 58
381 57
382 56
382 55
383 54
383 53
384 53
384 52
385 51
386 50
386 49
387 48
388 48
389 47
390 46
391 46
392 45
393 44
394 44
395 43
396 43
397 42
398 42
399 41
400 41
401 41
402 40
403 40
404 40
405 39
406 39
407 39
408 39
409 38
410 38
411 38
412 38
413 38
414 38
415 39
416 39
418 39
419 39
420 40
421 40
422 40
423 41
425 41
426 41
427 42
428 43
429 43
430 44
431 44
432 45
433 46
434 46
434 47
435 48
436 49
437 50
437 51
438 52
439 53
440 54
440 55
441 56
442 57
443 58
444 59
444 60
445 61
446 62
446 63
447 64
447 65
448 66
449 67
449 68
450 69
450 70
450 71
451 72
451 74
451 75
452 76
452 77
452 79
452 80
452 81
452 83
452 84
452 85
452 87
451 88
451 89
451 90
450 91
450 92
450 93
449 94
449 95
449 96
448 98
447 100
446 101
446 102
445 103
445 104
444 105
443 106
443 107
442 108
441 109
440 110
439 111
438 112
437 113
436 114
435 115
434 115
433 116
432 116
431 117
430 117
429 118
428 118
427 119
426 119
425 120
424 120
423 120
421 120
420 120
419 120
418 121
417 121
416 121
415 121
414 121
412 121
411 120
410 120
409 120
408 120
407 119
406 119
405 119
404 118
403 118
402 118
401 117
400 117
399 117
398 117
397 116
396 116
395 115
394 115
393 115
393 114
392 114
391 113
390 113
389 112
388 112
388 111
387 111
387 112
387 113
387 114
387 115
388 116
388 117
388 118
388 119
388 120
388 121
388 122
388 123
388 124
389 125
389 126
389 127
389 128
389 129
389 130
389 131
389 132
389 133
389 134
389 135
389 136
389 137
389 138
389 139
389 140
389 141
389 142
389 143
389 144
389 145
389 146
388 147
388 148
388 149
388 150
388 151
387 152
387 153
387 155
387 156
387 157
386 158
386 159
386 160
386 161
386 162
386 163
386 164
386 165
386 166
386 167
386 168
386 169
386 170
385 171
385 172
385 173
385 174
385 175
384 176
384 177
384 178
384 179
384 180
384 181
384 182
383 183
383 184
383 185
383 186
383 187
383 188
383 189
383 190
383 190
382 191
382 192
382 193
382 194
382 194
382 196
382 197
382 198
382 199
381 200
381 202
381 203
381 204
381 205
381 206
381 207
381 209
381 210
381 211
381 212
381 213
381 214
381 216
381 217
381 218
381 219
381 220
381 221
381 223
381 224
381 225
381 226
380 227
380 229
380 230
380 231
380 232
380 233
380 235
380 236
380 237
380 238
380 240
380 241
380 242
380 243
380 244
380 245
380 246
380 247
380 248
380 249
380 250
380 251
380 252
380 253
380 254
380 255
380 256
380 255
381 254
381 253
382 252
383 251
384 250
385 250
385 249
386 248
387 248
387 247
388 247
389 246
390 246
390 245
391 245
392 244
393 244
394 243
395 243
396 242
397 242
398 241
399 241
400 241
401 241
402 240
403 240
404 240
405 240
406 240
407 240
408 240
409 240
410 240
411 240
412 240
413 241
414 241
415 241
416 242
417 242
418 243
419 243
420 243
421 244
421 245
422 245
423 246
424 246
424 247
425 248
426 248
426 249
427 250
427 251
428 252
429 253
429 254
430 255
430 256
431 257
431 258
432 259
432 260
432 261
433 262
433 263
434 264
434 265
434 266
434 267
435 268
435 269
435 271
435 272
435 273
435 274
435 275
435 276
435 277
435 278
435 279
434 280
434 281
434 282
434 283
433 284
433 285
432 286
432 287
431 288
431 289
431 290
430 291
430 292
429 293
429 294
429 295
428 296
428 297
427 298
426 299
425 300
425 301
424 302
424 303
423 304
422 305
421 306
420 307
419 308
418 309
417 310
416 310
415 311
414 312
413 313
412 313
411 314
410 314
409 315
408 316
407 316
406 317
404 317
403 317
402 318
401 318
399 318
398 319
397 319
395 319
394 319
392 319
391 319
390 319
388 319
387 319
386 319
384 319
383 318
382 318
381 318
380 317
379 317
377 316
376 316
375 315
374 315
373 314
372 313
371 313
370 312
369 312
368 311
367 310
366 310
365 309
364 308
363 307
362 307
361 306
361 305
360 304
359 303
358 303
358 302
357 301
357 300
356 299
356 298
355 297
355 296
355 295
354 294
354 293
354 292
354 291
354 290
354 289
354 288
354 287
354 286
354 285
354 284
354 283
354 282
354 281
355 280
355 279
355 278
356 277
356 276
357 275
357 274
358 273
358 272
359 271
359 270
360 269
361 268
361 267
362 266
363 265
363 264
364 263
364 262
363 263
362 263
362 264
361 264
360 265
359 265
358 265
357 266
356 266
355 266
354 266
354 267
353 267
352 267
351 267
350 267
349 267
348 267
347 267
347 268
346 268
345 268
344 268
343 268
342 268
341 268
340 268
339 268
338 268
337 268
336 268
335 268
334 268
333 268
332 269
331 269
330 269
329 269
328 269
327 269
326 269
325 269
324 269
323 269
322 269
321 269
320 269
319 269
318 269
317 269
316 269
315 269
314 269
313 269
311 269
310 269
309 269
307 269
306 269
305 269
304 268
302 268
301 268
300 268
298 269
297 268
295 268
294 268
292 268
291 268
289 268
287 268
286 268
284 268
282 268
281 268
279 268
278 268
276 268
275 268
273 268
272 268
270 268
269 268
268 268
266 268
265 268
263 268
262 268
261 268
259 268
258 268
257 268
256 268
254 268
253 268
252 268
251 268
250 268
249 268
247 267
246 267
245 267
244 267
243 267
242 267
241 267
240 267
239 267
237 267
236 267
235 267
234 266
233 266
232 266
230 266
229 266
228 266
227 266
226 266
225 265
224 265
223 265
222 265
221 265
220 265
219 265
218 265
217 264
216 264
215 264
214 264
213 264
212 264
211 264
210 264
209 264
210 264
210 265
211 265
211 266
212 266
212 267
213 267
214 268
215 269
216 270
217 271
218 272
219 273
219 274
220 274
220 275
221 276
221 277
222 278
222 279
222 280
223 280
223 281
223 282
223 283
223 284
224 285
224 286
224 287
224 288
224 289
224 290
224 291
224 292
223 293
223 294
223 295
223 296
222 297
222 298
222 299
221 300
221 301
220 302
220 303
219 303
219 304
218 305
217 306
216 307
215 308
214 309
213 309
212 310
211 310
210 311
209 311
208 312
207 312
206 312
205 313
204 313
203 313
202 314
200 314
199 314
198 314
197 315
196 315
194 315
193 315
192 315
190 314
189 314
188 314
187 314
185 313
184 313
183 313
182 312
181 312
179 311
178 311
177 310
176 309
174 309
173 308
172 307
171 306
170 305
169 304
168 303
168 302
167 301
166 300
165 299
165 298
164 297
163 296
163 295
162 294
162 293
162 291
161 290
161 289
161 288
161 287
160 286
160 284
160 283
160 282
160 281
160 280
160 278
160 277
160 276
160 275
160 273
160 272
160 271
160 270
160 268
160 267
160 266
161 264
161 263
161 262
161 260
161 259
161 258
162 256
162 255
162 254
163 253
163 251
163 250
164 249
165 248
165 246
166 245
166 244
167 243
168 241
168 240
169 239
170 237
171 236
172 235
172 234
173 233
174 232
175 231
176 231
177 230
178 229
179 229
180 228
181 228
182 227
183 227
184 227
185 226
186 226
187 226
188 226
189 225
190 225
191 225
192 225
193 225
194 225
195 225
196 225
197 226
198 226
199 226
200 226
201 227
202 227
203 228
204 228
205 229
206 229
206 230
207 230
208 231
209 232
209 233
210 233
210 234
210 235
211 235
211 236
212 237
212 236
212 235
212 234
212 233
212 232
212 231
212 230
212 229
212 228
212 227
212 226
212 225
212 224
212 223
212 222
212 221
212 220
212 219
212 218
212 217
212 216
212 215
212 214
212 213
212 212
212 211
212 210
212 209
211 208
211 207
211 206
211 205
211 204
211 203
211 202
211 201
212 200
212 199
212 198
212 196
212 195
212 194
212 192
212 191
212 190
212 188
212 187
212 185
212 184
212 182
212 181
212 179
212 178
212 177
212 175
212 174
212 172
212 171
213 169
213 168
213 167
213 165
213 164
213 162
213 161
213 159
214 158
214 157
214 155
214 154
214 153
214 152
214 151
214 149
214 148
215 147
215 146
215 145
215 143
215 142
215 141
215 140
216 139
216 138
216 137
216 135
216 134
216 133
216 132
216 131
217 130
217 129
217 128
217 127
217 126
217 125
217 124
217 123
217 122
218 121
218 120
218 119
218 118
218 117
217 117
217 118
217 119
216 119
216 120
215 121
215 122
214 122
214 123
213 123
212 124
211 125
210 125
209 126
208 126
207 126
206 127
205 127
203 127
202 128
201 128
200 128
199 128
198 128
196 128
195 128
194 128
193 128
191 128
190 128
189 128
187 128
186 127
185 127
184 127
182 126
181 126
180 125
179 125
178 124
177 124
176 123
175 122
174 122
174 121
173 120
172 119
171 119
171 118
170 117
170 116
169 115
169 114
168 113
168 112
167 111
167 110
167 109
167 108
166 107
166 105
166 104
166 103
166 101
166 100
166 99
167 98
167 96
167 95
167 94
168 92
168 91
169 90
169 89
170 87
170 86
171 85
171 84
172 82
172 81
173 80
174 78
174 77
175 76
176 74
176 73
177 72
178 71
179 70
180 69
181 67
181 66
182 65
183 64
184 64
185 63
186 62
187 61
187 60
188 59
189 59
190 58
191 57
192 57
193 56
194 55
195 55
196 54
197 54
198 54
199 53
200 53
201 53
203 52
204 52
205 52
206 52
208 52
209 52
210 52
211 53
213 53
214 53
215 53
217 54
218 54
219 54
220 55
222 55
223 56
224 56
225 57
226 57
227 58
228 58
230 59
231 60
232 60
233 61
234 61
235 62
235 63
236 63
237 64
238 65
238 66
239 67
240 68
240 69
240 70
241 71
241 72
241 72
241 73
241 74
241 75
241 76
241 77
241 77
241 78
241 79
240 80
240 81
240 83
239 84
239 85
238 86
237 87
236 88
235 89
235 90
234 91
233 91
233 92
232 93
231 94
232 93
232 93
