571
290 145
294 144
297 144
300 144
303 143
306 143
309 143
312 143
315 143
318 143
321 143
324 143
327 143
330 143
334 143
337 143
341 143
344 143
347 143
349 142
352 142
355 142
358 142
360 143
363 143
366 143
369 143
371 144
374 144
377 144
380 144
383 144
386 144
389 144
392 144
395 144
398 144
401 144
404 144
407 144
410 144
413 144
416 144
419 144
422 144
425 144
427 143
427 140
426 137
426 134
426 131
425 129
425 126
425 123
425 120
425 117
425 114
426 111
427 108
428 106
430 104
431 102
432 100
433 98
434 96
436 95
438 93
440 91
442 90
445 90
447 89
450 89
453 89
456 89
459 89
462 89
464 90
466 91
469 91
471 92
473 93
476 93
478 94
481 95
484 96
486 97
488 98
490 99
492 100
493 102
495 103
497 105
499 107
501 109
503 111
504 113
505 115
506 117
508 119
509 121
510 123
511 126
511 129
512 131
512 134
513 136
513 139
513 142
513 145
513 148
513 151
512 153
512 156
511 158
511 161
510 163
509 165
508 168
507 171
506 173
504 174
503 176
501 177
499 178
497 180
495 181
493 182
490 183
487 184
484 185
481 185
479 186
476 186
474 187
471 187
468 187
465 187
463 186
460 186
457 186
454 186
453 188
453 191
454 193
454 196
454 199
454 202
455 204
455 207
454 210
454 213
454 216
454 219
453 221
453 224
453 227
453 230
453 233
453 236
453 239
453 242
453 245
453 248
453 251
454 253
454 256
454 259
454 262
454 265
454 268
454 271
454 274
454 277
454 280
453 282
453 285
452 288
452 291
452 294
451 296
451 299
451 302
451 305
451 308
454 308
456 307
459 307
462 308
465 308
468 308
470 309
472 310
475 310
477 311
479 312
481 313
483 314
485 315
487 317
489 318
490 320
491 322
493 324
494 326
496 328
497 330
498 332
499 334
500 336
501 338
502 340
503 342
504 344
505 346
506 349
506 352
506 355
505 357
505 360
504 362
503 365
502 368
501 370
500 372
499 374
498 376
496 378
495 380
493 381
492 383
490 384
488 385
486 386
484 387
482 388
479 388
477 389
475 390
472 390
470 391
468 392
466 393
463 393
461 394
458 394
456 395
453 395
450 395
447 395
445 394
442 394
440 393
438 392
436 391
434 390
432 388
431 386
429 385
428 383
427 381
426 379
425 377
424 375
423 373
422 371
422 368
421 366
421 363
421 360
422 357
422 354
422 351
423 349
423 346
424 344
424 341
425 339
423 337
420 336
417 336
415 337
412 337
409 337
406 337
403 337
400 337
398 336
395 336
393 337
390 337
387 337
384 337
381 337
378 337
375 338
372 338
369 338
366 338
363 338
360 338
357 338
354 338
351 338
348 338
345 338
342 338
339 338
336 338
333 338
331 337
328 337
325 337
323 336
320 336
317 336
314 336
312 335
309 335
306 335
303 335
300 334
297 334
294 334
292 333
289 333
286 333
284 332
281 332
278 332
275 332
272 331
270 332
271 334
272 336
273 339
273 342
274 344
275 346
276 348
277 351
277 354
277 357
277 360
276 362
275 364
274 367
273 369
272 371
271 373
270 375
269 377
267 378
265 380
263 381
261 382
259 383
257 384
255 385
252 385
249 385
247 386
244 386
241 386
238 386
235 386
233 385
230 384
227 383
225 382
222 381
220 380
218 379
216 377
214 376
212 375
210 374
208 373
207 371
205 370
203 368
202 366
200 365
199 363
198 361
197 359
196 357
195 355
194 353
193 351
192 349
191 346
191 343
190 341
189 338
189 335
189 332
189 329
189 326
190 323
190 320
191 318
192 315
193 313
194 311
195 309
197 307
199 305
200 303
202 301
204 300
206 298
208 297
210 296
213 296
215 295
217 294
220 293
223 293
225 292
228 292
230 291
233 291
236 291
238 290
241 290
244 290
247 290
249 289
250 287
249 285
249 282
248 280
248 277
247 275
247 272
247 269
246 267
246 264
245 262
245 259
245 256
244 253
244 250
244 247
244 244
244 241
243 239
243 236
243 233
243 230
243 227
243 224
242 222
242 219
242 216
242 213
242 210
242 207
243 205
243 202
243 199
242 197
242 194
242 191
243 189
243 186
243 183
243 180
243 177
243 174
243 171
243 168
242 166
241 164
239 165
236 165
233 166
230 166
227 167
224 167
222 168
219 168
216 168
214 169
211 169
208 169
205 169
203 168
200 168
198 167
196 166
194 165
193 163
191 162
190 160
189 158
188 156
186 154
185 152
184 150
183 148
182 146
181 143
180 140
180 137
179 135
179 132
179 129
179 126
179 123
179 120
180 118
180 115
181 113
181 110
182 108
182 105
184 103
185 101
187 99
189 98
191 96
193 95
195 94
197 93
199 91
201 90
203 89
205 88
208 87
211 87
213 86
216 86
218 85
221 85
224 85
227 86
230 86
232 87
235 88
237 89
240 90
243 91
245 92
247 93
249 94
251 95
253 96
255 98
257 99
258 101
260 103
262 105
263 107
264 109
265 111
267 113
268 116
269 118
270 120
271 123
271 126
272 128
272 131
271 133
271 136
270 138
269 141
268 144
267 147
266 146
