582
291 129
295 129
297 128
300 128
303 128
305 127
308 127
311 127
314 126
317 126
320 126
323 126
327 126
330 126
333 126
337 126
341 126
344 126
347 126
350 126
353 127
356 127
359 127
362 127
365 127
367 128
370 128
373 128
376 128
379 128
382 128
386 128
389 128
393 128
396 128
399 128
402 128
405 128
408 128
411 128
413 129
416 129
419 129
422 129
425 129
428 129
431 129
434 130
437 130
440 130
442 131
442 128
441 125
441 122
441 119
442 117
442 114
442 111
442 108
443 106
443 103
444 100
444 97
445 95
446 93
447 91
448 89
449 87
451 86
452 84
454 83
455 81
457 80
459 79
461 78
463 77
465 76
468 76
471 76
473 75
476 75
478 76
481 76
483 77
486 77
488 78
490 79
493 79
495 80
497 81
499 82
501 83
503 84
505 86
507 87
509 88
510 90
512 91
513 93
515 95
516 97
517 99
518 101
519 103
520 105
520 108
520 111
521 113
521 116
521 119
521 122
521 125
520 127
519 130
518 133
517 135
516 138
515 140
514 142
513 144
512 146
510 147
508 148
506 149
504 150
502 151
499 152
496 153
493 154
490 154
488 155
485 155
482 155
480 156
477 156
474 156
471 156
468 156
465 156
465 159
466 161
466 164
466 167
466 170
466 173
466 176
466 179
465 181
465 184
465 187
466 189
466 192
466 195
466 198
466 201
466 204
466 207
466 210
466 213
466 216
466 219
466 222
466 225
466 228
466 231
465 233
465 236
465 239
465 242
465 245
465 248
465 251
464 253
464 256
464 259
464 262
464 265
464 268
464 271
464 274
464 277
464 280
464 283
463 285
463 288
463 291
462 293
462 296
461 299
461 302
463 303
465 302
467 301
470 301
473 301
476 301
479 301
482 301
485 301
487 302
490 303
493 303
495 304
497 305
499 306
501 308
503 309
505 310
507 311
509 312
510 314
512 315
513 317
514 319
516 320
517 322
518 325
518 328
519 330
519 333
519 336
520 338
519 340
519 343
519 346
519 349
518 351
517 354
516 356
515 358
514 360
513 362
512 364
510 366
509 368
507 369
505 371
503 372
501 373
499 375
497 376
495 377
493 378
491 379
489 380
486 381
483 381
481 382
478 383
475 383
472 384
469 384
466 384
463 384
460 384
458 383
455 383
452 382
449 381
447 380
445 379
443 378
441 376
439 375
438 373
436 372
435 370
433 369
432 367
431 365
430 363
429 361
428 359
427 357
427 354
426 352
426 349
425 347
425 344
424 341
424 338
425 336
425 333
425 330
425 327
426 324
426 321
426 318
427 316
427 313
427 310
426 307
424 306
422 305
420 304
417 304
414 304
411 304
408 304
405 304
402 305
399 305
396 304
393 304
390 304
387 304
384 304
381 304
378 303
375 303
372 303
369 303
366 303
364 302
361 302
359 303
356 303
353 303
350 303
347 303
344 303
341 303
338 303
335 303
332 303
329 303
326 303
323 303
320 303
318 302
315 302
312 302
309 302
307 301
304 301
301 301
298 301
295 301
292 301
289 301
287 302
288 304
289 306
290 308
291 310
292 312
293 314
294 316
294 319
294 322
294 325
294 328
294 331
293 334
292 336
291 338
290 340
288 342
287 344
285 346
283 348
281 349
280 351
278 352
276 353
274 354
272 355
270 356
267 357
265 358
262 358
259 359
256 359
253 359
251 358
248 358
245 357
242 357
240 356
238 355
235 355
233 354
231 353
229 352
226 351
224 350
222 349
220 347
218 346
216 345
214 344
213 342
211 341
210 339
208 338
207 336
206 334
206 331
205 329
204 326
204 323
203 321
203 318
202 316
202 313
202 310
202 307
202 304
202 301
202 298
203 296
204 293
205 291
206 289
207 287
208 285
209 283
210 281
212 279
214 277
215 275
217 274
219 272
221 271
223 269
225 268
227 267
229 266
232 265
235 265
237 264
240 264
243 264
246 264
249 264
252 264
254 265
257 265
260 265
263 265
266 265
269 265
270 263
271 260
271 257
272 255
272 252
272 249
272 246
271 244
271 241
271 238
271 235
270 233
270 230
270 227
270 224
270 221
270 218
270 215
269 213
269 210
269 207
269 204
269 201
269 198
269 195
270 193
270 190
269 188
269 185
269 182
269 179
269 176
269 173
269 170
269 167
269 164
269 161
270 159
270 156
270 153
270 150
269 148
267 149
264 149
261 149
258 149
255 149
252 149
249 149
246 149
243 149
240 149
237 148
234 148
232 147
229 147
227 146
224 146
222 145
219 144
216 144
214 142
212 141
210 140
208 139
207 137
205 136
203 134
202 132
201 130
199 129
198 126
197 124
196 122
196 119
196 116
196 113
196 110
196 107
196 104
197 102
198 99
199 96
200 94
201 92
202 90
203 88
205 86
206 84
208 83
210 81
212 79
214 78
216 77
218 76
220 75
222 74
224 73
226 71
229 71
231 70
234 70
237 69
240 69
243 69
246 69
249 69
252 69
254 70
257 70
259 71
262 72
265 73
267 74
269 75
272 76
274 77
276 78
278 79
279 81
281 82
282 84
283 86
285 88
286 90
287 92
288 95
288 98
288 101
289 103
289 106
290 108
290 111
290 114
290 117
290 120
289 122
288 125
288 128
287 126
