487
228 95
231 95
232 96
233 96
235 96
236 96
238 96
240 96
242 96
244 96
246 96
248 96
251 96
253 96
256 96
259 96
261 96
265 96
268 96
271 96
274 96
278 96
281 96
285 96
288 96
292 96
296 96
299 96
303 96
307 96
310 96
314 96
318 96
321 97
324 97
328 97
331 97
334 98
337 98
340 98
342 98
345 99
347 99
349 99
350 100
352 100
353 100
354 100
354 101
354 100
353 100
353 99
353 98
352 97
352 96
352 95
352 94
352 93
352 92
352 90
352 89
352 88
353 86
353 85
353 83
353 81
354 80
354 78
354 76
354 75
355 73
355 72
356 70
357 69
357 68
358 67
360 66
361 65
363 64
365 63
367 62
369 62
371 61
373 61
375 61
377 61
379 61
381 61
383 61
385 61
387 62
390 63
392 63
394 64
396 65
398 66
400 66
402 67
403 68
405 70
407 71
408 72
410 74
411 76
412 78
413 80
414 82
414 84
414 85
415 87
415 89
415 91
414 92
414 94
413 95
412 97
411 99
410 100
409 101
407 103
405 104
404 105
402 106
400 107
399 108
397 108
396 109
394 109
393 109
391 109
390 109
388 109
387 109
385 108
384 108
383 108
382 108
381 108
382 108
382 109
382 110
382 111
382 112
382 113
381 114
381 115
381 117
381 118
381 119
381 121
381 123
381 125
381 127
381 129
380 132
380 134
380 137
380 139
380 142
380 144
380 147
380 150
379 153
379 156
379 159
378 162
378 164
378 167
378 170
377 173
377 175
377 177
377 180
377 182
377 183
377 185
377 186
376 187
376 189
376 190
376 191
377 191
377 190
378 190
379 189
380 189
381 190
382 190
383 190
384 191
386 192
387 193
388 194
389 195
391 197
392 198
393 200
394 201
394 203
395 205
395 207
395 209
395 212
395 214
394 217
394 219
393 222
392 224
390 227
389 229
388 231
386 234
384 236
382 238
380 240
378 241
375 243
373 244
370 245
368 246
365 247
363 247
360 247
358 247
355 246
353 246
351 245
348 244
346 243
344 242
342 240
340 239
338 237
336 235
335 233
333 231
332 229
331 227
330 225
330 223
330 220
329 218
329 216
329 213
330 211
330 209
330 207
331 205
331 203
332 202
332 201
332 199
333 198
333 197
333 196
333 195
333 194
332 194
331 194
330 194
328 194
326 195
324 195
322 195
319 195
317 195
314 195
310 195
307 195
304 195
301 195
297 195
294 195
291 195
287 195
284 195
281 194
278 194
274 194
271 193
268 193
265 193
262 193
259 192
256 192
253 192
250 192
248 192
245 191
243 191
241 191
239 191
238 190
236 190
235 190
234 190
233 189
233 190
234 190
235 191
236 192
237 193
238 194
238 195
239 196
240 198
240 199
241 201
241 202
242 204
242 206
242 208
242 210
242 212
242 214
241 216
240 219
239 221
237 223
236 226
234 228
231 229
229 231
227 233
224 234
221 235
219 236
216 237
213 238
210 238
208 238
205 238
202 238
200 237
197 236
195 235
193 234
191 233
189 231
187 230
185 228
183 227
181 225
180 223
179 220
178 218
177 216
176 214
175 212
175 209
174 207
174 205
174 203
174 202
175 200
175 198
176 196
177 194
178 192
179 190
181 189
183 187
185 186
187 185
189 184
192 183
194 182
196 181
198 181
200 181
202 180
205 180
207 180
209 180
211 180
213 180
214 180
216 181
217 181
218 181
219 182
219 181
218 181
218 180
218 179
218 178
217 176
217 175
217 174
217 172
216 171
216 169
216 167
216 165
215 163
215 162
215 160
215 158
215 156
214 154
214 152
214 150
214 148
213 145
213 143
213 141
213 139
212 137
212 134
212 132
212 130
212 128
212 126
212 124
212 123
212 121
212 120
212 119
212 117
211 117
211 116
211 115
210 115
209 115
208 115
207 115
206 115
205 115
204 116
203 116
202 116
200 116
198 115
196 115
194 115
192 114
190 114
189 113
187 113
185 112
183 110
182 109
181 107
180 105
179 103
178 101
178 99
178 97
178 95
178 92
178 90
179 88
180 85
181 83
182 81
183 79
185 77
187 75
189 73
191 72
194 70
196 69
199 69
202 68
204 68
207 68
209 68
212 68
214 68
216 69
217 70
218 71
219 72
220 73
220 75
221 76
221 78
221 79
222 81
222 82
222 83
223 84
223 86
223 87
224 88
224 89
225 89
