618
257 100
261 100
262 100
264 100
266 100
267 100
270 100
273 100
275 100
279 100
282 100
285 100
289 100
292 100
296 100
300 100
303 101
307 101
311 101
315 101
319 101
323 101
327 101
330 101
334 102
337 102
341 103
344 103
347 104
351 104
354 105
357 105
361 106
364 106
367 107
370 107
373 108
376 108
379 109
381 109
383 110
385 110
387 110
389 111
391 111
393 111
394 111
395 112
396 112
397 112
398 112
398 111
398 110
398 109
398 108
399 107
399 106
399 105
399 104
399 103
400 102
400 100
400 99
401 98
401 97
402 96
402 95
403 94
403 93
404 92
405 92
406 91
407 90
408 89
409 88
410 87
411 86
412 85
414 84
415 84
416 83
418 82
419 82
420 81
422 81
423 80
425 80
426 80
427 80
429 80
430 80
432 81
433 81
435 82
437 82
439 83
440 84
442 85
444 86
446 87
447 88
449 89
451 90
452 91
454 92
456 93
458 95
459 96
461 98
462 99
464 101
465 103
466 105
466 106
467 108
468 110
468 112
469 114
469 115
469 117
470 119
470 121
470 123
470 125
469 127
469 129
468 131
468 133
467 135
466 136
465 138
464 140
463 141
461 143
459 144
457 146
455 147
453 148
451 149
449 150
447 151
445 152
443 153
441 153
439 154
436 154
434 154
432 154
430 154
428 154
426 153
425 153
423 153
422 152
421 152
419 152
418 151
417 151
416 151
416 150
415 150
414 150
414 149
414 150
414 151
414 152
415 152
415 153
415 154
415 155
414 155
414 156
414 157
414 158
414 159
413 160
413 161
413 163
413 164
412 166
412 168
412 169
412 171
411 173
411 175
411 177
411 178
410 180
410 182
410 184
410 185
410 187
409 189
409 191
409 194
409 196
408 198
408 200
408 202
408 204
407 206
407 207
407 209
407 211
407 213
406 215
406 217
406 219
405 221
405 223
405 224
404 226
404 227
404 228
404 229
404 230
404 231
403 232
403 233
403 234
404 234
404 233
405 233
406 233
407 233
408 233
409 233
410 233
411 234
412 234
413 234
414 235
415 235
416 236
417 237
418 238
419 239
420 240
421 241
422 242
423 243
423 244
424 245
425 247
425 248
426 249
427 250
427 252
427 253
428 255
428 256
428 258
428 259
429 261
429 262
428 264
428 266
428 267
427 269
427 270
426 272
425 273
424 275
423 276
421 277
420 279
418 281
416 282
414 284
412 285
409 286
407 288
405 289
402 290
400 291
397 291
395 292
393 292
390 292
388 292
386 292
383 292
381 291
379 291
377 290
376 289
374 288
372 287
370 285
369 284
367 283
366 281
364 280
363 278
362 277
361 275
360 274
360 272
359 271
359 269
358 267
358 265
358 263
358 261
357 258
358 256
358 254
358 252
358 251
358 249
359 247
359 246
359 245
360 243
360 242
360 241
360 240
361 239
361 238
361 237
360 237
359 237
358 237
357 237
356 237
355 237
354 237
353 237
351 237
349 237
347 237
345 237
343 237
341 237
338 236
336 236
333 236
331 236
328 236
325 236
323 236
320 236
317 235
314 235
311 235
308 235
304 235
301 235
298 235
295 235
292 235
289 235
286 235
283 235
280 234
277 234
274 234
271 234
269 234
267 234
265 234
263 233
261 233
260 233
259 233
257 233
256 233
256 232
255 232
254 232
254 233
255 233
255 234
256 234
256 235
257 236
257 237
258 238
258 239
258 241
259 242
259 243
259 245
259 246
259 247
259 249
259 250
259 252
259 253
258 255
258 257
257 258
257 260
256 262
255 264
254 266
252 268
251 269
249 270
248 272
246 273
244 274
242 275
240 276
238 277
235 278
233 278
231 279
228 279
226 279
223 279
221 279
218 279
216 278
214 277
211 277
209 276
207 275
205 274
203 273
202 271
200 270
199 269
198 267
197 266
196 264
195 262
194 260
194 259
193 257
193 256
193 254
193 253
193 251
193 250
193 248
193 246
194 245
194 243
195 242
196 240
197 238
197 237
198 236
199 235
200 234
201 233
202 232
203 231
205 230
206 230
208 229
210 229
212 228
213 228
215 228
217 228
218 227
220 227
221 227
222 227
224 227
225 227
226 228
227 228
228 228
229 228
229 229
230 229
231 230
231 229
231 228
231 227
231 226
231 225
230 224
230 222
230 221
230 220
230 218
229 217
229 215
229 213
229 211
229 210
229 208
229 206
229 204
229 202
229 200
229 198
229 196
229 193
229 191
229 189
229 186
229 184
230 182
230 180
230 178
230 175
230 173
230 171
230 169
230 166
230 164
230 162
230 160
229 158
229 156
229 155
229 153
229 151
229 149
229 147
229 145
228 144
228 142
228 141
228 140
228 139
228 138
228 137
228 136
227 136
227 137
226 137
225 137
225 138
224 138
223 138
222 139
221 139
220 140
218 140
217 141
215 141
213 142
211 142
209 142
207 142
204 142
202 142
200 142
199 142
197 142
196 141
194 141
193 140
191 140
190 139
189 138
187 137
186 136
185 135
184 134
183 133
182 132
181 130
181 129
180 127
180 125
179 123
179 121
179 120
179 118
179 116
180 114
180 113
180 111
181 109
182 107
183 105
183 103
185 101
186 99
187 97
188 95
190 94
191 92
193 91
195 89
196 88
198 87
200 86
202 85
204 84
207 83
209 82
211 81
213 80
214 80
216 80
218 80
219 80
221 81
222 82
223 83
225 83
226 84
227 85
228 86
229 87
231 88
232 89
232 90
233 91
234 92
235 93
235 94
236 94
236 95
237 96
237 97
237 98
238 98
238 99
239 99
