664
218 98
220 96
222 96
223 96
225 96
226 97
228 97
230 97
232 97
235 97
237 97
240 97
242 97
245 97
248 97
251 97
254 97
257 97
260 97
263 97
266 97
270 97
273 97
276 97
279 98
283 98
286 98
290 98
293 98
296 98
300 98
303 98
306 98
310 98
313 99
317 99
320 99
323 99
327 99
330 99
334 100
337 100
340 100
343 101
346 101
349 101
352 102
354 102
357 103
359 103
362 104
364 104
366 105
368 105
370 106
372 106
374 106
375 107
376 107
377 108
378 108
379 108
380 108
381 109
382 109
382 110
383 110
382 109
382 108
381 108
381 107
381 106
380 105
380 104
380 103
380 102
380 101
380 100
380 99
380 98
380 97
380 96
380 95
380 94
380 93
380 92
380 91
381 90
381 89
382 88
382 87
383 86
383 84
384 83
385 82
386 80
388 79
389 78
390 77
392 76
393 75
395 75
396 74
397 74
399 73
400 73
402 73
404 73
406 73
408 73
410 73
412 73
414 73
416 74
418 74
420 75
422 76
423 76
425 77
426 79
428 80
430 81
431 82
433 84
434 85
435 86
437 88
438 89
439 90
440 92
441 93
441 94
442 96
443 97
443 99
444 101
444 102
444 104
444 106
445 107
445 109
445 111
444 112
444 113
444 115
444 116
444 117
443 118
443 119
442 121
441 122
441 123
440 125
438 126
437 127
436 129
434 130
433 131
431 132
429 133
428 134
426 134
425 135
423 135
421 136
420 136
418 136
416 136
414 136
413 136
411 136
409 136
407 136
406 136
404 136
403 136
402 136
401 135
400 135
399 134
398 134
397 134
396 133
395 133
395 132
394 132
393 132
394 132
394 133
394 134
394 135
394 136
394 137
395 138
394 139
394 140
394 141
394 143
394 144
394 146
394 148
393 149
393 151
393 153
393 155
393 157
393 159
393 161
393 163
393 164
393 167
392 169
392 171
392 173
392 175
392 178
392 180
391 182
391 184
391 186
391 189
390 191
390 194
390 196
389 198
389 201
389 203
388 205
388 207
387 209
387 211
387 213
387 214
386 216
386 218
386 220
386 221
386 223
385 224
385 225
385 226
385 227
384 228
384 229
385 229
385 228
385 227
386 227
387 227
388 227
389 228
390 228
391 228
392 228
393 229
394 229
395 230
396 231
397 232
398 233
399 233
399 234
400 235
401 236
401 238
402 239
403 240
403 242
404 243
405 245
405 246
405 248
405 249
405 251
405 252
405 254
405 255
405 257
405 259
404 261
403 262
402 264
402 266
401 267
400 269
399 270
397 271
396 272
395 273
393 274
391 274
390 275
388 275
386 276
384 277
382 277
380 277
378 277
377 277
375 277
373 277
372 277
370 276
368 276
367 275
365 274
363 274
362 273
360 272
358 271
357 270
356 269
355 268
353 267
352 265
352 264
351 262
350 261
349 259
348 257
348 256
347 254
347 253
346 252
346 251
346 249
346 248
346 247
346 246
346 244
347 243
347 242
347 240
348 239
348 238
348 237
349 236
349 235
350 235
350 234
350 233
351 233
351 232
351 231
350 231
349 231
348 231
347 231
346 231
344 231
343 231
342 231
340 231
339 231
337 231
335 231
333 231
331 231
329 231
327 230
325 230
323 230
320 230
318 230
315 230
313 230
311 230
308 229
305 229
303 229
300 229
297 228
295 228
292 228
289 228
286 228
284 228
281 227
278 227
275 227
272 227
269 227
266 227
263 227
260 227
258 227
255 227
252 227
249 227
247 226
244 226
242 226
240 226
239 226
237 225
235 225
234 225
233 225
232 224
230 224
229 224
228 224
228 223
227 223
227 224
228 224
228 225
229 225
229 226
230 226
230 227
231 227
231 228
232 229
232 230
233 231
233 232
233 233
233 235
233 236
232 238
232 239
231 241
231 243
230 244
229 246
228 247
227 249
225 250
224 251
223 253
221 254
220 255
218 257
216 258
214 259
212 260
209 261
207 262
205 263
202 264
200 265
198 265
195 266
193 266
191 266
189 266
187 265
185 265
183 264
181 263
179 262
178 261
177 260
176 259
174 258
174 257
173 255
172 254
171 253
170 251
170 250
169 249
169 247
169 246
169 244
169 243
169 241
169 240
169 238
169 236
169 235
170 233
170 232
171 230
171 229
172 228
172 227
173 226
174 225
175 224
176 222
177 221
178 220
179 219
181 218
182 217
184 216
185 215
187 214
189 213
191 212
192 212
194 211
196 211
198 210
199 210
201 210
202 210
204 210
206 210
207 210
208 210
210 210
211 211
212 211
213 211
214 211
215 212
216 212
217 213
217 212
217 211
217 210
217 209
217 208
217 207
217 206
217 205
217 203
217 202
217 201
218 199
218 198
218 196
218 194
218 192
218 191
218 189
218 187
219 185
219 184
219 182
219 180
219 178
219 176
218 174
218 172
218 170
218 168
218 166
217 164
217 162
217 160
217 158
217 156
216 154
216 151
216 149
216 147
216 145
216 142
216 140
216 138
215 136
215 135
215 133
215 131
215 129
215 127
215 125
215 124
214 122
214 121
214 119
214 118
214 117
214 116
214 115
214 114
214 113
213 113
213 114
212 114
211 114
210 114
209 115
208 115
207 116
205 116
204 116
203 116
201 117
200 117
198 117
197 117
196 117
194 116
193 116
192 116
190 115
189 115
187 114
186 114
184 114
183 113
182 112
181 112
180 111
179 110
179 109
178 108
177 107
177 106
176 104
176 103
175 102
175 100
174 99
174 97
174 96
174 94
174 93
175 91
175 90
175 88
176 87
176 85
177 84
178 82
179 80
180 78
180 77
182 75
183 73
184 72
186 71
188 70
189 69
191 68
192 67
194 66
196 66
197 66
199 65
201 65
202 65
204 65
206 66
207 66
209 67
210 67
211 68
213 68
214 69
215 70
216 70
217 71
217 72
218 73
218 74
219 75
219 76
219 77
219 78
219 79
219 80
219 81
219 82
219 83
219 84
219 85
219 84
220 84
