692
249 101
252 101
253 101
255 101
256 101
257 101
259 101
260 101
263 101
265 101
267 101
268 101
270 101
272 101
274 101
276 101
278 101
280 101
282 102
284 102
286 102
288 102
290 102
292 103
294 103
296 103
298 103
300 104
302 104
304 104
306 104
308 104
310 104
312 104
315 104
317 104
320 104
323 104
325 104
328 104
330 104
333 104
336 104
338 104
341 104
344 104
347 105
349 105
352 105
354 105
356 105
358 106
359 106
360 106
361 106
363 107
364 107
365 107
366 107
366 106
366 105
366 104
366 103
366 102
366 101
366 100
367 99
367 98
367 97
367 96
368 96
368 95
368 94
369 93
369 92
370 92
370 91
371 90
372 89
372 88
373 88
373 87
374 86
375 85
376 84
376 83
377 82
378 82
378 81
379 81
380 80
381 79
382 79
383 79
384 78
385 78
386 78
387 78
388 78
389 78
391 78
392 78
393 78
394 78
396 78
397 78
398 78
400 79
401 79
403 79
404 80
406 81
407 81
409 82
411 83
412 84
414 85
415 85
417 86
418 87
419 88
420 89
421 90
422 90
423 91
424 93
425 94
426 95
426 96
427 97
428 99
429 100
429 102
430 103
430 105
431 106
431 108
432 109
432 111
432 112
432 114
432 115
432 116
432 118
431 119
431 120
430 122
430 123
429 125
428 126
428 128
427 129
426 131
425 132
424 133
422 134
421 135
420 136
419 137
417 138
416 138
414 139
413 140
411 140
410 141
408 141
406 141
405 142
403 142
402 142
401 142
399 142
398 142
396 141
395 141
394 141
392 141
391 140
390 140
388 140
387 139
386 138
385 138
384 137
383 136
383 137
384 137
384 138
384 139
385 140
385 141
385 142
385 143
385 144
385 145
385 146
385 148
385 149
385 150
385 152
385 153
385 155
385 156
385 157
385 159
385 160
386 161
386 163
386 164
386 166
386 168
386 170
386 171
386 173
386 175
386 176
386 178
386 179
386 181
386 182
386 183
386 185
386 186
385 188
385 189
385 191
385 192
385 194
384 195
384 197
384 199
384 200
384 201
383 203
383 204
383 205
383 206
383 207
383 208
383 209
383 210
383 211
383 212
383 211
384 211
385 211
386 211
387 211
388 211
389 211
390 211
391 212
393 212
394 212
395 212
396 213
397 213
398 214
399 214
399 215
400 215
401 216
401 217
402 217
403 218
404 219
404 220
405 221
405 222
406 222
407 223
407 224
408 225
408 226
409 227
409 228
409 229
410 230
410 231
410 232
410 234
411 235
411 236
411 238
410 239
410 241
410 242
410 244
409 245
409 247
408 248
407 249
406 250
405 251
404 252
403 254
402 255
400 256
399 258
398 259
396 260
395 261
394 261
392 262
390 263
389 263
388 264
386 264
385 264
384 265
382 264
381 264
380 264
378 264
377 264
375 263
374 263
373 262
371 262
370 261
369 260
367 260
366 259
364 258
363 257
362 257
361 256
359 255
358 254
358 253
357 252
356 251
355 250
354 249
354 248
353 247
353 246
352 245
352 243
352 242
351 241
351 239
351 238
351 237
351 235
351 234
351 233
351 231
351 230
352 229
352 228
353 227
353 226
353 225
354 225
354 224
354 223
354 222
355 221
355 220
354 220
353 220
352 220
351 220
350 220
349 220
348 220
347 220
346 220
344 220
343 221
342 221
340 221
339 221
337 221
336 221
334 221
333 221
331 221
329 221
327 221
325 221
323 221
320 221
318 221
316 220
314 220
312 220
309 220
307 220
305 220
303 220
300 220
298 220
295 220
293 220
291 220
288 220
286 220
284 220
282 219
279 219
277 219
275 219
273 219
271 219
269 219
267 218
266 218
265 218
263 218
262 217
261 217
260 217
261 218
262 219
262 220
263 220
263 221
263 222
264 223
264 224
264 225
264 226
264 227
265 228
265 229
264 230
264 231
264 232
264 234
264 235
264 236
263 238
263 239
262 240
262 242
261 243
260 244
259 245
258 247
257 247
255 248
254 249
252 250
251 250
249 251
247 251
246 252
244 252
242 253
240 253
237 254
235 254
233 254
231 254
229 254
227 254
225 253
223 253
221 252
219 252
218 251
216 250
214 250
212 249
211 248
209 248
207 247
206 246
204 244
203 243
202 242
201 241
200 239
199 238
199 237
198 235
198 234
197 233
197 232
197 230
198 229
198 228
198 227
199 226
199 225
200 224
200 223
201 222
201 221
202 220
203 219
203 218
204 217
205 217
206 216
207 215
208 215
209 214
210 214
212 213
213 213
215 213
216 213
217 212
219 212
220 212
221 212
222 212
223 212
223 213
224 213
225 213
226 213
227 213
228 213
228 212
228 211
228 210
229 209
229 208
229 207
229 206
229 205
229 204
229 203
229 202
229 201
229 200
229 199
229 197
229 196
229 194
229 193
229 191
229 189
230 187
230 186
230 184
230 182
230 181
230 179
230 177
230 175
231 173
231 171
231 169
231 167
231 165
231 163
231 161
231 159
231 157
231 155
231 153
231 151
231 149
231 147
231 145
231 143
231 141
231 140
231 138
231 137
231 135
231 134
231 133
231 131
230 130
230 129
230 128
230 127
230 126
229 125
229 124
229 123
229 122
229 123
228 123
228 124
228 125
227 125
227 126
226 126
225 127
224 128
223 129
222 130
221 130
220 131
219 132
217 132
215 133
214 133
213 134
211 134
209 134
208 134
207 134
205 134
204 134
203 134
202 133
201 133
200 133
199 132
198 132
197 131
197 130
196 129
195 128
194 127
193 126
192 125
191 124
191 122
190 121
189 120
189 118
188 117
187 116
187 115
187 113
186 112
186 111
186 110
186 108
186 107
186 105
187 103
187 102
188 100
188 98
189 97
189 95
190 94
191 93
191 91
192 90
193 89
194 87
194 86
195 85
196 83
198 82
199 81
200 80
201 79
202 78
204 77
205 76
207 75
209 75
210 74
212 74
214 74
215 74
217 74
218 74
219 74
220 74
222 74
223 74
224 74
225 75
226 75
227 76
228 76
230 77
231 78
232 79
233 80
234 81
235 82
237 83
238 84
238 85
239 86
240 87
240 88
241 89
242 90
242 91
243 91
243 92
243 93
243 94
244 94
243 94
243 95
244 95
