586
266 82
269 82
270 82
272 82
273 82
274 82
276 82
278 82
280 82
282 82
283 82
285 82
287 82
289 83
291 83
292 83
294 83
296 83
298 83
300 83
303 83
305 83
307 83
309 84
311 84
313 84
315 84
317 84
320 84
322 84
324 85
326 85
329 85
331 85
334 85
336 85
339 85
341 85
344 85
346 85
348 86
350 86
353 86
355 86
357 86
359 86
361 86
363 86
365 86
367 86
369 87
371 87
372 87
374 87
375 87
376 87
377 87
377 88
378 88
378 87
378 86
377 86
378 85
378 84
378 83
378 82
378 81
378 80
378 79
379 78
379 77
379 76
380 75
380 74
381 73
381 72
381 71
382 70
383 69
383 68
384 67
385 67
386 66
387 65
388 65
389 64
390 63
392 62
393 61
395 61
396 60
397 59
399 59
400 59
401 59
402 58
403 58
404 58
406 59
407 59
408 59
410 60
411 60
413 61
415 61
416 62
418 63
419 64
421 65
422 66
423 66
425 67
426 68
427 70
428 71
429 72
430 73
431 74
432 76
433 78
434 79
435 81
436 83
436 84
437 86
437 87
437 89
438 90
438 92
437 93
437 94
437 95
436 97
436 98
435 99
434 100
434 101
433 102
432 103
431 104
429 105
428 106
427 107
426 108
424 108
423 109
421 109
420 110
418 110
416 110
414 110
412 110
410 111
408 111
406 111
404 110
403 110
401 110
400 110
399 110
398 109
397 109
396 109
395 109
394 108
393 108
393 107
392 107
393 107
393 108
393 109
393 110
393 111
393 112
393 113
393 114
393 115
393 116
393 117
393 118
392 119
392 121
392 122
392 124
392 125
392 127
392 129
392 131
392 132
392 134
392 136
392 137
391 139
391 141
391 143
391 145
391 147
391 149
391 151
391 153
391 155
390 157
390 159
389 161
389 163
388 165
388 166
387 168
387 170
387 172
386 174
386 175
386 176
386 178
385 179
385 180
385 181
385 182
385 181
386 181
387 181
388 181
389 181
390 181
391 181
392 181
392 182
393 182
394 183
395 183
396 184
397 185
398 185
398 187
399 188
399 189
400 190
400 192
401 193
401 195
401 196
401 198
401 199
401 201
401 202
401 203
400 205
400 206
399 207
398 209
397 210
396 211
394 213
393 214
391 216
389 217
387 218
385 219
384 220
382 221
380 221
378 222
376 222
374 222
372 223
370 223
368 223
366 222
365 222
363 222
361 221
360 221
359 220
357 219
356 219
355 218
354 217
353 216
352 215
351 214
350 213
349 211
349 210
348 209
347 208
346 207
346 206
345 205
345 203
344 202
344 201
344 200
344 199
344 198
344 196
345 195
345 194
345 192
346 191
346 190
347 189
348 188
348 187
349 187
349 186
350 186
349 186
348 187
347 187
346 187
345 187
344 187
343 187
342 187
340 188
339 188
338 188
336 188
335 188
333 188
331 188
329 189
327 189
324 189
322 189
320 189
317 189
315 189
313 189
311 189
309 189
306 189
304 189
302 189
300 188
297 188
295 188
293 188
291 188
289 188
287 188
285 188
283 188
281 188
279 188
277 188
275 188
273 188
272 188
271 188
270 188
269 188
268 188
269 188
268 188
269 188
269 189
270 190
270 191
270 192
270 193
271 194
271 195
271 196
271 198
271 199
271 200
271 202
271 203
271 204
270 206
270 207
269 208
269 210
268 211
267 212
266 214
265 215
264 216
262 217
261 218
259 219
257 220
255 221
253 221
250 222
248 222
246 223
243 223
241 223
238 223
236 222
233 222
231 221
229 221
227 220
225 219
223 218
221 217
220 215
218 214
217 213
215 212
214 210
213 209
212 207
211 206
210 205
210 203
209 202
209 200
209 198
209 197
209 195
210 193
210 191
211 190
212 188
213 187
214 185
215 184
216 183
217 182
218 181
220 180
221 179
222 178
224 177
226 176
228 175
230 174
232 174
234 173
236 173
238 172
240 172
241 172
243 172
244 172
245 172
246 172
247 173
248 173
248 174
249 174
249 175
250 175
251 176
251 175
251 174
251 173
251 172
251 171
251 170
251 169
251 167
252 166
252 165
252 164
252 163
252 161
252 160
253 158
253 157
253 155
253 153
253 152
253 149
254 147
254 145
254 143
254 141
254 139
254 137
254 134
254 132
254 130
254 128
254 126
254 123
254 121
254 119
255 117
255 115
255 113
255 111
255 109
255 107
255 106
255 104
255 102
255 101
255 100
255 99
255 98
255 97
255 98
254 98
254 99
253 99
252 99
251 99
250 100
249 100
248 100
247 100
246 100
244 100
243 100
242 101
241 100
239 100
238 100
237 100
236 99
234 99
233 98
232 98
230 97
229 96
228 95
227 94
226 93
225 93
224 92
223 91
222 89
221 88
221 87
220 86
220 84
219 82
219 81
219 79
219 77
219 75
220 73
220 71
221 69
221 68
222 66
224 64
225 63
227 61
229 59
231 58
233 56
235 55
237 53
239 52
242 51
244 51
246 50
248 50
250 50
252 50
254 50
255 51
257 51
258 52
260 53
261 54
262 55
262 56
263 58
263 59
264 61
264 62
264 64
264 65
264 66
264 67
264 69
264 70
264 71
264 72
264 73
264 74
264 75
263 75
263 76
263 77
263 78
262 78
262 79
261 79
