596
262 122
266 120
267 120
268 120
270 120
271 120
273 120
275 120
277 119
279 119
281 119
283 119
286 119
288 118
290 118
293 118
295 118
298 118
301 118
303 117
306 117
309 117
312 117
315 117
318 117
321 117
324 117
327 117
331 117
334 117
337 117
341 117
344 117
348 117
351 117
355 117
359 118
362 118
366 118
369 118
372 118
376 119
379 119
382 119
385 119
388 120
391 120
394 120
397 121
400 121
403 121
405 121
407 122
409 122
411 122
412 123
413 123
415 123
416 124
417 124
417 123
417 122
416 121
416 120
416 119
416 118
416 117
416 116
416 115
415 113
415 112
415 111
415 109
415 108
415 106
415 104
416 103
416 101
416 99
417 97
417 95
418 94
418 92
419 91
420 90
421 88
422 87
424 86
425 85
427 84
429 82
430 81
433 80
435 79
437 79
439 78
441 78
443 78
445 78
447 78
449 78
451 78
454 79
456 80
458 81
461 82
463 83
465 84
467 85
469 86
471 88
472 89
474 90
476 92
477 93
479 95
481 97
482 99
484 101
485 103
486 106
487 108
488 110
488 112
489 114
489 116
490 118
490 120
490 122
489 125
489 127
489 129
488 131
487 133
487 135
486 136
485 138
483 139
482 141
480 142
478 144
476 145
474 147
471 148
469 149
466 150
464 151
461 152
458 152
456 153
453 153
451 153
448 153
446 153
444 152
441 152
439 152
438 151
436 150
435 150
433 149
432 149
432 148
431 148
431 147
430 147
430 146
430 147
430 148
430 149
430 150
430 151
431 152
430 153
430 154
430 155
430 156
430 157
430 158
430 159
430 161
430 162
430 164
429 166
429 168
429 170
428 173
428 175
428 177
428 179
427 182
427 184
427 187
427 189
427 192
427 194
426 197
426 199
426 202
426 205
426 207
425 210
425 212
425 215
425 217
425 220
424 222
424 224
424 226
423 228
423 230
423 231
422 232
422 234
422 235
422 236
422 237
422 238
422 239
422 238
423 238
423 237
424 237
425 237
426 237
427 237
428 237
430 237
431 237
433 238
435 238
437 239
438 239
440 240
442 241
443 242
445 244
446 245
447 246
448 248
449 249
450 251
451 252
451 254
452 256
452 258
452 260
453 262
452 265
452 267
452 269
451 271
451 273
450 275
449 277
448 279
447 281
445 283
444 284
442 286
440 288
439 290
437 291
434 292
432 293
430 294
427 295
425 295
422 295
420 295
417 295
415 295
412 295
410 295
407 295
405 294
402 293
400 293
398 292
395 291
393 289
391 288
389 286
387 284
385 283
383 281
382 279
381 277
380 276
379 274
378 272
377 270
377 268
377 266
377 264
377 262
377 260
377 259
377 257
377 255
377 254
378 253
378 252
379 251
379 250
380 249
381 248
382 247
382 246
381 246
380 246
379 246
378 247
376 247
375 247
373 247
371 247
369 247
366 247
364 248
361 248
359 248
356 248
353 248
350 248
347 248
344 247
341 247
338 247
335 247
332 247
329 247
326 246
322 246
319 246
316 246
313 246
309 245
306 245
303 245
300 245
297 245
294 244
291 244
288 244
286 244
283 243
280 243
276 243
274 242
272 242
270 242
268 242
267 241
266 241
265 241
264 241
263 241
263 240
263 241
264 241
264 242
264 243
265 243
265 244
266 245
266 246
267 247
267 248
268 249
268 250
269 251
269 253
269 255
269 256
269 259
269 261
269 263
269 265
269 267
268 269
267 271
267 273
266 275
265 277
263 279
262 281
260 283
259 285
257 287
254 289
252 290
249 292
247 293
245 294
243 294
240 295
238 295
235 295
233 295
230 295
228 295
225 294
223 294
220 293
218 291
216 290
214 289
212 287
210 285
208 283
206 282
204 280
202 278
201 276
200 274
199 272
198 270
198 267
197 265
197 262
197 260
197 257
197 255
197 253
198 251
198 248
199 246
200 244
201 242
202 239
204 237
206 235
208 233
210 231
212 229
214 228
216 227
219 225
221 225
223 224
225 223
227 223
229 222
232 222
234 222
236 222
238 222
240 222
241 222
243 222
244 223
245 223
246 223
247 224
248 224
249 224
250 224
249 224
249 223
249 222
249 221
248 221
248 220
248 219
248 218
248 217
248 215
248 214
248 213
248 211
248 210
248 209
248 207
248 206
248 204
248 202
248 201
248 199
248 197
248 195
248 193
249 191
249 189
249 187
249 185
249 183
249 181
249 179
249 177
249 175
249 173
249 171
249 169
249 167
249 165
249 163
249 161
249 159
249 158
249 156
249 155
249 153
249 152
249 150
249 149
249 148
249 147
249 146
249 145
249 144
249 143
248 143
248 144
247 144
247 145
246 145
245 145
244 146
242 146
241 146
239 146
237 147
236 147
234 147
232 147
229 147
227 146
225 146
223 146
221 145
219 144
217 143
215 142
213 141
211 140
210 139
208 137
207 136
205 134
204 132
203 130
203 128
202 125
202 123
201 121
201 118
202 116
202 114
202 111
203 109
204 107
205 104
207 102
208 100
210 97
212 95
214 94
216 92
218 90
221 89
223 88
226 87
229 86
231 85
234 85
237 84
240 84
243 84
245 85
248 85
250 86
252 87
254 87
256 88
258 89
259 91
261 92
262 93
263 94
263 96
263 97
264 99
264 101
264 102
264 104
264 105
264 107
263 108
263 109
263 110
263 111
262 112
262 113
262 114
263 115
