672
287 112
292 111
293 111
294 111
296 111
297 112
299 112
301 112
303 112
304 112
306 112
308 112
310 112
312 112
315 112
317 112
320 112
322 112
325 112
327 112
329 112
332 112
334 112
336 112
339 111
341 111
344 111
347 111
349 111
352 111
354 111
357 111
359 111
362 111
364 112
367 112
369 112
371 112
373 112
376 112
378 112
380 112
382 113
385 113
387 113
389 113
391 113
394 113
396 114
398 114
399 114
401 114
403 114
404 114
406 114
407 114
408 114
409 114
410 114
411 114
412 114
413 114
413 115
414 115
414 114
413 114
413 113
414 112
414 111
414 110
414 109
414 108
414 107
414 106
414 105
415 104
415 103
415 102
415 101
415 99
416 98
416 97
416 96
417 95
417 94
417 93
418 92
418 91
419 90
419 89
420 88
420 87
421 87
422 86
423 85
424 84
425 83
426 83
427 82
428 81
430 81
432 80
433 80
435 80
436 80
438 79
439 79
441 79
443 80
444 80
446 80
447 80
448 81
450 81
451 82
453 83
454 83
456 84
457 85
459 86
460 86
462 87
463 88
464 89
465 90
466 91
467 92
468 93
469 94
469 95
470 96
471 98
472 99
472 100
473 102
474 103
474 105
475 106
475 108
475 109
475 110
475 112
475 113
475 114
475 115
475 117
475 118
475 119
475 120
474 122
474 123
473 124
473 125
472 126
472 128
471 129
470 130
470 131
469 131
468 132
467 133
466 133
465 134
464 134
463 135
462 135
460 136
459 136
458 136
456 136
455 136
453 136
451 136
450 136
448 136
446 136
445 136
443 136
442 136
440 136
438 136
437 136
435 136
434 136
432 135
431 135
430 135
428 135
427 135
426 134
425 134
424 134
425 134
425 135
425 136
425 137
425 138
425 139
425 140
424 141
424 142
424 143
424 144
424 145
423 146
423 148
423 149
423 151
423 153
423 154
423 155
423 157
422 158
422 160
422 161
422 163
422 165
422 166
422 168
422 170
422 172
422 174
421 176
421 178
421 179
421 181
421 183
421 184
421 186
420 187
420 189
420 191
420 193
420 194
420 196
420 198
420 199
420 201
420 202
420 203
419 204
419 205
419 207
419 208
419 210
419 211
419 212
419 213
418 214
418 215
418 216
418 217
419 217
420 217
421 217
422 217
422 218
423 218
424 218
424 219
425 219
426 220
427 221
428 222
429 222
430 223
431 224
432 225
433 226
434 227
435 228
436 229
436 231
437 232
438 234
439 235
439 237
440 239
440 241
440 242
440 244
440 246
441 247
440 249
440 250
440 252
440 253
439 254
439 256
438 257
437 259
436 260
435 262
434 263
433 264
431 266
430 267
429 268
427 269
426 270
424 271
423 271
421 272
419 272
418 272
416 273
414 273
412 273
410 273
408 273
407 273
405 273
403 273
402 273
400 273
399 272
397 272
396 271
394 271
393 270
392 269
391 268
389 267
388 266
387 265
386 263
385 262
384 261
384 259
383 258
383 257
382 255
382 254
382 253
382 252
381 250
381 249
381 248
381 247
382 246
382 244
382 243
382 242
383 240
383 239
383 238
383 237
384 236
384 235
384 234
385 233
385 232
385 231
386 230
386 229
386 228
386 227
385 227
384 227
383 227
382 227
381 227
380 227
379 227
378 227
376 227
374 227
372 227
370 227
368 227
366 227
363 227
361 227
359 227
356 227
354 227
351 227
348 227
346 227
343 227
340 227
337 227
334 227
331 227
329 227
326 227
323 227
320 227
318 227
315 227
312 226
310 226
307 226
305 226
303 226
301 226
299 225
297 225
295 225
294 225
293 225
292 224
291 224
290 224
289 224
288 224
287 224
287 223
287 224
288 224
288 225
289 225
289 226
290 226
290 227
291 227
291 228
291 229
291 230
291 231
292 232
292 233
292 234
292 236
292 237
291 239
291 240
291 242
290 243
290 245
289 246
289 247
288 248
287 249
286 250
286 251
285 252
284 253
282 254
281 255
279 256
277 256
276 257
274 257
272 258
270 258
269 259
267 259
266 259
264 259
263 259
261 259
259 259
258 258
256 258
254 258
252 257
250 257
249 256
247 256
245 255
244 254
243 253
242 252
241 252
240 251
239 250
238 249
238 248
237 247
236 246
235 245
235 244
234 242
234 241
234 239
233 238
233 236
233 235
233 233
233 232
233 231
234 230
234 228
234 227
235 226
236 225
237 224
238 223
238 222
239 220
240 219
242 218
243 217
244 215
245 214
246 213
247 213
248 212
250 211
251 211
252 211
254 210
255 210
256 210
258 210
259 210
260 210
261 210
262 210
263 210
264 210
265 211
266 211
267 211
267 212
266 212
266 211
265 211
265 210
265 209
265 208
265 207
265 206
265 205
265 203
265 202
265 201
265 199
266 198
266 196
266 194
266 192
266 190
266 188
267 186
267 184
267 182
267 179
267 177
267 175
268 172
268 170
268 167
268 165
268 162
268 160
268 158
268 155
267 153
267 151
267 149
267 146
267 144
267 142
267 140
267 138
267 137
267 135
267 134
268 132
268 131
268 130
268 128
267 127
267 126
267 125
266 125
266 124
267 124
267 125
266 125
265 125
265 126
264 126
264 127
263 127
262 127
262 128
261 128
260 128
259 128
257 128
256 128
255 128
253 128
252 128
251 128
249 127
248 127
247 127
246 126
245 126
244 125
243 124
242 123
241 122
240 121
239 120
239 118
238 118
238 116
237 115
237 114
236 113
236 112
236 111
235 110
235 108
235 107
235 105
235 103
236 102
236 100
237 98
237 97
238 95
239 93
239 92
240 90
241 89
242 87
244 86
245 84
246 83
248 81
250 80
251 78
253 77
255 76
257 75
259 74
260 74
262 73
263 73
264 73
266 73
267 73
268 74
269 74
270 75
271 75
272 76
273 77
275 78
276 79
277 80
278 82
279 83
280 84
281 86
282 87
283 88
284 89
284 91
285 92
285 93
285 95
285 96
285 97
285 99
285 100
285 101
285 103
285 104
285 105
284 106
284 107
284 108
283 108
283 107
283 106
