584
249 97
253 96
254 96
256 96
258 97
260 97
262 97
264 97
267 97
269 98
272 98
275 98
278 98
282 99
285 99
289 99
293 99
297 99
301 99
306 100
310 100
314 100
319 100
323 100
328 101
333 101
338 101
342 101
347 101
352 101
357 102
362 102
367 102
371 103
376 103
381 103
385 103
389 104
393 104
397 104
400 105
404 105
407 105
410 105
412 106
415 106
417 106
419 106
421 106
422 107
423 107
424 107
425 107
426 107
426 106
426 105
425 104
425 103
425 102
425 101
425 100
425 99
425 98
425 97
426 96
426 95
426 93
427 92
427 91
428 90
428 88
429 87
429 85
430 83
431 82
432 80
433 79
434 77
435 76
436 74
438 73
439 72
441 71
442 70
444 69
446 69
447 68
449 68
451 67
453 67
455 67
457 67
458 67
460 67
462 68
464 68
465 69
467 69
468 70
470 71
472 72
473 73
475 74
477 76
478 77
480 79
481 80
483 82
484 84
485 86
486 87
487 89
488 91
489 93
489 95
490 97
490 99
490 101
490 103
490 105
490 107
489 109
488 111
488 113
486 115
485 116
484 118
482 119
480 121
478 122
476 123
474 125
471 126
469 127
466 128
464 128
462 129
460 130
458 130
456 130
455 130
453 130
451 130
450 129
449 129
448 129
448 128
448 129
448 130
448 131
448 132
448 133
448 134
448 135
448 137
447 138
447 139
447 140
447 142
447 144
447 145
447 147
446 149
446 152
446 154
446 156
446 158
446 160
446 163
446 165
446 168
446 171
445 173
445 176
445 178
445 181
445 184
445 186
444 189
444 191
444 194
444 197
443 199
443 202
443 204
443 206
442 208
442 210
442 212
441 214
441 216
441 218
441 219
441 220
440 222
440 223
440 224
441 224
441 223
442 223
442 222
443 222
444 222
445 222
446 222
447 222
448 222
449 223
450 223
452 224
453 224
455 225
457 226
458 226
460 227
461 228
463 230
465 231
466 232
467 234
468 236
469 238
470 240
471 242
472 244
472 246
473 248
473 250
473 253
473 255
473 257
472 259
472 262
471 264
470 266
469 268
468 270
467 272
465 274
463 275
462 276
459 278
457 279
455 280
452 280
449 281
446 282
443 282
440 282
437 283
434 283
431 282
428 282
424 281
421 281
418 280
415 279
412 278
409 277
406 276
403 275
401 273
398 272
396 270
394 269
392 267
390 265
389 263
388 261
387 259
386 257
385 255
385 253
385 252
385 250
385 248
385 247
385 245
386 243
386 242
387 240
387 239
388 237
388 236
389 235
389 234
390 234
390 233
390 232
391 231
391 230
390 230
389 230
388 230
388 231
387 231
386 231
384 231
383 231
382 231
380 231
379 231
377 231
375 231
373 231
371 231
369 231
366 231
364 231
361 231
358 231
355 231
352 231
349 231
346 231
343 230
340 230
337 230
334 230
331 229
328 229
324 228
321 228
318 228
315 228
312 227
308 227
305 227
302 227
299 226
296 226
293 226
290 226
287 225
285 225
283 225
280 224
278 224
276 224
275 223
273 223
272 223
271 223
271 222
270 222
269 222
269 221
269 222
269 223
270 223
270 224
270 225
271 225
271 226
271 227
272 229
272 230
272 231
272 233
272 235
272 237
272 239
272 241
271 243
271 245
270 247
269 249
268 251
267 253
266 254
264 256
263 258
261 260
259 262
257 263
255 265
253 266
250 267
248 267
246 268
243 268
241 268
238 268
236 268
233 267
231 267
228 266
226 265
223 264
221 262
219 261
216 259
214 258
212 256
210 254
208 252
207 251
205 249
204 246
203 244
203 242
202 240
202 238
202 236
201 234
201 232
202 230
202 229
202 227
203 225
204 223
205 221
206 219
207 217
209 215
211 214
212 212
214 211
216 209
218 208
221 207
223 206
226 206
228 205
231 205
234 204
236 204
238 204
240 204
242 204
244 204
245 204
246 204
247 204
248 204
248 205
249 205
249 204
248 204
248 203
248 202
248 201
248 200
248 199
247 198
247 196
247 195
247 194
247 192
247 191
246 189
246 188
246 186
246 185
246 183
246 181
245 180
245 178
245 176
245 174
245 172
244 169
244 167
244 165
243 163
243 161
243 159
242 156
242 154
242 152
242 149
242 147
241 145
241 143
241 141
241 139
241 137
240 135
240 134
240 132
240 130
240 129
240 127
239 126
239 125
239 124
239 123
239 122
239 121
239 120
238 120
237 120
237 121
236 121
235 122
234 122
233 123
232 123
230 124
229 124
227 124
225 125
223 125
221 125
219 126
217 126
215 126
213 125
211 125
209 125
207 124
205 123
203 123
202 122
200 121
199 120
197 119
196 117
195 116
194 115
193 113
192 112
191 110
190 108
190 107
189 105
189 103
189 101
189 98
189 96
189 94
189 92
190 90
190 88
191 85
192 83
193 80
195 78
196 76
198 74
199 72
201 70
203 69
205 67
208 66
210 65
212 64
215 64
217 63
220 62
222 62
225 62
227 62
229 62
231 63
234 63
236 64
237 65
239 65
241 66
242 67
243 69
245 70
246 71
247 72
248 74
248 75
249 77
249 78
250 80
250 81
251 83
251 85
251 86
251 87
251 89
251 90
251 91
251 92
250 92
251 92
250 92
251 92
251 91
