554
220 112
224 111
226 111
228 111
230 111
232 111
234 111
236 111
239 111
241 111
244 111
246 111
249 111
252 111
255 111
258 111
261 111
265 111
268 111
272 111
276 111
279 110
283 110
287 110
291 110
295 110
299 110
302 110
306 110
309 110
313 110
316 110
319 110
322 110
325 110
327 111
329 111
331 111
333 111
334 111
335 111
336 111
337 111
338 111
339 111
338 111
338 110
338 109
338 108
338 107
337 107
338 106
338 105
338 103
338 102
339 101
339 100
339 99
340 97
340 96
341 95
342 94
342 92
343 91
344 90
345 88
347 87
348 86
350 84
351 83
353 82
354 80
356 79
357 78
359 77
361 76
363 75
365 75
367 74
369 74
371 73
373 73
375 73
377 73
380 73
382 73
384 74
386 74
389 75
391 75
393 76
395 77
396 79
398 80
399 81
401 83
402 84
403 86
405 88
406 89
407 91
408 92
409 94
409 96
410 98
411 99
411 101
411 103
411 105
411 107
411 109
411 111
411 112
411 114
410 115
409 117
409 118
408 120
407 121
406 123
405 124
404 125
402 127
401 128
399 129
397 130
396 131
394 132
392 132
390 133
387 133
385 133
384 134
382 134
380 134
378 134
377 133
375 133
374 133
373 133
372 133
371 133
370 133
369 132
369 133
370 133
370 134
370 135
370 136
370 137
370 138
370 139
370 140
370 142
369 143
369 144
369 146
369 148
369 149
368 151
368 153
368 155
367 156
367 158
367 160
366 162
366 164
366 166
365 168
365 170
365 172
364 174
364 176
363 178
363 180
363 182
362 184
362 186
361 188
361 190
360 191
360 193
359 195
359 196
359 198
358 199
358 200
358 201
358 202
357 203
357 204
358 204
359 204
359 203
360 203
361 203
362 203
363 204
364 204
366 204
367 204
369 205
371 205
372 206
374 207
376 208
377 209
379 211
380 212
382 214
383 216
384 218
386 220
387 222
388 224
389 226
390 228
390 230
391 233
391 235
391 237
391 240
391 242
391 244
390 246
390 248
389 250
388 252
387 254
386 255
385 257
383 259
382 260
380 262
379 263
377 264
375 265
373 266
371 267
369 267
367 268
365 268
363 268
361 268
359 268
357 267
355 267
353 266
351 265
349 264
347 263
345 262
343 261
341 259
339 258
337 256
336 255
334 253
333 252
331 250
330 249
328 247
327 245
326 243
325 241
324 239
323 237
322 235
321 233
321 231
320 230
320 228
320 227
320 225
321 224
321 222
321 221
322 220
322 218
323 217
323 216
324 215
324 214
325 214
325 213
324 213
324 214
323 214
322 214
321 214
320 214
319 214
318 214
317 214
315 214
314 214
312 214
311 214
309 214
307 214
305 214
302 214
300 214
297 214
295 214
292 215
290 215
287 215
285 215
282 215
279 215
276 215
273 215
270 215
267 215
265 215
262 215
259 215
256 215
254 215
252 215
249 215
247 214
245 214
244 214
242 214
241 214
240 214
240 213
239 213
238 213
238 214
238 215
239 215
239 216
239 217
239 218
239 219
239 220
239 221
239 223
239 224
238 225
238 227
238 228
237 230
236 231
236 233
235 235
234 236
233 238
231 240
230 241
228 243
226 245
224 246
222 247
220 248
218 249
215 250
213 251
210 251
208 252
205 252
203 253
200 253
198 252
195 252
193 252
190 251
187 251
185 250
182 249
180 248
178 247
176 246
174 244
173 243
171 241
170 239
168 238
167 236
166 234
165 232
164 231
164 229
163 228
163 226
163 224
164 222
164 221
165 219
166 217
167 215
168 213
170 212
171 210
173 209
175 207
176 206
178 205
180 205
182 204
184 203
186 203
188 203
190 202
193 202
195 202
197 202
199 202
200 202
202 202
203 202
205 202
206 203
207 203
208 203
209 204
208 204
208 203
208 202
207 202
207 201
207 200
207 199
206 198
206 197
206 195
206 194
206 193
206 191
205 190
205 188
205 186
205 185
205 183
204 182
204 180
204 178
204 176
204 174
204 172
204 170
204 168
204 165
204 163
204 161
204 159
204 157
204 155
204 153
204 151
204 148
204 146
204 144
204 143
204 141
204 139
203 138
203 137
203 135
203 134
203 133
203 132
203 131
203 130
203 129
202 129
202 128
201 128
201 129
200 129
199 130
198 130
197 130
196 131
194 131
192 132
190 132
188 132
186 132
183 133
181 133
179 132
176 132
174 132
172 131
170 131
168 130
167 129
165 128
163 126
162 125
161 124
159 122
158 121
158 119
157 118
156 116
156 115
155 113
155 111
155 110
155 108
155 106
156 104
156 102
156 100
157 98
158 96
159 95
160 93
162 92
163 90
165 89
167 88
169 87
171 86
173 85
175 84
178 83
180 82
183 81
185 81
188 80
191 80
193 80
196 80
199 80
201 81
203 82
206 82
208 83
210 84
212 85
213 86
215 87
216 89
217 90
218 91
219 93
219 94
219 95
220 97
220 98
220 100
220 101
220 102
219 103
219 104
219 105
219 106
220 106
