546
246 90
252 90
253 90
255 90
256 90
258 90
260 90
262 90
264 90
265 90
267 90
269 90
271 90
273 90
275 91
277 91
279 91
281 91
283 91
285 91
287 91
289 91
291 91
293 91
295 91
298 91
300 91
302 91
305 91
307 91
309 91
312 91
314 91
317 91
319 91
322 91
324 91
326 91
329 91
331 91
333 91
336 91
338 91
340 92
343 92
345 92
347 93
349 93
350 93
352 94
353 94
354 94
355 94
356 95
357 95
357 94
356 93
356 92
355 91
355 90
356 89
356 88
356 87
357 86
358 85
358 83
359 82
359 81
360 80
360 79
361 78
362 76
363 76
364 75
365 74
366 73
368 72
369 72
371 71
372 70
373 70
375 69
376 69
377 69
378 68
379 68
380 68
382 69
383 69
384 69
385 69
387 70
388 70
390 71
392 71
393 72
394 73
396 74
397 74
398 75
399 76
401 77
402 78
403 79
404 81
405 82
406 83
406 85
407 86
408 87
408 89
408 90
408 91
408 93
409 94
408 95
408 97
408 98
408 100
407 102
407 103
406 105
406 106
405 108
404 109
403 110
402 111
401 112
400 113
399 113
398 114
396 115
394 115
392 115
390 116
388 116
386 116
384 117
383 117
381 116
380 116
378 116
377 115
376 115
375 115
375 114
374 114
373 114
374 114
374 115
374 116
374 117
374 118
374 119
374 120
374 121
374 122
374 124
374 125
374 127
374 129
374 130
373 132
373 134
373 135
373 137
373 139
373 140
373 142
373 144
373 146
373 148
373 151
373 153
373 155
373 157
373 159
373 161
373 163
372 165
372 167
372 169
372 171
372 173
372 174
371 176
371 178
371 179
371 180
371 181
370 182
370 183
370 184
370 185
370 186
371 185
372 185
373 185
374 185
375 185
376 185
377 186
378 186
379 187
380 187
381 188
382 188
383 189
384 190
384 191
385 193
386 194
387 196
387 197
388 199
388 200
389 202
389 203
389 205
389 207
388 209
388 211
388 212
387 214
387 217
386 219
385 221
384 223
383 224
381 226
380 228
378 229
377 231
375 232
373 233
371 234
369 235
367 236
366 236
364 237
362 237
360 237
359 237
357 237
356 236
354 236
352 235
351 234
349 233
347 232
346 231
344 230
343 229
341 228
340 227
339 226
338 225
337 223
336 222
335 220
335 219
334 217
334 215
334 214
333 212
333 210
333 209
333 208
333 206
334 205
334 204
334 203
335 202
336 201
336 200
337 199
338 198
339 197
340 196
341 196
341 195
342 195
341 195
341 196
340 196
339 196
338 196
337 196
336 196
335 197
334 197
332 197
330 197
328 197
326 197
324 198
322 198
319 198
317 198
314 198
311 198
309 198
306 198
303 198
300 198
297 198
294 198
291 198
288 198
285 198
282 198
279 198
275 198
273 198
270 198
267 197
265 197
263 197
260 197
258 197
257 197
255 197
254 196
252 196
251 196
250 196
249 196
250 196
250 197
250 198
251 199
251 200
251 201
251 202
251 203
251 205
251 206
251 207
250 208
250 210
249 211
249 213
248 214
247 216
245 217
244 219
243 220
241 221
240 223
238 224
237 224
235 225
233 226
231 226
229 226
227 226
225 226
223 226
221 226
219 226
217 226
215 225
213 224
211 224
210 223
208 222
206 220
205 219
204 218
202 216
201 215
200 213
199 212
199 210
198 209
198 207
197 206
197 204
197 203
197 201
197 199
197 198
197 196
198 194
199 193
199 191
201 190
202 188
204 187
206 186
207 185
209 184
211 183
213 182
215 182
217 182
218 181
220 181
221 181
222 181
224 182
225 182
226 182
227 182
229 182
230 183
231 183
232 184
233 184
233 185
234 186
235 186
235 187
236 187
235 187
235 186
235 185
234 185
234 184
234 183
234 182
234 181
233 180
233 179
233 178
233 177
233 176
233 174
233 173
233 171
233 169
233 168
233 166
233 164
233 162
233 161
233 159
233 157
233 155
233 153
233 151
233 149
233 147
233 145
233 143
233 140
233 138
233 136
233 134
234 132
234 130
234 128
234 126
234 123
234 121
234 119
234 117
234 116
234 114
234 113
234 111
234 110
234 109
234 108
234 107
234 108
233 108
232 109
231 109
230 109
229 109
227 109
226 109
225 109
224 109
222 109
221 109
219 109
218 108
216 108
214 108
213 107
211 107
210 106
209 105
207 104
206 103
205 102
204 100
204 99
203 98
203 96
202 95
202 94
202 92
202 91
202 90
202 88
202 86
202 85
203 83
203 81
204 79
205 77
206 76
208 74
209 73
211 71
212 70
214 69
216 68
217 67
219 67
220 66
222 66
223 66
225 66
226 66
228 66
229 66
231 67
232 67
234 68
235 69
236 70
237 70
238 71
239 72
240 73
241 74
241 75
242 76
243 78
243 79
244 80
244 81
244 82
244 83
244 84
244 85
244 86
244 87
244 88
244 89
244 90
243 90
