497
281 143
286 142
289 141
292 141
295 141
298 140
301 140
304 140
306 139
309 139
312 139
315 139
318 139
321 139
323 140
326 140
329 140
332 140
335 140
338 140
341 140
344 140
347 140
350 140
353 140
355 141
358 141
361 141
364 141
367 141
370 141
373 141
376 141
379 141
382 141
384 140
387 140
390 140
393 140
395 139
398 139
401 139
404 139
407 139
410 139
413 139
416 139
419 139
421 138
421 135
420 133
420 130
419 127
419 124
419 121
419 118
420 116
421 114
422 112
423 110
424 108
426 106
428 105
430 103
432 101
434 100
436 98
438 97
440 96
443 96
446 95
449 95
451 96
454 96
457 97
460 98
463 99
465 100
467 101
469 102
470 104
472 105
474 107
476 108
477 110
479 111
480 113
482 115
483 117
484 119
484 122
485 124
484 126
484 129
484 132
483 134
483 137
482 140
482 143
481 145
480 148
479 150
478 152
477 154
476 156
474 158
472 160
470 161
468 162
466 163
464 165
462 166
459 166
457 167
454 167
451 167
448 167
445 167
443 166
440 166
438 165
436 164
436 167
437 169
437 172
437 175
438 177
437 179
437 182
437 185
437 188
437 191
436 193
436 196
436 199
436 202
436 205
436 208
436 211
436 214
435 216
435 219
435 222
435 225
434 227
434 230
434 233
434 236
433 239
433 242
433 245
433 248
433 251
432 253
432 256
432 259
432 262
432 265
432 268
431 270
431 273
431 276
431 279
431 282
431 285
433 286
436 286
439 286
442 286
444 287
447 287
450 288
453 289
456 290
458 291
460 292
462 293
463 295
465 296
467 298
469 300
471 302
472 304
474 306
475 308
475 311
476 314
476 317
476 320
476 323
475 325
475 328
474 330
473 332
472 334
471 336
470 338
469 340
468 342
467 344
466 346
465 348
463 350
461 351
459 352
457 353
455 354
453 355
451 356
449 357
447 358
444 358
442 359
439 360
436 360
433 360
431 359
429 358
427 357
424 356
422 355
420 354
419 352
417 351
416 349
415 347
415 344
414 342
413 340
412 338
412 335
411 333
411 330
411 327
411 324
411 321
411 318
411 315
411 312
410 310
410 307
408 306
406 305
403 305
400 305
398 304
395 304
392 304
389 304
386 304
383 304
381 303
378 303
375 303
372 303
370 302
367 302
364 302
361 302
359 301
356 301
353 301
350 301
347 301
344 301
341 301
339 300
336 300
333 300
330 300
327 300
324 300
322 299
319 299
316 299
313 299
310 299
307 299
304 299
301 299
299 298
296 298
293 298
291 297
288 297
285 297
282 297
279 297
280 299
280 302
281 304
281 307
282 309
282 312
281 314
281 317
281 320
281 323
280 325
280 328
279 330
279 333
278 335
277 337
276 339
275 341
274 343
272 345
270 347
268 348
266 349
264 350
262 351
259 351
257 352
254 352
252 353
249 353
246 353
243 353
240 353
237 353
235 352
232 352
230 351
228 350
226 349
224 348
222 347
220 345
218 344
217 342
215 341
214 339
213 337
211 336
210 334
209 332
208 329
207 326
207 323
206 321
206 318
206 315
206 312
206 309
206 306
207 304
207 301
207 298
208 296
209 294
210 292
211 289
212 287
214 286
215 284
217 283
219 281
221 280
223 278
225 277
227 276
229 275
231 274
233 273
235 272
238 272
240 271
242 270
244 269
247 268
250 268
252 267
254 266
256 265
259 264
261 262
262 260
262 257
262 254
262 251
261 249
261 246
261 243
261 240
261 237
261 234
261 231
261 228
261 225
261 222
260 219
260 216
260 213
260 210
261 207
261 204
261 201
261 198
262 196
262 193
262 190
262 187
262 184
263 182
263 179
263 176
263 173
263 170
263 167
263 164
263 161
261 160
259 161
257 162
254 162
251 162
248 161
245 161
243 160
240 160
238 159
235 159
233 158
230 158
228 157
226 156
224 155
221 154
219 153
217 152
216 150
214 149
213 147
211 146
210 144
209 142
209 139
208 137
207 135
207 132
206 130
206 127
205 125
205 122
205 119
205 116
205 113
206 111
207 109
208 106
209 104
210 102
212 100
214 98
216 96
217 94
220 93
222 92
225 91
228 90
231 90
233 89
236 89
238 88
241 88
244 88
247 88
250 88
252 89
254 90
257 91
260 92
262 93
265 94
267 95
269 97
271 99
272 101
274 103
275 105
277 107
278 109
279 111
280 113
280 116
281 118
281 121
282 123
282 126
282 129
282 132
282 135
281 137
280 140
281 140
