740
267 119
270 118
271 118
272 118
273 119
274 119
275 119
277 119
279 119
280 119
282 119
284 119
287 119
289 119
291 119
294 119
296 119
299 119
302 119
304 119
307 120
309 120
312 120
314 120
317 120
319 120
322 120
324 120
327 121
330 121
332 121
335 121
337 121
340 121
342 121
344 121
347 121
349 122
351 122
354 122
356 122
358 123
360 123
363 123
365 123
367 123
369 124
371 124
372 124
374 125
375 125
377 125
378 125
379 125
380 126
381 126
382 126
382 125
382 124
382 123
382 122
382 121
382 120
383 120
383 119
383 118
384 117
384 116
384 115
384 114
385 113
385 112
386 111
386 110
387 109
387 108
388 107
388 106
389 105
389 104
390 103
391 102
392 101
393 100
394 99
395 98
396 97
397 96
398 95
399 95
400 94
401 93
403 93
404 92
405 92
407 91
408 91
410 91
411 91
413 91
414 90
416 90
417 90
419 90
420 90
422 91
424 91
425 91
427 91
428 92
430 92
432 93
433 94
435 94
436 95
438 96
440 97
441 98
443 99
444 100
445 102
447 103
448 104
449 106
450 107
451 109
452 110
452 111
453 112
454 114
454 115
455 117
455 118
455 120
455 121
455 123
455 125
455 127
455 129
455 130
455 132
455 133
454 135
454 136
453 138
453 139
452 141
451 142
450 144
449 145
449 147
448 148
447 150
446 151
445 152
444 154
443 155
442 156
441 157
440 157
438 158
437 158
435 159
434 159
432 160
431 160
429 160
428 160
426 160
424 160
423 160
421 160
419 160
418 160
416 160
414 160
412 159
411 159
409 159
408 159
406 158
405 158
404 158
403 157
402 157
401 157
401 156
400 156
400 157
400 158
400 159
400 160
400 161
400 162
399 163
399 165
399 166
399 167
399 169
399 171
399 172
398 174
398 176
398 177
398 179
398 181
398 182
398 184
398 185
398 187
398 189
397 191
397 193
397 195
397 197
397 199
397 200
397 202
397 204
396 206
396 207
396 209
396 211
396 213
395 215
395 217
395 219
395 221
395 222
395 224
394 226
394 227
394 229
394 230
394 232
393 233
393 235
393 236
393 237
393 239
392 240
392 241
392 242
392 243
392 244
393 244
393 243
394 243
395 243
396 243
397 243
398 243
399 243
400 243
401 244
402 244
403 244
404 245
405 245
406 245
407 246
408 246
409 247
411 248
412 248
413 249
414 249
415 250
415 251
416 251
417 252
418 253
419 254
419 255
420 256
421 257
421 258
422 259
423 261
423 262
424 263
424 265
424 266
425 268
425 269
425 270
425 272
426 273
426 274
426 276
425 277
425 279
425 280
424 282
423 284
423 285
422 287
421 289
420 290
419 292
417 293
416 294
414 295
413 297
411 298
410 299
408 300
406 301
404 302
402 303
400 303
399 304
396 304
394 305
392 305
390 305
387 305
385 305
382 305
380 305
378 304
376 304
374 303
372 303
371 302
369 301
367 300
366 299
365 299
363 298
362 297
361 296
360 295
360 294
359 293
358 292
357 290
357 289
356 288
356 286
356 285
355 283
355 282
355 281
355 279
355 278
355 277
355 276
355 275
355 274
355 273
355 272
355 271
356 270
356 269
356 268
356 267
357 267
357 266
357 265
357 264
357 263
358 263
357 263
356 263
355 263
354 263
353 262
352 262
351 262
349 262
348 262
347 262
346 261
344 261
343 261
341 261
339 261
338 261
336 261
334 261
332 261
330 261
327 261
325 261
322 261
319 261
317 261
314 261
311 261
309 261
306 261
303 261
301 261
298 261
295 261
292 261
290 260
287 260
284 260
282 260
279 260
277 260
274 260
272 260
269 260
267 260
265 260
263 260
261 260
260 259
258 259
257 259
256 259
255 259
254 259
253 259
254 259
253 259
254 259
255 259
255 260
256 260
256 261
257 262
257 263
258 264
258 265
258 266
259 266
259 267
260 268
260 269
261 270
261 271
261 272
262 273
262 274
262 275
262 277
262 278
262 279
262 281
262 282
262 284
261 285
261 287
261 289
260 290
260 291
259 293
258 294
257 295
256 297
255 298
254 299
252 300
251 301
249 303
248 304
246 305
245 306
243 307
242 308
240 309
238 310
237 311
235 312
233 312
231 312
229 313
227 313
225 313
224 313
222 313
220 312
218 312
217 312
215 311
213 311
212 310
210 309
209 308
207 307
206 306
205 305
204 304
203 303
202 302
201 301
200 300
199 299
198 298
197 297
197 296
196 295
196 293
195 292
195 291
195 290
194 288
194 287
194 285
194 284
194 283
194 281
194 280
194 279
194 278
195 276
195 275
195 274
195 273
196 272
196 271
196 270
197 269
198 268
198 267
199 266
200 265
201 264
202 263
202 262
203 261
204 260
205 259
206 259
207 258
209 258
210 258
211 257
213 257
214 257
215 257
216 256
217 256
218 256
219 256
220 256
221 256
222 257
222 256
222 255
222 254
222 253
222 252
223 251
223 250
223 249
223 248
223 247
223 246
223 244
223 242
223 241
223 239
224 237
224 235
224 233
224 231
224 229
224 227
224 225
224 223
224 221
224 219
224 217
224 215
224 212
224 210
224 208
224 206
224 204
224 202
224 200
224 197
224 195
225 193
225 190
225 188
225 186
225 184
225 181
225 179
225 177
225 175
225 173
225 171
226 169
226 166
226 164
226 162
226 161
225 159
226 157
226 156
225 154
225 153
225 151
225 150
225 148
225 147
225 146
224 145
224 144
224 143
224 142
224 141
224 140
224 141
224 140
224 141
224 142
223 142
223 143
223 144
222 144
222 145
221 146
220 147
220 148
219 149
218 150
217 151
216 152
215 153
213 153
212 154
211 155
210 155
208 156
207 156
206 157
205 157
204 157
203 157
202 157
201 157
200 157
199 157
198 157
197 156
196 156
195 156
194 155
193 155
192 154
192 153
191 153
190 152
189 151
188 150
187 149
186 148
185 146
185 145
184 144
183 142
182 141
182 140
181 138
181 137
180 135
180 134
179 132
179 131
178 129
178 127
178 125
178 123
178 121
178 119
178 117
178 115
178 113
179 112
179 110
179 108
179 106
180 104
180 102
181 100
182 98
183 96
184 94
185 93
186 91
187 90
189 89
190 87
192 86
193 85
194 84
196 83
197 82
198 81
200 80
201 79
203 78
204 77
206 77
207 76
209 76
210 76
211 76
213 76
214 76
215 76
216 76
217 76
218 77
219 77
220 78
221 79
222 80
223 80
224 81
225 82
226 83
227 84
228 85
229 86
230 87
231 88
232 89
233 90
234 92
235 93
235 94
236 95
236 96
237 97
237 98
238 99
238 100
238 101
239 102
239 103
240 103
