1362
244 105
250 105
251 105
252 105
253 105
255 105
256 105
258 105
260 105
262 104
263 104
265 104
267 104
269 104
271 103
273 103
275 103
277 103
279 103
280 103
282 103
284 102
286 102
288 102
291 102
293 102
295 102
297 102
299 102
300 102
302 102
304 102
306 102
308 102
310 102
313 102
314 102
316 102
318 102
320 102
322 102
324 102
326 102
328 102
330 102
332 102
334 102
336 102
338 102
340 102
341 102
343 102
345 102
347 102
349 102
350 102
352 102
354 102
356 102
357 102
359 102
361 102
363 102
365 102
367 102
369 102
371 102
373 102
375 102
376 102
378 102
380 102
382 102
384 102
386 102
388 102
390 102
391 102
393 102
395 102
397 102
398 102
400 102
401 102
402 102
403 102
404 102
405 102
406 102
407 102
407 101
407 100
406 100
405 99
404 98
403 97
402 96
401 95
401 94
400 94
400 93
400 92
399 91
399 90
399 89
399 88
399 87
399 86
399 85
399 84
399 83
399 82
400 81
400 79
401 78
401 77
401 75
402 74
403 73
403 72
404 70
404 69
405 68
406 67
406 66
407 65
408 63
409 62
409 61
410 60
411 59
412 58
412 57
413 56
414 55
415 54
416 53
417 52
418 51
419 50
420 49
421 48
423 47
424 47
425 46
426 45
427 45
429 44
430 44
431 44
433 43
434 43
435 43
437 42
438 42
440 42
441 42
443 42
444 42
446 42
447 42
449 42
450 42
452 42
453 43
455 43
456 43
458 43
459 44
460 44
462 45
463 45
465 45
466 46
468 47
469 47
471 48
472 48
474 49
475 50
477 51
478 51
480 52
481 53
482 54
484 55
485 56
486 57
487 58
488 59
490 60
491 62
492 63
493 64
494 65
495 66
496 67
497 69
497 70
498 71
499 72
499 73
500 75
501 76
501 77
502 79
502 80
502 82
502 83
503 84
503 86
503 87
503 88
503 89
503 91
503 92
502 93
502 95
502 96
502 97
501 98
501 100
501 101
500 102
500 103
499 105
499 106
498 107
498 108
497 109
496 111
496 112
495 113
495 114
494 115
494 116
493 116
492 117
492 118
491 119
490 120
490 121
489 122
488 122
487 123
486 124
485 125
484 126
483 127
481 128
480 129
479 129
478 130
477 130
476 131
475 132
474 132
473 133
472 133
471 134
470 134
469 135
468 135
467 136
466 136
465 136
464 137
463 137
462 138
461 138
460 138
459 139
458 139
457 139
456 139
455 140
453 140
452 140
451 140
450 140
449 141
447 141
446 141
445 141
443 141
442 141
441 141
439 141
438 141
437 141
436 141
434 141
433 141
432 141
431 141
430 141
428 141
427 140
426 140
425 140
424 140
423 140
422 139
421 139
420 139
419 139
418 138
417 138
416 138
416 137
415 137
414 137
413 137
413 138
413 139
413 140
413 141
413 142
412 143
412 144
412 145
412 146
412 147
412 148
412 149
412 150
412 151
411 152
411 153
411 154
411 155
411 156
411 157
411 158
411 159
411 160
410 161
410 162
410 163
410 164
410 165
410 166
410 167
410 168
410 169
410 170
409 171
409 172
409 173
409 174
409 175
409 176
409 177
409 178
409 179
409 180
409 181
409 182
409 183
409 184
409 184
409 185
409 186
408 187
408 187
408 188
408 189
408 190
408 191
408 192
408 193
408 194
408 195
408 196
408 197
408 198
407 199
407 200
407 201
407 202
407 203
407 204
407 205
407 206
407 207
407 208
407 209
407 210
407 211
407 212
407 213
407 214
407 215
406 216
406 217
406 218
406 219
406 220
406 221
405 222
405 223
405 224
405 225
405 226
405 227
405 228
404 229
404 231
404 232
404 233
403 234
403 235
403 236
403 237
403 238
402 239
402 240
402 241
401 242
401 243
401 244
402 244
403 244
404 244
405 244
406 244
407 244
408 244
409 244
410 244
411 245
412 245
413 245
414 245
416 245
417 245
418 246
420 246
421 246
422 247
424 247
425 247
426 248
427 248
428 249
429 249
430 249
431 250
432 250
433 251
434 252
435 252
435 253
436 253
437 254
437 255
438 255
439 256
440 256
440 257
441 258
442 259
443 260
443 261
444 261
444 262
445 263
445 264
445 265
446 266
446 267
447 268
447 269
448 270
448 271
448 272
449 273
449 274
449 275
449 276
450 277
450 278
450 279
450 280
450 281
451 282
451 283
451 284
451 285
451 286
451 287
451 288
450 289
450 290
450 291
450 292
450 293
450 294
450 295
450 296
449 297
449 298
449 299
448 300
448 301
448 302
448 303
447 304
447 305
446 306
446 307
445 308
445 309
444 310
444 311
443 312
442 313
441 314
441 315
440 315
440 316
439 316
439 317
438 317
438 318
437 318
437 319
436 319
435 320
434 320
434 321
433 321
432 322
431 322
431 323
430 323
429 323
428 324
427 324
426 324
426 325
425 325
424 325
423 325
422 326
421 326
420 326
419 326
418 326
416 326
415 327
414 327
413 327
412 327
411 327
410 327
409 327
408 327
407 327
406 327
405 327
404 326
403 326
402 326
401 326
400 325
399 325
398 325
397 325
397 324
396 324
395 324
394 323
393 323
392 323
391 322
390 322
389 321
388 320
387 320
387 319
386 319
385 319
385 318
384 317
383 317
383 316
382 316
382 315
382 314
381 313
380 312
380 311
379 310
379 309
379 308
378 307
378 306
378 305
377 305
377 304
377 303
377 302
377 301
376 300
376 299
376 298
376 297
375 297
375 296
375 295
375 294
375 293
374 292
374 291
374 290
374 289
374 288
373 287
373 286
373 285
372 284
372 283
372 282
372 281
372 280
371 279
371 278
371 277
371 276
371 275
371 274
371 273
371 272
371 271
371 270
371 269
371 268
371 267
371 266
371 265
371 264
371 263
371 262
371 261
371 260
370 259
369 259
368 259
368 258
367 259
366 259
365 259
364 259
363 259
362 259
361 259
360 259
359 259
358 259
357 259
356 259
355 259
354 259
353 259
352 259
351 259
350 259
349 259
348 259
347 259
347 258
346 258
345 258
344 258
343 258
342 258
341 258
340 258
339 259
338 259
337 259
336 258
335 258
334 258
333 258
332 258
331 258
330 258
329 258
328 258
327 258
326 258
325 258
324 258
323 258
322 258
321 258
320 258
319 258
318 258
317 258
315 257
314 257
313 257
312 257
311 257
309 257
308 257
307 257
306 257
305 257
304 257
303 257
302 257
300 257
299 257
298 257
297 257
296 257
295 257
294 257
293 257
292 257
291 257
290 257
289 257
288 257
287 257
286 257
285 257
284 257
283 257
282 257
281 257
280 257
279 257
278 256
277 256
276 256
275 256
274 256
273 256
272 256
271 256
270 256
269 255
268 255
267 255
266 255
265 255
264 255
263 255
262 255
261 255
259 254
258 254
257 254
256 254
255 254
254 254
253 254
252 254
250 254
249 254
248 254
247 254
246 254
245 254
244 254
243 254
242 254
241 254
240 254
239 254
238 254
237 254
236 254
235 254
234 254
233 254
232 254
231 254
232 254
233 255
234 255
235 256
236 256
237 257
238 257
239 257
239 258
240 258
241 259
242 260
242 261
243 261
244 262
245 263
245 264
246 264
247 265
248 266
248 267
249 268
250 269
251 270
251 271
252 272
252 273
253 274
254 275
254 276
255 277
255 278
255 279
256 279
256 280
256 281
257 282
257 283
257 284
257 285
257 286
258 287
258 288
258 289
258 290
258 291
258 292
258 293
258 294
258 295
258 296
258 297
258 298
258 299
257 300
257 301
257 302
257 303
256 303
256 304
256 305
255 306
254 307
254 308
253 308
252 309
252 310
251 311
250 312
249 313
248 314
247 315
246 316
245 316
245 317
244 318
243 318
242 319
241 319
240 320
239 321
238 321
237 322
236 322
234 323
233 323
232 324
231 324
229 324
228 325
227 325
226 325
224 326
223 326
222 326
220 326
219 326
218 327
217 327
215 327
214 327
213 327
211 327
210 327
209 327
207 326
206 326
205 326
203 326
202 326
201 325
199 325
198 325
197 324
196 324
194 324
193 323
192 323
191 322
190 322
188 322
187 321
186 321
185 320
184 320
183 319
182 319
180 318
179 317
178 317
177 316
176 316
175 315
174 315
174 314
173 313
172 313
171 312
171 311
170 310
169 310
169 309
168 308
168 307
167 307
167 306
166 305
166 304
166 303
165 302
165 301
164 301
164 300
164 299
164 298
163 297
163 296
163 295
163 294
162 293
162 292
162 291
162 289
162 288
162 287
162 286
162 285
162 284
162 283
162 282
162 281
162 280
162 279
162 278
162 277
162 275
162 274
163 273
163 272
163 271
163 270
164 269
164 268
164 267
165 266
165 264
166 263
166 262
166 261
167 260
167 259
168 258
168 257
168 256
169 255
169 254
170 253
170 252
171 251
171 250
172 249
172 248
173 247
174 246
174 245
175 244
176 243
176 242
177 241
178 240
179 239
180 238
181 237
182 236
183 236
184 235
184 234
185 233
186 232
187 232
188 231
189 230
190 230
191 229
192 229
193 228
194 228
195 227
196 227
197 227
198 226
199 226
200 226
201 226
202 225
203 225
204 225
205 225
206 224
207 224
208 224
209 224
210 224
211 224
212 224
213 224
214 224
215 224
216 224
217 224
218 225
219 225
220 226
221 226
222 227
223 227
224 228
225 228
225 229
226 229
227 230
228 230
228 231
228 230
228 229
228 228
228 227
228 226
228 225
228 224
228 223
228 222
228 221
228 220
229 220
229 219
229 218
229 217
229 216
229 215
229 214
229 213
229 212
229 211
229 210
229 209
229 208
229 207
229 206
229 205
229 204
229 203
229 202
229 201
229 200
229 199
229 198
229 197
229 196
229 195
229 194
230 193
230 192
230 191
230 190
230 189
230 188
230 187
230 186
230 185
230 184
230 183
230 182
231 181
231 180
231 179
231 178
231 177
231 176
231 175
231 174
231 173
232 172
232 171
232 170
232 169
232 168
232 166
232 165
233 164
233 163
233 162
233 161
233 159
233 158
233 157
234 156
234 155
234 154
234 153
234 152
234 151
235 150
235 149
235 148
235 147
235 146
235 145
235 144
235 143
235 142
235 141
235 140
235 139
235 138
234 138
234 139
233 139
232 140
231 140
231 141
230 141
229 142
228 143
227 143
226 143
226 144
225 144
224 144
223 145
222 145
221 146
220 146
219 146
217 147
216 147
215 147
214 147
213 148
211 148
210 148
209 148
207 148
206 148
205 149
203 149
202 149
200 149
199 149
197 148
196 148
195 148
193 148
192 148
191 148
189 147
188 147
187 147
185 146
184 146
183 145
182 145
182 145
180 144
179 144
178 143
177 142
176 142
175 141
174 140
173 140
172 139
171 138
170 137
169 136
169 135
168 134
168 133
167 132
167 131
167 130
167 129
166 128
166 127
166 126
166 125
166 124
166 123
166 122
166 121
166 120
166 119
166 118
166 117
166 116
166 114
166 113
166 112
166 111
166 110
166 109
167 108
167 106
167 105
167 104
167 103
167 102
167 101
167 100
168 98
168 97
168 96
168 95
168 94
169 93
169 92
169 91
169 90
170 88
170 87
171 86
171 85
171 84
172 83
173 82
173 81
174 80
174 79
175 78
176 77
177 76
177 75
178 74
179 73
180 72
181 71
182 70
184 69
185 68
186 67
187 67
188 66
190 65
191 64
192 63
193 62
194 61
196 61
197 60
198 59
199 59
200 58
202 57
203 57
204 56
206 56
207 55
208 55
210 54
211 54
212 54
213 53
215 53
216 53
217 53
219 52
220 52
221 52
223 52
224 52
225 52
227 52
228 52
230 52
231 52
233 52
234 52
235 52
237 53
238 53
239 53
241 53
242 54
243 54
244 55
245 55
246 55
247 56
248 56
249 57
250 57
251 58
252 58
253 59
254 60
255 61
256 62
257 63
257 64
258 65
258 66
259 67
259 68
259 69
260 69
260 70
260 71
260 72
260 73
260 74
260 75
260 76
260 77
260 78
260 79
260 81
259 82
259 83
258 84
258 85
257 86
257 87
256 88
255 89
255 90
254 91
253 92
252 93
251 94
250 95
249 96
248 97
247 98
246 98
246 99
245 99
246 99
246 98
246 98
