680
252 109
255 108
256 108
257 108
258 108
260 108
261 107
263 107
265 107
267 107
269 107
271 107
274 107
276 107
279 107
281 107
283 107
286 107
288 107
290 107
293 107
295 107
298 107
300 107
303 107
306 107
308 107
311 107
313 107
316 107
319 107
321 107
324 107
327 108
329 108
332 108
335 108
338 108
341 108
343 108
346 108
349 108
351 108
353 108
355 109
357 109
359 109
361 109
362 109
363 110
364 110
365 110
366 110
366 109
365 109
365 108
365 107
365 106
365 105
365 104
365 103
365 102
365 101
365 100
365 99
365 98
365 97
365 96
365 95
365 94
365 93
365 92
366 92
366 91
366 90
366 89
367 88
367 87
368 86
368 85
369 84
370 83
370 82
371 81
372 80
373 79
374 79
375 78
376 77
377 76
379 76
380 75
381 74
382 74
384 74
385 73
387 73
388 73
390 72
392 72
393 72
395 73
396 73
398 73
400 73
401 73
402 74
404 74
405 74
407 75
408 75
410 76
411 77
413 78
414 79
415 80
416 81
417 82
418 83
419 84
420 85
420 86
421 87
422 88
422 89
423 90
424 91
424 92
425 93
425 94
426 96
426 97
426 99
426 100
426 102
426 103
426 105
426 106
426 108
425 109
425 110
424 112
424 113
423 114
422 115
422 116
420 117
419 118
418 120
417 121
415 122
414 123
412 123
410 124
409 125
407 126
405 126
403 127
402 127
400 127
398 128
396 128
394 128
393 128
391 128
390 128
389 128
388 127
387 127
386 127
385 127
384 127
384 126
384 127
385 127
385 128
385 129
385 130
384 131
384 132
384 133
384 134
384 136
384 137
384 138
384 139
383 140
383 142
383 143
383 145
383 147
383 149
383 151
382 152
382 154
382 156
382 158
382 159
382 161
382 163
382 165
381 166
381 169
381 171
380 172
380 174
380 176
380 178
379 180
379 182
379 183
379 185
379 187
378 188
378 190
377 192
377 194
377 196
377 198
377 200
377 201
377 203
376 204
376 206
376 207
376 208
376 209
376 210
375 211
375 212
375 213
375 214
375 215
375 216
375 217
375 218
375 217
376 217
376 216
377 216
378 216
378 215
379 215
380 215
381 215
382 215
384 215
385 215
386 215
388 216
389 216
391 216
392 217
393 217
395 218
396 218
397 219
398 220
399 221
400 222
401 223
402 224
403 225
404 226
405 227
405 228
406 229
407 230
407 231
407 232
407 234
408 235
408 237
408 238
408 240
408 241
408 243
408 245
407 246
407 247
407 249
406 250
406 252
405 253
404 255
403 256
402 258
401 260
400 261
399 263
398 265
397 266
395 268
394 269
393 270
391 271
389 272
387 272
385 273
383 274
381 274
380 274
378 275
376 275
374 275
372 275
371 274
369 274
367 274
366 273
364 273
362 272
361 272
359 271
358 270
357 269
356 269
354 267
353 266
352 265
352 264
351 263
350 261
349 260
348 259
347 258
347 256
346 255
346 254
345 253
345 252
345 251
344 250
344 249
344 248
344 247
344 246
344 245
344 244
344 243
344 242
344 241
344 240
344 239
344 238
344 237
344 236
344 235
343 236
342 236
341 236
341 235
340 235
339 235
338 235
337 235
336 235
335 235
334 235
333 235
331 235
330 235
328 235
326 235
325 235
323 235
321 235
318 235
316 235
314 235
312 235
310 235
307 235
305 235
302 235
300 235
297 235
295 235
292 234
289 234
287 234
284 234
281 234
279 234
276 233
273 233
271 233
269 233
266 233
264 233
262 232
260 232
258 232
256 232
255 232
253 232
252 232
251 232
250 232
250 231
250 232
250 231
250 232
251 232
251 233
252 234
252 235
252 236
253 236
253 237
253 238
253 239
254 241
254 242
254 243
254 244
254 245
254 247
255 248
254 249
254 250
254 251
253 252
253 254
252 255
251 256
250 257
249 258
249 260
247 261
246 262
245 264
244 265
242 266
240 267
239 268
237 269
235 270
233 271
231 271
229 272
227 272
225 272
223 272
222 272
220 272
218 272
217 272
215 272
213 271
211 271
209 270
208 270
206 269
204 269
203 268
201 267
200 266
199 265
198 264
197 263
196 261
195 260
194 259
193 257
192 256
192 254
191 253
190 252
190 251
190 250
189 249
189 247
189 246
189 245
189 244
190 243
190 241
191 240
191 239
192 238
193 237
194 236
195 235
196 234
197 233
198 232
200 231
201 230
202 229
204 229
206 228
207 228
209 227
210 227
212 226
214 226
215 226
216 226
217 226
219 225
220 225
221 225
222 225
223 225
224 225
225 225
225 226
226 226
225 226
225 225
225 224
225 223
225 222
225 221
225 220
225 219
225 217
225 216
225 215
225 213
225 212
225 210
226 209
226 207
226 206
226 204
226 202
226 200
226 198
226 196
226 194
226 192
226 189
226 187
226 185
227 183
227 181
227 179
227 177
227 175
227 173
227 170
227 168
227 166
227 164
227 162
227 160
227 158
227 156
227 154
227 152
227 150
227 148
227 147
227 145
227 144
226 142
226 141
226 140
226 139
226 138
226 137
226 136
226 135
226 134
225 134
225 135
225 136
224 136
223 137
222 137
222 138
221 138
220 139
219 139
218 140
217 140
216 141
214 141
213 142
212 142
211 142
210 142
209 142
208 142
207 141
206 141
205 141
204 141
203 140
202 140
201 139
200 138
199 138
198 137
197 136
196 135
195 134
195 132
194 131
193 130
193 129
192 128
192 126
191 125
191 123
190 122
190 120
190 119
189 117
189 116
189 114
189 113
190 111
190 109
190 107
191 105
191 103
192 101
193 99
193 97
194 95
195 94
196 92
197 91
198 89
199 88
200 87
201 85
202 84
204 83
205 82
206 81
208 80
209 79
210 79
212 78
213 78
214 77
216 77
217 77
218 77
219 77
220 77
221 78
222 78
223 78
224 79
225 79
226 80
227 81
228 81
228 82
229 83
230 84
231 84
232 85
233 86
234 87
234 88
235 89
236 90
237 90
237 91
238 92
239 93
239 94
240 95
240 96
241 97
241 98
241 99
241 100
242 100
242 101
242 102
242 103
241 103
241 104
