1271
227 99
233 98
234 98
235 98
236 99
237 98
238 99
239 99
240 99
241 99
242 98
243 98
244 98
245 98
246 98
247 98
248 98
249 98
250 98
251 98
253 98
254 98
255 98
257 98
258 98
260 98
261 98
262 98
264 98
265 98
266 98
268 98
269 98
271 98
272 98
274 97
276 97
277 97
279 97
281 97
282 97
284 97
286 97
288 97
289 97
291 97
293 97
294 97
296 97
298 97
299 97
301 97
303 97
305 97
306 96
308 96
310 96
311 96
313 96
315 96
316 96
318 96
320 96
321 96
323 96
324 96
326 96
327 96
329 96
330 96
332 96
333 96
335 96
336 96
338 96
339 96
341 96
342 96
344 96
345 95
346 95
348 95
349 95
351 95
352 95
354 95
355 95
357 95
358 95
360 95
362 95
363 95
365 94
366 94
368 94
370 94
371 94
372 94
374 94
375 94
377 94
378 94
379 94
380 94
381 94
382 93
383 93
384 93
385 93
385 92
384 91
384 90
383 90
382 89
382 88
382 87
381 86
381 85
380 84
380 83
380 82
380 81
379 80
379 79
379 78
379 77
378 76
378 75
378 74
378 73
378 72
378 71
378 70
379 70
379 69
379 68
379 67
380 66
380 65
381 64
381 63
381 62
382 61
382 60
383 60
384 59
384 58
385 57
386 56
387 55
388 54
388 53
389 53
390 52
391 51
392 50
393 50
394 49
395 48
396 48
397 47
398 47
399 46
400 46
401 45
402 45
403 44
404 44
405 44
406 43
407 43
409 43
410 43
411 43
412 42
413 42
415 42
416 42
417 42
419 42
420 42
421 43
423 43
424 43
425 43
427 43
428 44
429 44
430 45
432 45
433 46
434 46
436 47
437 47
438 48
440 49
441 49
442 50
443 51
445 52
446 53
446 54
447 55
448 56
449 57
450 58
450 59
451 60
452 61
452 62
453 64
453 65
454 66
454 67
454 68
454 70
455 71
455 72
455 74
455 75
455 76
455 78
455 79
455 80
455 82
455 83
455 85
455 86
455 87
455 88
455 90
455 91
455 92
455 93
454 94
454 95
454 96
454 98
453 99
453 100
453 101
452 102
452 103
451 104
451 105
450 106
450 108
449 109
448 110
448 111
447 111
447 112
446 113
445 114
445 115
444 115
443 116
443 117
442 117
441 118
440 119
439 119
438 120
438 121
437 121
436 122
435 122
434 122
433 123
432 123
431 123
430 124
429 124
428 124
427 124
426 125
425 125
424 125
423 125
422 125
421 125
420 125
419 125
418 125
417 125
416 125
415 125
414 125
413 125
412 124
411 124
410 124
409 124
408 123
407 122
406 122
405 122
405 121
404 121
403 120
403 119
402 119
401 118
401 117
400 117
399 116
399 115
398 115
398 114
397 113
396 112
395 111
394 111
394 112
394 113
394 114
394 115
394 116
394 117
394 118
394 119
394 120
394 121
394 122
395 123
395 124
395 125
395 126
395 127
395 128
395 130
395 131
395 132
395 133
396 134
396 135
396 137
396 138
396 139
396 140
396 141
396 142
396 144
395 145
395 146
395 147
395 148
395 149
395 150
396 151
396 152
396 153
396 154
396 155
396 156
396 157
396 158
396 160
396 161
396 162
396 163
396 164
396 165
396 166
396 167
396 168
396 169
396 170
396 171
396 172
396 173
396 174
396 175
396 176
396 177
396 178
396 180
395 181
395 182
395 183
395 184
395 186
395 187
394 188
394 189
394 190
394 192
394 193
394 194
393 195
393 196
393 197
393 198
392 199
392 201
392 202
392 203
392 204
391 205
391 206
391 207
391 208
391 210
391 211
391 212
390 214
390 215
390 216
390 217
390 219
390 220
390 221
390 222
390 223
390 224
390 225
389 226
389 227
389 229
389 230
389 231
389 232
389 233
389 235
389 236
389 237
389 239
388 240
388 241
388 242
388 244
388 245
388 246
388 247
388 248
388 249
388 250
388 251
388 252
388 253
388 254
388 255
388 256
388 257
388 258
388 257
389 257
389 256
389 255
390 255
391 254
392 253
392 252
393 252
394 251
395 250
396 250
396 249
397 249
398 248
399 248
400 247
401 247
401 246
402 246
403 246
403 245
404 245
405 245
406 245
407 244
408 244
409 244
410 244
411 244
412 244
413 244
414 244
415 244
416 244
417 244
418 244
419 245
420 245
421 245
422 245
423 246
424 246
425 246
426 246
427 247
428 247
429 248
430 248
431 249
432 249
433 250
434 250
435 251
436 252
437 253
438 254
439 255
440 255
440 256
441 257
442 258
442 259
443 260
444 261
444 262
445 263
446 264
446 265
446 266
447 267
447 269
448 270
448 271
448 272
448 273
448 274
449 275
449 277
449 278
449 279
449 280
449 281
449 282
449 283
449 284
449 285
449 286
449 287
448 288
448 289
448 291
448 292
448 293
448 294
447 295
447 296
447 297
446 298
446 299
445 300
445 301
444 302
444 303
443 304
442 305
441 306
441 307
440 307
439 308
438 309
437 310
436 311
435 311
434 312
433 313
432 314
431 314
430 315
429 316
428 316
426 317
425 318
424 318
423 319
421 319
420 320
419 320
417 321
416 321
414 321
413 322
412 322
411 322
409 322
408 322
407 323
406 323
404 323
403 323
402 323
400 323
399 323
397 323
396 323
394 323
393 323
391 323
390 322
388 322
387 322
386 322
384 322
383 321
382 321
380 320
379 320
378 320
377 319
376 319
375 318
374 318
373 317
372 316
371 316
371 315
370 314
369 314
369 313
368 312
368 311
367 311
367 310
366 309
366 308
366 307
365 306
365 305
365 304
365 303
365 301
365 300
365 299
365 298
365 297
365 296
366 295
366 294
366 293
366 292
367 290
367 289
367 288
368 287
368 286
369 284
369 283
369 282
370 281
370 280
371 279
371 278
372 277
372 276
372 275
373 275
373 274
372 274
371 275
370 275
370 276
369 276
368 276
367 277
366 277
365 278
364 278
363 278
362 278
361 279
360 279
359 279
358 279
357 279
356 279
355 280
354 280
353 280
352 280
351 280
350 280
349 280
348 280
347 280
346 280
344 280
343 280
342 280
341 280
340 280
338 280
337 280
336 280
334 280
333 280
332 280
330 280
329 280
328 280
326 280
325 281
324 281
323 281
321 281
320 281
319 281
317 281
316 281
314 281
313 281
312 281
310 281
309 281
307 281
306 281
305 281
303 281
302 281
301 281
299 281
298 281
297 280
295 280
294 280
292 280
291 280
290 280
288 280
287 280
286 280
284 280
283 280
282 280
280 280
279 280
278 280
276 280
275 279
274 279
272 279
271 279
270 279
268 279
267 279
266 279
264 279
263 279
261 279
260 279
258 279
257 279
255 279
254 279
253 279
251 278
250 278
249 278
247 278
246 278
244 278
243 278
242 278
240 278
239 278
237 278
236 278
235 278
233 278
232 277
230 277
228 277
227 277
225 277
224 277
223 277
221 277
220 277
219 277
217 277
216 277
215 277
214 277
213 276
212 276
211 276
210 276
210 276
210 277
211 277
211 277
212 278
212 279
213 279
213 280
214 280
214 281
215 281
215 282
216 282
216 283
217 283
217 284
218 285
219 286
219 287
220 287
220 288
221 289
221 290
221 291
222 292
222 293
222 294
222 295
222 296
222 297
222 298
222 299
222 300
222 301
222 302
222 303
222 304
222 305
222 306
222 307
222 308
221 308
221 309
221 310
221 311
220 312
220 313
219 314
219 315
218 315
217 316
216 317
215 318
214 318
213 319
212 319
211 320
210 320
209 321
207 321
206 321
205 322
203 322
202 322
200 322
199 323
197 323
196 323
194 323
193 323
191 323
189 323
188 323
186 322
185 322
183 322
182 322
180 321
179 321
177 321
176 320
174 320
173 319
172 318
171 318
169 317
168 316
167 316
166 315
166 314
165 313
164 312
163 312
162 311
161 310
161 309
160 308
160 307
159 306
159 305
158 304
158 303
158 302
157 301
157 300
157 299
157 298
157 297
156 296
156 295
156 294
156 293
156 291
156 290
156 289
157 288
157 287
157 286
157 284
157 283
158 282
158 281
158 280
159 278
159 277
159 276
160 274
160 273
160 272
161 271
161 269
162 268
162 267
163 265
163 264
164 263
164 261
165 260
166 259
166 258
167 256
167 255
168 254
169 253
169 252
170 251
171 250
171 249
172 248
173 247
174 246
174 245
175 244
176 243
177 243
178 242
179 241
180 240
181 240
182 239
183 238
184 238
185 237
186 237
187 236
188 236
189 236
190 235
191 235
192 235
193 235
194 235
195 235
196 235
197 235
198 235
199 235
200 235
201 235
202 235
202 236
203 236
204 237
205 237
205 238
206 238
207 239
208 240
208 241
209 241
209 242
210 243
210 244
210 245
211 245
211 246
211 247
212 247
212 246
212 245
212 244
213 244
213 243
213 242
213 241
213 240
213 239
213 238
213 237
213 236
213 235
214 234
214 233
214 232
214 231
214 230
214 229
214 228
214 227
214 226
214 225
214 224
214 223
214 222
214 221
214 220
214 219
214 218
214 217
214 216
214 214
214 213
214 212
214 210
214 209
214 208
214 207
214 206
214 204
214 203
214 202
214 201
214 199
214 198
214 197
214 195
214 194
214 192
214 191
214 189
215 188
215 187
215 185
215 184
215 182
215 181
215 179
215 178
215 177
215 175
215 174
215 173
216 171
216 170
216 169
216 168
216 166
216 165
216 164
216 163
216 162
216 161
216 159
217 158
217 157
217 156
217 155
217 154
217 153
217 152
217 151
217 150
217 149
217 148
217 147
217 146
217 145
217 144
218 143
218 142
218 141
218 140
218 139
219 138
219 137
219 136
219 135
219 134
219 133
220 131
220 130
220 129
220 128
220 127
220 126
221 125
221 124
221 123
221 122
221 121
221 120
221 119
221 118
221 117
220 117
219 118
218 119
217 120
216 121
215 122
214 123
213 123
213 124
212 125
211 125
210 126
209 126
208 127
207 127
206 127
205 128
204 128
203 128
201 129
200 129
199 129
198 129
197 130
196 130
195 130
193 130
192 130
191 130
190 130
188 130
187 129
186 129
185 129
183 129
182 128
181 128
179 128
178 127
177 126
176 126
175 125
174 124
173 124
173 123
172 122
171 121
170 120
170 119
169 118
169 117
168 116
168 114
167 113
167 112
167 111
166 110
166 109
166 107
166 106
166 104
166 103
166 102
166 101
166 99
166 98
166 97
166 96
166 95
167 93
167 92
167 91
167 90
168 89
168 88
169 86
169 85
170 84
170 83
171 82
172 80
172 79
173 78
174 77
175 75
176 74
177 73
178 72
179 71
180 70
181 69
182 68
183 67
185 66
186 65
187 64
189 62
190 61
191 61
193 60
194 59
196 58
197 57
198 57
200 56
201 55
202 55
204 54
205 54
207 53
209 53
210 52
212 52
213 52
215 52
216 51
217 51
219 51
220 51
221 52
223 52
224 52
225 52
226 53
228 53
229 54
230 54
231 55
232 55
233 56
234 57
235 57
235 58
236 59
237 59
237 60
238 61
238 62
239 63
239 64
240 65
240 66
240 67
240 68
240 69
240 70
240 71
240 72
240 73
240 74
239 74
239 75
239 77
239 78
238 79
238 80
237 81
236 82
236 84
235 85
234 86
233 87
232 88
232 89
231 90
230 91
229 92
228 93
228 94
227 95
226 96
226 97
226 96
227 96
227 95
227 95
