564
283 143
287 141
290 141
293 141
296 141
298 140
301 140
304 140
307 139
310 139
313 139
317 139
320 139
323 138
326 138
329 138
332 138
335 137
338 137
341 137
344 137
347 137
349 136
352 136
355 136
358 136
362 136
365 136
368 136
371 136
374 136
377 136
380 136
383 135
387 135
391 135
395 135
398 135
402 135
404 134
407 134
411 134
414 134
417 134
421 134
425 134
429 134
432 134
436 134
440 134
444 134
447 134
450 134
453 134
456 134
459 134
462 134
462 131
462 128
462 125
463 123
463 120
463 117
464 115
464 112
465 110
466 108
467 106
468 104
469 102
470 100
471 98
473 96
474 94
476 93
477 91
479 90
481 89
483 88
485 87
487 86
489 85
492 84
495 84
497 83
500 83
503 83
506 82
509 83
513 83
516 84
519 84
521 85
523 86
525 87
527 88
529 89
531 90
533 91
535 93
537 94
538 96
540 97
541 99
542 101
544 102
545 104
546 106
547 108
548 111
549 113
550 117
551 120
552 123
552 126
553 128
553 131
554 133
554 136
554 139
553 142
553 145
552 147
551 149
550 151
549 153
548 155
547 157
545 159
544 161
542 163
541 165
539 166
538 168
536 169
534 170
532 171
529 172
526 172
524 173
521 173
519 174
516 174
513 174
510 174
506 174
503 174
500 174
497 174
494 174
493 176
493 179
493 182
493 185
492 187
492 190
492 193
492 196
492 199
492 202
492 205
492 208
492 211
492 214
492 217
491 219
491 222
491 225
490 228
490 231
490 234
490 237
489 239
489 242
488 245
488 248
488 251
487 253
487 256
487 259
487 262
487 265
487 268
487 271
487 274
487 277
487 280
486 282
486 285
486 288
486 291
485 294
485 297
485 300
485 303
484 305
484 308
484 311
484 314
485 312
487 311
489 310
492 310
494 311
497 312
499 313
501 314
503 315
505 316
507 317
509 319
511 320
513 322
515 324
517 326
519 328
520 331
522 333
523 335
525 337
526 339
527 341
528 343
529 345
530 347
531 350
531 353
531 356
531 359
531 362
531 365
530 367
529 369
529 372
527 374
526 377
525 379
523 381
522 383
521 385
520 387
518 389
516 390
515 392
513 393
511 395
509 396
507 397
504 398
501 399
498 399
495 399
492 399
489 399
487 398
484 398
481 397
479 396
476 396
474 395
471 394
468 393
465 392
462 391
460 390
457 389
455 387
453 386
451 384
449 383
447 381
445 379
443 377
441 375
439 373
438 371
436 369
435 367
434 365
433 363
432 361
431 358
430 356
430 353
429 351
429 348
428 346
428 343
428 340
428 337
429 334
429 331
429 328
430 326
429 324
428 322
425 322
422 322
419 322
417 321
414 321
411 321
408 321
406 320
403 320
400 320
397 320
394 320
392 319
389 319
386 319
383 319
380 319
377 319
374 319
371 319
368 319
365 319
362 319
358 319
355 319
351 319
347 320
343 320
339 320
335 320
332 319
329 319
325 319
322 319
319 319
316 319
313 319
310 319
306 319
303 319
300 319
298 318
295 318
292 318
289 318
286 318
282 318
279 318
276 318
274 317
274 320
275 322
275 325
274 328
274 331
273 334
273 337
272 339
272 342
271 344
271 347
270 349
269 352
268 355
267 358
266 360
265 362
263 364
261 366
259 368
257 369
255 370
253 371
251 372
249 373
246 374
243 375
240 375
237 375
234 375
231 376
228 375
224 375
222 374
219 374
216 373
213 372
210 371
207 370
204 369
201 368
199 366
196 365
194 363
192 362
190 360
188 358
187 355
185 353
183 350
182 348
181 345
180 342
179 340
179 336
178 334
178 331
179 327
179 324
180 321
181 317
182 315
183 312
184 310
185 308
187 306
188 303
190 301
191 299
193 297
195 295
197 293
199 292
201 290
203 289
205 288
207 287
210 286
213 285
217 285
219 284
222 284
225 284
228 284
231 285
234 285
237 285
239 286
242 286
242 283
243 281
244 279
245 276
245 273
245 270
246 268
246 265
246 262
246 259
246 256
247 253
247 250
247 247
247 244
247 241
247 238
247 235
247 232
247 229
247 226
247 222
247 218
247 214
247 210
247 207
247 203
247 200
247 197
247 194
248 191
248 188
248 185
249 182
249 179
249 176
249 173
250 171
250 168
250 165
251 163
251 160
251 157
250 155
248 156
246 157
243 157
240 157
236 157
233 157
230 157
228 156
225 155
223 154
220 153
217 151
214 150
212 149
209 146
206 144
203 141
201 138
199 135
198 132
197 130
196 127
195 124
195 121
194 118
194 115
194 112
195 109
195 105
196 103
197 100
198 98
199 96
201 94
203 92
204 90
207 88
210 86
211 84
213 83
216 81
218 80
220 79
223 78
225 77
229 76
232 75
236 74
241 73
245 73
249 73
254 73
258 73
263 74
267 74
269 75
273 76
276 77
278 78
281 80
284 82
285 84
287 85
289 87
292 90
294 93
295 95
296 97
297 100
298 103
299 106
299 109
299 112
298 114
298 117
297 120
296 123
295 126
294 128
293 130
291 132
290 134
289 136
288 138
288 137
