583
267 116
271 115
274 115
277 115
279 114
282 114
285 114
288 114
290 113
293 113
295 114
298 114
301 114
304 114
307 113
310 113
313 113
316 113
319 113
322 113
325 113
328 113
331 113
334 113
337 113
339 112
342 112
345 112
348 112
351 112
354 112
357 112
360 112
363 112
366 112
369 112
372 112
374 111
377 111
380 111
383 111
386 111
389 111
392 111
395 111
398 111
401 111
404 111
407 111
410 111
411 109
412 107
411 105
411 102
411 99
412 97
412 94
413 92
414 89
415 86
416 83
417 81
418 79
419 77
421 75
423 73
425 71
427 70
429 68
431 67
433 66
435 65
437 64
439 63
441 62
443 61
445 60
448 60
450 59
453 59
456 59
459 59
462 59
465 59
467 60
469 61
472 61
474 62
476 63
478 64
480 65
482 66
484 67
486 69
488 71
490 73
492 75
493 77
495 79
497 81
498 83
499 85
500 87
501 89
502 92
502 95
502 98
502 101
502 104
501 106
501 109
500 111
499 113
498 115
497 117
496 119
494 121
493 123
491 125
489 126
487 128
485 129
483 130
481 132
479 133
477 134
474 135
471 136
469 137
466 138
464 139
461 140
459 141
457 142
455 143
453 144
452 146
451 148
450 150
450 153
449 155
449 158
448 160
448 163
448 166
447 168
447 171
447 174
446 176
446 179
446 182
445 184
445 187
445 190
445 193
445 196
445 199
445 202
445 205
444 208
444 211
444 214
444 217
444 220
444 223
444 226
444 229
445 231
445 234
445 237
445 240
445 243
445 246
445 249
445 252
445 255
445 258
445 261
445 264
445 267
445 270
444 272
444 275
444 278
444 281
447 281
450 280
452 281
455 281
458 282
461 282
463 283
465 284
467 285
469 286
471 287
473 288
475 289
477 290
479 291
481 292
483 293
485 295
487 297
489 299
490 301
492 302
493 304
494 306
495 308
496 310
497 312
498 314
499 316
500 318
500 321
500 324
500 327
500 330
499 332
499 335
498 337
497 339
496 341
495 343
494 345
493 347
492 349
491 351
489 353
488 355
487 357
486 359
484 360
482 361
480 362
478 363
476 364
473 364
471 365
468 366
465 366
462 366
459 366
456 366
453 366
451 365
448 365
446 364
443 364
441 363
438 362
435 361
433 360
430 360
428 359
426 358
424 357
422 356
420 355
418 354
416 353
415 351
413 350
412 348
410 347
409 345
407 343
406 341
405 339
405 336
404 334
403 332
403 329
402 327
402 324
402 321
401 319
401 316
401 313
401 310
400 308
399 306
396 306
393 306
390 306
387 306
384 307
381 307
379 306
377 307
374 307
371 307
368 307
365 307
362 307
359 307
356 308
353 308
350 308
347 308
344 308
342 309
339 309
336 309
333 309
330 309
328 310
325 310
322 310
318 310
315 310
312 310
310 309
307 309
304 309
301 309
298 309
296 308
293 308
290 308
287 308
284 307
281 307
278 307
275 307
273 306
270 306
267 306
264 306
261 306
260 308
261 310
261 313
262 315
262 318
261 320
261 323
261 326
261 329
260 331
259 334
258 336
257 339
256 341
255 343
254 345
253 347
252 349
251 351
249 352
247 354
245 355
243 357
241 358
239 359
236 360
234 361
231 361
229 362
226 362
223 362
221 363
218 362
215 362
212 362
210 361
207 360
204 360
202 359
199 359
197 358
195 357
193 356
191 355
189 354
187 353
184 352
181 351
179 350
177 349
175 348
173 347
171 346
169 344
168 342
166 341
165 339
164 337
164 334
163 332
163 329
162 326
162 323
163 321
163 318
163 315
163 312
163 309
164 307
164 304
165 302
166 299
167 296
168 294
169 292
170 290
171 288
173 286
174 284
175 282
177 281
178 279
180 277
182 275
184 274
186 272
188 271
190 270
192 268
194 267
196 266
198 265
200 264
202 263
205 263
207 262
210 262
212 261
215 261
218 260
221 260
224 260
226 259
229 259
232 259
232 256
232 253
231 251
230 249
230 246
229 244
229 241
229 238
229 235
229 232
229 229
229 226
229 223
229 220
229 217
229 214
229 211
229 208
229 205
229 202
229 199
230 197
230 194
230 191
230 188
230 185
229 183
229 180
230 178
230 175
230 172
230 169
230 166
230 163
230 160
230 157
230 154
230 151
230 148
230 145
230 142
230 139
230 136
229 138
227 139
224 139
222 140
219 140
216 140
213 139
210 139
207 139
204 138
201 138
199 137
196 137
194 136
191 135
188 134
185 133
182 132
180 131
178 130
176 129
174 128
172 126
170 125
169 123
168 121
166 119
165 117
164 115
163 112
163 109
162 107
162 104
161 102
161 99
161 96
162 93
162 90
163 88
163 85
164 83
165 81
166 79
168 77
169 75
171 74
173 72
175 70
177 69
179 67
181 66
183 64
185 63
187 62
189 61
191 60
193 59
195 58
197 57
200 56
203 56
205 55
208 55
211 55
214 55
217 55
220 55
223 55
225 56
228 56
230 57
233 57
235 58
238 59
241 59
243 60
245 61
248 62
250 63
252 64
254 66
256 68
258 69
259 71
261 73
263 75
264 77
266 79
267 81
268 83
269 85
270 87
270 90
271 92
271 95
272 97
272 100
272 103
271 105
271 108
270 110
270 113
268 115
267 115
