442
210 48
216 47
218 46
219 46
221 46
223 46
225 45
227 45
229 45
232 44
234 44
236 44
238 44
240 44
242 43
245 43
247 43
249 43
251 43
253 43
255 43
257 43
259 43
261 43
263 42
266 42
268 42
270 42
272 42
274 42
276 42
278 42
280 42
282 42
284 42
287 42
289 42
291 42
294 42
296 41
298 41
301 41
303 41
306 41
306 41
308 41
311 41
314 41
316 41
316 41
319 41
322 41
325 41
327 40
330 40
333 40
336 40
338 40
341 40
343 40
346 40
348 40
351 40
353 39
355 40
357 39
358 39
360 39
361 39
363 39
364 39
365 39
366 40
367 40
367 41
367 42
367 43
367 44
367 45
368 46
368 47
368 48
368 49
368 50
368 52
368 53
368 54
368 55
368 56
368 58
368 59
369 60
369 61
369 63
369 64
369 65
369 66
369 68
369 69
369 71
369 72
368 74
368 76
368 77
368 79
368 81
368 83
368 84
367 86
367 88
367 90
367 91
367 93
367 94
367 96
367 98
366 100
366 101
366 103
366 105
366 107
365 109
365 111
365 112
365 114
364 116
364 118
364 120
364 121
364 123
363 125
363 127
363 129
363 131
363 133
362 135
362 137
362 139
362 141
361 143
361 145
361 147
361 149
361 151
361 153
361 155
361 157
360 159
360 161
360 163
360 165
360 167
360 169
359 171
359 173
359 174
359 176
359 178
359 179
359 180
359 182
358 182
358 184
358 185
358 186
358 187
358 188
358 189
358 190
357 190
356 189
355 189
354 188
353 188
352 188
352 187
351 187
350 187
349 186
348 186
347 186
346 186
345 185
344 185
343 185
342 185
341 185
339 185
338 185
337 184
336 184
335 184
333 184
332 184
331 184
330 183
328 183
327 183
326 183
324 183
323 183
321 183
320 183
318 183
317 183
316 183
314 183
313 183
311 183
310 183
309 184
308 184
307 184
306 184
305 184
304 185
303 185
302 186
301 187
300 187
300 188
299 188
299 189
298 190
298 191
297 191
297 192
296 193
296 194
295 195
295 196
294 197
294 198
293 199
293 200
293 201
292 202
292 203
292 205
291 205
291 207
291 208
291 209
290 210
290 211
290 212
290 213
290 214
289 215
289 216
289 217
289 218
289 219
289 220
289 221
288 223
288 224
288 225
288 226
288 227
287 229
287 230
287 231
287 232
286 233
286 235
286 236
286 237
285 238
285 239
285 241
285 242
284 243
284 244
284 246
283 247
283 248
282 249
282 250
282 251
281 252
281 253
280 254
279 255
279 256
278 257
278 258
277 258
276 259
276 260
275 261
274 262
273 263
272 264
271 265
270 266
269 266
267 267
266 268
264 269
263 270
261 270
260 271
258 271
256 272
254 273
253 273
251 274
249 274
248 274
246 275
245 275
243 275
242 276
240 276
239 276
238 276
237 276
235 276
234 276
233 276
232 276
232 277
231 277
230 277
229 277
229 276
229 275
228 274
228 273
229 273
229 272
229 271
229 270
229 269
229 268
229 267
229 266
229 265
229 263
230 262
230 261
230 259
230 258
230 256
230 255
230 253
230 251
230 250
230 248
230 246
230 245
230 243
230 241
230 239
230 238
230 236
230 234
230 232
230 230
230 229
230 227
230 225
230 223
231 221
231 219
231 217
231 216
231 214
231 211
231 209
231 207
231 205
231 203
231 201
231 199
231 197
231 195
231 193
231 191
232 188
232 186
232 183
232 181
232 178
232 176
233 173
233 171
233 168
233 166
234 163
234 160
234 157
234 155
234 152
235 149
235 147
235 144
235 142
235 139
236 137
236 134
236 131
236 129
236 126
236 123
237 121
237 118
237 115
237 112
237 109
237 107
237 104
236 101
236 99
236 96
236 94
235 91
235 89
235 87
234 84
234 82
234 80
233 77
233 75
233 72
232 70
232 68
232 66
231 64
231 62
231 60
231 59
231 57
231 56
231 55
231 54
231 53
231 52
231 51
232 51
232 51
