417
214 68
217 68
218 68
219 68
220 68
222 68
223 68
225 68
227 68
229 68
231 68
233 68
235 68
238 68
240 68
242 67
245 67
247 67
249 67
252 67
254 67
257 67
259 67
262 67
264 67
266 67
269 67
271 67
273 66
276 66
278 66
281 66
283 66
286 66
288 66
291 66
293 66
296 66
299 65
301 65
304 65
306 65
308 65
310 65
312 65
314 65
316 65
317 65
318 65
319 65
320 65
321 65
321 66
322 66
322 67
322 68
322 69
322 70
323 71
323 72
323 73
323 74
323 75
324 76
324 77
324 79
324 80
324 82
324 83
324 85
325 86
325 87
325 89
325 90
325 92
325 93
325 95
326 96
326 98
326 100
326 102
326 104
326 105
326 107
326 109
326 111
326 113
326 115
326 116
326 118
326 120
326 122
327 125
327 127
327 129
327 131
327 133
327 135
327 137
327 139
327 141
327 143
327 144
327 146
327 148
327 150
327 152
327 154
327 156
327 157
327 159
327 160
327 162
327 163
327 164
327 165
327 167
327 168
327 169
327 170
327 171
326 172
326 173
326 174
326 175
325 175
324 175
323 175
322 175
321 175
320 175
319 176
318 176
317 176
316 176
316 177
315 177
314 177
313 177
312 177
312 178
311 178
310 178
309 179
308 179
307 180
306 180
305 181
304 181
303 181
302 181
301 182
300 182
299 183
298 183
297 184
296 184
295 185
295 186
294 186
293 187
292 188
291 188
291 189
290 189
289 190
289 191
288 192
287 193
287 194
286 195
286 196
285 197
285 198
285 199
284 199
284 200
283 201
282 202
282 203
281 204
281 205
280 205
280 206
279 207
279 208
279 209
278 209
278 210
278 211
277 212
277 213
277 214
277 215
276 216
276 217
276 218
276 219
276 220
276 221
276 222
276 223
276 224
276 225
276 226
277 227
277 228
277 229
277 230
278 231
278 232
278 233
278 234
278 235
278 236
278 237
278 238
278 239
279 240
279 241
279 242
279 243
279 244
279 245
279 246
279 247
279 248
280 249
280 250
280 251
280 252
280 253
280 254
280 255
280 256
280 257
280 258
280 259
280 260
280 261
280 262
279 263
279 264
279 265
279 266
278 267
278 268
278 269
278 270
277 270
277 271
277 272
276 273
275 274
274 275
274 276
273 277
272 278
271 279
271 280
270 280
270 281
269 282
268 283
267 283
266 284
266 285
265 286
264 286
264 287
263 288
262 289
261 289
261 290
260 290
259 290
258 291
257 291
256 291
255 291
254 292
253 292
252 292
251 292
250 292
249 292
248 293
247 293
246 293
245 293
244 293
243 293
242 293
241 293
240 293
239 293
238 293
238 292
238 291
238 290
238 289
237 289
237 288
237 287
237 286
237 285
237 284
237 283
237 282
237 281
237 280
236 279
236 278
236 277
236 276
236 275
236 273
236 272
236 271
236 270
236 268
236 267
236 265
235 263
235 261
235 259
235 257
235 256
235 254
235 252
235 250
235 248
235 246
235 244
234 242
234 240
234 238
234 235
233 233
233 231
233 229
232 227
232 225
232 222
231 220
231 218
231 215
231 213
231 210
230 208
230 206
230 203
230 201
230 198
229 196
229 194
229 191
229 188
229 186
228 184
228 182
228 179
228 177
228 175
228 172
227 170
227 167
227 165
227 163
227 160
227 158
227 156
227 153
227 151
227 149
227 147
227 144
227 142
227 140
227 138
227 136
226 134
226 133
226 131
226 129
226 127
226 125
226 123
226 121
226 119
226 117
225 116
225 114
225 113
225 111
225 110
225 108
225 107
225 105
224 104
224 102
224 101
224 100
224 99
223 98
223 97
223 96
223 95
223 94
223 93
222 93
222 92
222 91
221 91
222 91
222 90
221 90
