456
217 42
223 41
224 41
226 40
228 40
230 40
232 40
234 39
236 39
238 39
240 39
242 38
244 38
247 38
249 38
251 38
254 38
256 38
259 38
262 38
264 38
267 37
270 37
273 37
275 37
278 37
281 37
284 37
286 37
289 37
292 37
294 38
297 38
300 38
302 38
304 38
307 38
310 38
312 38
315 38
318 39
321 39
324 39
326 39
329 39
332 39
335 39
338 40
340 40
343 40
346 40
348 40
351 40
353 40
355 40
357 40
358 40
360 40
361 40
362 40
363 40
364 41
364 42
364 43
364 44
365 44
365 45
365 46
365 47
365 48
365 49
365 50
365 52
365 53
365 54
365 56
366 57
366 58
366 60
366 61
366 63
366 64
366 66
366 67
366 69
366 71
366 72
366 74
366 76
366 77
366 79
366 81
366 83
366 84
366 86
366 88
365 90
365 91
365 93
365 95
365 97
365 99
365 100
365 102
364 104
364 106
364 108
364 110
364 111
364 113
364 115
364 117
364 119
364 121
364 122
364 124
364 126
364 128
364 130
364 132
364 134
364 135
364 137
364 139
363 141
363 143
363 145
363 147
363 149
363 151
363 153
363 155
363 157
363 159
362 162
362 164
362 166
362 168
362 170
362 172
362 174
362 177
362 179
362 181
362 183
362 185
362 187
362 189
362 191
362 192
362 194
362 196
362 197
362 199
362 200
362 201
362 202
362 203
362 204
362 205
362 206
362 207
361 206
360 206
359 206
359 205
358 205
357 205
356 205
355 205
354 205
353 205
352 205
351 205
350 204
349 204
347 204
346 204
345 204
344 204
342 204
341 203
340 203
338 203
337 203
335 203
333 203
332 203
330 203
328 203
327 203
325 203
323 203
321 203
319 203
318 203
316 203
314 204
312 204
310 204
308 204
306 204
304 205
303 205
301 205
299 205
298 205
296 206
295 206
294 206
293 207
292 207
291 207
290 208
289 208
288 209
287 209
286 210
285 211
284 212
283 213
283 214
282 214
282 215
281 216
281 217
280 218
280 219
280 220
279 220
279 221
279 222
278 223
278 224
278 225
278 226
278 227
277 228
277 229
277 230
277 231
277 232
277 233
277 234
277 235
277 236
277 237
276 238
276 240
276 241
276 242
276 243
276 245
276 246
276 247
276 248
276 250
276 251
275 252
275 253
275 254
275 256
275 257
275 258
275 259
274 260
274 262
274 263
274 264
274 265
273 267
273 268
273 269
272 270
272 271
272 273
271 274
271 275
270 276
270 277
269 278
269 279
268 280
268 281
267 282
266 283
266 284
265 285
264 286
263 287
262 288
261 289
259 289
258 290
257 291
255 292
254 293
252 294
251 295
249 296
248 296
246 297
245 298
243 299
241 299
240 300
238 300
236 301
234 302
233 302
231 303
229 303
227 304
225 304
223 305
222 305
220 306
218 306
216 307
215 307
213 307
211 307
210 308
209 308
207 308
206 308
205 308
204 308
204 309
203 309
202 308
202 307
202 306
203 306
203 305
203 304
203 303
204 302
204 301
204 299
204 298
204 297
204 295
204 294
204 292
204 291
204 289
205 288
205 286
205 284
205 282
205 281
205 279
205 277
205 275
206 273
206 271
206 269
206 266
207 264
207 262
207 260
208 258
208 256
208 254
209 252
209 250
209 247
209 245
210 243
210 241
210 239
210 236
211 234
211 232
211 230
211 227
211 225
212 223
212 221
212 219
212 216
212 214
212 212
213 210
213 207
213 205
213 203
213 201
213 198
213 196
214 194
214 191
214 189
214 186
214 184
214 181
214 178
214 176
215 173
215 171
215 168
215 165
215 162
216 160
216 157
216 154
216 151
216 149
216 146
217 143
217 140
217 137
217 135
217 132
218 129
218 126
218 123
218 121
219 118
219 115
219 112
219 110
219 107
220 104
220 101
220 99
220 96
220 93
220 91
220 88
220 86
220 83
221 81
221 78
221 76
221 74
221 71
221 69
221 67
221 65
222 64
222 62
222 60
222 60
222 59
222 57
222 56
222 55
222 54
222 54
222 53
222 52
222 51
222 52
222 52
