269
292 99
297 99
300 99
303 99
305 98
308 98
311 98
314 98
317 98
320 98
323 98
326 97
330 97
333 96
336 96
339 96
342 96
345 96
348 96
351 96
354 96
357 96
360 96
363 96
367 96
370 97
373 97
376 97
379 97
382 97
385 97
387 96
390 96
393 96
396 96
400 96
403 96
406 96
408 95
411 95
414 95
417 95
419 94
422 94
425 94
428 94
431 94
434 94
437 94
440 94
443 93
446 93
448 94
448 97
448 100
447 102
447 105
446 108
446 111
446 114
446 117
445 119
445 122
445 125
445 128
444 130
444 133
444 136
443 138
443 141
442 143
442 146
441 148
441 151
440 154
440 157
440 160
439 162
439 165
438 167
438 170
438 173
437 175
437 178
437 181
436 184
436 187
435 189
435 192
434 194
434 197
434 200
434 203
433 205
433 208
433 211
432 213
432 216
431 219
431 222
430 225
430 228
430 231
429 233
429 236
428 239
428 242
428 245
427 247
427 250
427 253
426 256
426 259
425 262
425 265
424 267
424 270
424 273
423 275
420 275
417 274
414 274
411 274
409 273
406 273
403 273
400 273
397 273
394 274
391 274
388 274
385 275
382 275
380 276
378 277
376 278
373 279
371 280
368 281
366 282
364 283
362 285
360 286
359 288
357 290
355 292
354 294
352 296
351 298
350 300
349 302
347 304
346 306
345 308
344 310
343 312
341 314
340 316
339 318
337 320
336 322
334 324
332 326
330 328
328 329
326 331
324 332
322 333
320 334
318 335
316 336
314 337
312 338
310 339
308 340
305 341
302 341
300 342
297 342
294 343
291 343
288 343
285 343
282 343
280 344
277 344
275 343
275 340
275 337
275 334
276 332
276 329
277 327
277 323
278 320
278 317
279 313
279 310
280 307
280 304
281 301
281 297
281 294
282 292
282 289
282 286
283 284
283 280
283 277
284 274
284 271
284 267
284 264
285 262
285 259
285 256
285 253
286 249
286 246
286 243
286 240
287 237
287 234
287 230
288 227
288 223
288 220
289 217
289 213
289 210
290 207
290 204
291 202
291 199
292 197
292 194
293 190
293 187
293 183
294 180
294 177
294 174
294 171
295 168
295 165
295 162
295 159
295 156
295 153
295 150
295 147
295 144
295 141
295 137
295 134
295 131
295 128
295 125
295 122
295 119
295 116
294 114
294 111
295 108
295 105
295 102
296 99
296 96
297 95
