228
318 76
323 75
326 75
328 74
331 74
334 74
337 73
340 73
343 73
346 73
349 73
352 73
354 74
357 73
360 73
364 73
367 73
370 73
373 73
376 73
379 73
382 73
385 73
388 73
391 73
393 72
395 73
398 72
402 72
404 73
407 73
410 73
413 73
417 73
421 73
424 74
428 74
431 74
434 74
435 76
435 79
436 81
436 84
436 88
437 90
437 93
437 96
437 99
437 102
437 105
436 108
436 111
435 114
435 118
435 121
435 124
435 127
434 129
434 132
434 135
434 139
433 141
434 145
434 148
434 151
433 154
433 157
433 160
433 163
432 166
432 169
432 172
431 174
431 177
430 179
430 182
429 185
429 188
429 191
429 194
429 197
429 200
429 203
429 206
429 209
429 212
429 215
428 217
428 220
428 223
428 226
428 229
426 230
423 230
420 230
417 230
415 229
412 229
409 229
406 229
404 230
401 230
398 230
396 231
393 231
391 232
389 233
387 234
384 235
382 236
380 237
378 238
376 239
374 240
372 241
370 243
369 245
367 247
366 249
364 251
363 253
362 255
362 258
361 260
361 263
360 266
360 269
360 272
360 275
359 278
359 281
359 284
358 286
357 289
356 292
355 294
354 297
353 299
352 302
351 304
349 306
347 308
345 309
343 310
341 311
339 312
336 312
334 313
331 314
328 314
325 315
322 315
319 315
316 316
313 316
311 315
311 312
311 309
311 306
312 303
312 300
312 297
312 294
312 290
312 287
313 285
313 282
313 278
313 275
313 272
314 269
314 265
314 262
315 259
315 256
315 252
315 249
316 246
316 243
316 239
316 236
316 233
317 231
317 228
317 224
317 220
318 217
318 213
319 209
319 206
319 202
319 198
320 196
320 192
320 189
320 185
320 182
320 178
320 174
320 170
320 166
320 162
321 160
321 156
321 152
321 148
321 144
321 140
321 136
321 132
322 128
322 125
322 121
322 118
322 115
322 112
322 109
322 106
322 103
322 100
322 97
322 94
322 91
322 88
322 84
322 81
323 78
324 77
