295
314 112
319 113
320 113
321 113
323 113
325 113
327 113
329 113
332 113
335 113
337 113
340 113
343 113
346 113
349 113
353 113
356 113
359 112
362 112
365 112
368 112
370 112
373 112
376 112
378 112
380 112
383 112
385 112
387 112
389 112
390 112
392 112
394 112
395 112
396 111
398 111
399 111
400 111
401 111
402 111
403 111
404 111
404 112
405 112
405 113
405 114
406 115
406 116
406 117
407 118
407 120
407 121
407 123
407 124
407 126
407 128
407 130
407 132
407 134
407 136
407 138
407 140
407 143
407 145
407 147
407 150
408 152
408 154
408 156
408 159
408 161
408 163
408 166
408 168
408 170
408 172
407 175
407 177
407 179
407 181
407 183
408 185
408 187
408 189
408 191
408 193
408 194
408 196
408 197
408 199
408 200
408 201
408 202
408 203
408 204
408 205
407 205
407 206
406 206
405 206
404 206
403 206
402 206
401 207
400 207
399 207
397 208
396 208
395 209
393 210
392 210
391 211
389 212
388 213
387 214
386 215
384 217
384 218
383 219
382 221
381 222
380 224
380 225
379 227
379 228
378 230
378 232
378 233
377 235
377 237
377 239
377 241
376 243
376 246
376 248
376 250
375 252
375 254
375 257
375 259
374 261
374 263
373 265
373 267
373 270
372 272
372 274
371 275
371 277
370 279
370 281
369 282
368 284
368 285
367 287
366 288
365 289
364 291
363 292
362 293
361 295
359 296
358 297
357 298
355 299
354 300
353 300
351 301
350 302
349 302
347 303
346 303
345 304
343 304
342 305
340 305
339 305
337 306
336 306
334 306
333 306
332 307
330 307
329 307
328 308
327 308
326 308
325 308
325 309
324 309
324 308
324 307
323 306
323 305
323 304
323 303
323 302
322 300
322 299
322 297
322 296
322 294
321 292
321 290
321 288
321 286
321 285
321 283
320 281
320 279
320 277
320 275
319 273
319 271
319 269
319 267
318 265
318 263
318 261
318 259
318 257
318 255
318 253
318 251
318 249
317 248
317 246
317 244
317 242
317 239
317 237
317 235
317 233
317 231
317 229
316 226
316 224
316 222
316 220
316 218
316 215
316 212
315 210
315 207
315 205
315 202
315 199
315 197
315 194
315 192
315 189
315 187
315 185
315 182
315 180
315 177
315 175
315 172
315 170
315 167
315 165
314 163
314 161
314 158
314 156
314 154
314 153
314 151
314 149
314 147
314 145
314 143
314 141
314 139
314 137
314 136
314 134
314 133
314 131
314 130
314 129
314 128
314 127
314 125
314 124
314 123
314 122
314 121
314 120
314 119
314 118
314 117
314 116
315 115
315 114
