346
341 101
344 101
346 101
348 101
350 101
352 101
354 101
356 101
359 101
361 100
364 100
367 100
369 100
372 100
375 100
378 100
381 99
384 99
387 99
390 99
393 99
395 98
398 98
401 98
403 98
406 98
408 98
411 98
413 97
415 97
417 97
419 97
421 97
423 97
424 97
426 97
428 96
429 96
431 96
433 96
434 96
435 96
437 96
438 95
439 95
440 95
441 95
442 95
443 95
444 95
445 95
446 95
447 95
448 95
448 96
449 97
449 98
450 99
450 100
450 101
451 102
451 103
451 104
451 106
452 107
452 108
452 109
452 111
453 112
453 114
453 116
453 117
453 119
453 121
453 122
453 124
453 126
453 128
454 129
454 131
454 133
454 135
454 137
454 139
454 141
454 143
454 145
454 147
454 149
454 151
454 153
454 156
454 158
454 161
454 163
454 166
454 169
454 171
454 173
454 175
454 178
454 180
454 182
454 184
454 186
454 188
454 190
454 192
454 194
454 196
454 197
454 199
454 201
455 202
455 203
455 205
455 206
455 207
455 208
455 209
455 210
455 211
455 212
454 213
453 214
452 215
451 215
451 216
450 216
449 217
448 218
446 218
445 219
444 219
443 220
441 221
440 221
439 222
438 223
436 224
435 224
434 225
433 226
431 227
430 228
429 229
428 230
428 231
427 232
426 233
425 234
425 235
424 236
424 237
424 238
423 239
423 240
422 241
422 242
422 244
421 245
421 246
421 247
420 249
420 250
420 251
419 253
419 254
419 256
418 257
418 259
417 260
417 262
417 263
416 265
416 267
415 268
415 270
415 271
414 273
414 274
413 276
413 277
412 278
412 280
411 281
411 282
410 283
409 285
409 286
408 287
407 288
406 289
405 290
405 291
404 292
403 292
402 293
401 294
399 295
398 296
397 296
396 297
394 298
393 299
392 299
390 300
389 301
387 301
386 302
384 302
383 302
381 303
380 303
378 303
377 304
376 304
374 304
373 305
372 305
371 305
370 305
369 305
368 306
367 306
366 306
365 306
364 306
363 306
363 305
362 304
362 303
362 302
361 300
361 299
361 298
360 296
360 295
360 293
360 291
360 289
359 287
359 285
359 283
359 282
358 280
358 278
357 276
357 274
357 272
356 270
356 268
355 266
355 265
355 263
354 261
354 259
354 258
354 256
353 254
353 253
353 251
353 249
353 247
353 246
353 244
352 242
352 240
352 238
352 236
352 234
352 232
352 230
352 229
352 227
351 225
351 223
351 221
351 219
351 216
351 214
350 212
350 210
350 208
350 206
350 203
350 201
350 199
350 197
349 195
349 193
349 190
349 188
349 185
350 183
350 181
350 178
350 176
350 174
350 171
350 169
350 167
350 165
350 162
349 160
349 157
349 155
349 152
349 150
349 148
349 145
349 143
350 141
350 139
350 138
349 136
349 134
349 132
349 130
349 129
348 127
348 126
348 124
348 123
347 121
347 120
347 118
346 117
346 116
345 115
345 113
344 112
344 111
343 110
343 109
342 108
342 107
342 106
341 106
341 105
340 105
340 104
340 103
340 102
341 102
342 101
