288
276 95
280 94
283 94
286 94
288 93
291 93
294 93
298 93
301 93
304 93
307 92
309 93
311 92
315 92
318 92
322 92
326 92
329 92
332 92
336 92
340 92
343 92
346 92
349 92
352 92
355 92
359 92
362 92
365 92
368 92
372 92
375 92
378 92
381 92
384 92
387 92
390 92
393 92
397 92
399 91
402 91
405 91
408 91
411 91
414 91
417 91
420 91
422 90
425 90
428 90
431 90
434 90
437 90
439 89
442 89
443 91
443 94
443 97
443 100
443 103
443 106
443 109
443 112
443 115
442 119
442 122
442 125
442 128
441 131
441 134
440 137
440 140
440 143
440 146
439 148
439 151
439 154
438 156
438 159
438 162
438 165
437 167
437 170
437 173
437 176
437 179
437 182
437 185
437 188
437 191
437 195
437 198
437 201
438 203
438 207
438 210
439 212
439 215
440 217
440 220
441 223
441 226
442 228
442 231
443 233
443 236
443 239
443 242
443 245
443 248
443 251
442 253
442 256
441 258
439 259
436 259
434 260
432 259
429 259
426 259
424 260
422 259
419 259
415 259
413 260
410 260
407 260
404 260
401 260
398 261
395 261
393 262
390 262
388 263
385 263
383 264
380 265
378 266
376 267
374 268
371 269
369 270
367 271
365 272
363 273
361 275
359 277
357 279
355 280
354 282
352 283
351 285
350 287
348 289
347 291
346 293
345 296
344 299
343 301
342 304
341 307
341 310
340 312
340 315
339 318
339 321
338 324
338 328
337 330
336 332
335 334
334 338
333 340
332 342
331 344
330 346
329 348
327 350
326 352
325 354
323 356
321 358
319 359
317 360
315 361
313 362
311 364
309 365
307 366
304 367
301 368
298 368
296 369
293 369
291 370
288 370
285 370
282 370
279 370
276 370
273 370
270 370
267 370
265 371
263 370
263 367
263 364
263 361
263 358
263 355
263 352
263 349
263 346
263 342
263 339
264 336
264 333
264 330
265 327
265 324
266 322
266 319
267 315
267 312
268 310
268 306
269 302
269 298
270 294
270 290
271 287
271 283
271 279
272 276
272 273
273 271
273 267
273 264
274 262
274 259
274 255
274 251
274 248
275 246
275 242
276 238
276 234
276 230
277 226
277 223
277 219
277 215
277 212
277 208
277 205
277 201
277 197
277 193
277 189
277 185
277 181
277 177
277 173
277 170
277 167
278 163
278 160
278 157
278 153
279 149
279 145
279 142
279 138
279 135
279 131
279 128
279 125
279 122
279 119
279 116
279 113
279 110
279 107
279 104
279 101
279 98
280 95
280 94
