287
211 76
214 73
215 73
217 72
219 72
221 72
223 71
225 71
227 71
230 70
233 70
236 69
239 69
242 68
245 68
249 67
252 67
256 66
259 66
263 66
266 65
269 65
273 65
276 64
279 64
282 64
284 63
287 63
289 63
291 63
293 63
295 63
297 62
298 62
299 62
300 62
301 62
302 62
303 63
303 64
303 65
303 66
303 67
304 68
304 69
304 70
304 72
305 73
305 75
305 77
306 79
306 81
307 83
307 85
307 87
308 90
308 93
309 95
309 98
310 101
310 104
311 108
311 111
311 114
312 117
312 121
312 124
313 127
313 130
313 134
314 137
314 140
314 143
315 146
315 149
315 152
315 155
316 158
316 161
316 164
316 166
316 169
316 171
316 173
316 175
316 177
316 179
317 181
317 183
317 184
317 185
317 186
317 187
317 188
317 189
317 190
317 191
317 192
316 191
315 191
314 191
313 191
312 191
311 191
310 191
309 191
308 191
307 191
306 191
305 191
304 191
303 191
301 191
300 191
299 191
297 191
296 192
294 192
293 192
292 192
290 193
289 193
288 194
286 194
285 195
284 196
283 196
281 197
280 198
279 199
278 199
277 200
275 201
274 202
273 203
272 204
271 205
270 206
268 207
267 208
266 209
265 210
264 211
263 212
262 214
261 215
261 216
260 217
259 218
259 220
258 221
257 222
257 224
256 225
256 227
255 229
255 230
254 232
254 234
253 236
253 238
253 239
252 241
252 243
251 245
251 247
250 249
250 251
249 253
249 255
248 257
247 259
247 261
246 264
245 266
244 268
243 269
241 271
240 273
239 275
237 277
236 278
234 280
233 282
231 283
229 285
227 286
225 287
223 288
221 289
218 290
216 291
213 292
211 293
209 294
206 294
204 295
201 296
199 296
197 297
194 297
192 298
190 298
188 299
186 299
185 299
183 300
182 300
181 300
180 301
179 301
178 301
177 301
177 300
176 299
176 298
175 297
175 296
174 294
174 293
173 291
173 289
172 287
172 285
171 283
171 280
170 277
169 274
169 270
168 267
167 263
167 259
166 255
165 251
165 247
164 242
163 237
163 233
162 228
162 223
162 218
161 213
161 208
161 203
161 198
161 193
161 188
161 184
161 179
161 175
161 170
161 166
161 162
161 157
161 153
161 149
161 146
161 142
161 138
161 135
161 131
161 128
161 124
161 121
161 118
161 115
161 112
161 110
161 107
161 105
161 102
161 100
161 98
161 96
161 94
161 93
161 91
161 90
161 89
161 88
161 87
161 86
161 85
161 84
161 85
161 86
161 87
