367
239 67
242 66
243 66
245 66
246 66
248 66
250 65
252 65
254 65
257 65
259 65
261 65
264 65
267 65
269 65
272 64
275 64
278 64
280 64
283 64
286 64
288 64
291 63
294 63
296 63
299 63
302 63
304 63
307 63
309 63
311 63
313 63
315 63
317 63
318 63
320 63
322 63
323 63
324 63
325 63
326 63
327 63
327 64
327 65
328 65
328 66
328 67
329 68
329 69
329 70
329 71
329 72
330 74
330 75
330 77
330 78
330 80
330 82
331 83
331 85
331 87
331 89
331 90
331 92
332 94
332 95
332 97
332 99
332 101
332 103
332 105
332 107
332 110
332 112
332 114
332 115
332 117
332 120
333 122
333 124
333 126
333 128
333 130
333 133
333 135
333 137
333 139
333 141
333 143
333 145
333 147
333 149
333 151
332 154
332 156
332 158
332 159
332 161
332 163
333 165
333 167
333 169
333 171
333 173
333 174
333 176
333 178
332 179
332 180
332 181
332 182
332 183
332 184
332 185
332 186
332 187
333 187
332 187
331 187
331 186
330 186
329 186
328 186
327 186
326 186
325 186
324 186
323 186
322 186
321 186
320 186
319 186
318 186
317 186
316 186
315 186
313 186
312 186
311 187
310 187
309 187
308 187
307 187
306 187
305 187
304 187
303 188
302 188
301 188
300 188
299 188
298 189
297 189
296 189
296 190
295 190
294 190
293 191
292 191
291 192
290 192
289 193
288 194
287 195
287 196
286 197
286 198
285 199
284 200
284 201
284 202
283 202
283 203
283 204
282 204
282 205
282 206
282 207
281 208
281 209
281 210
281 211
281 212
281 213
281 214
281 215
281 216
281 217
281 218
281 219
281 220
281 221
281 222
281 223
281 224
281 225
281 226
281 227
281 228
282 229
282 230
282 231
282 232
282 234
282 235
282 236
282 237
282 238
282 239
283 241
283 242
283 243
283 244
283 246
283 247
283 248
283 249
283 250
283 251
283 252
283 253
283 255
283 256
283 257
283 258
283 259
283 260
283 262
283 263
283 264
283 265
282 267
282 268
282 269
282 270
281 271
281 272
280 273
280 274
279 275
279 276
278 277
278 278
277 279
277 280
276 281
275 282
274 283
273 284
273 285
272 286
271 286
270 287
270 288
269 289
268 289
267 290
266 290
265 291
264 291
263 291
262 291
261 290
260 290
260 289
260 288
260 287
259 287
259 286
259 285
259 284
259 283
259 282
258 281
258 280
258 279
258 278
257 276
257 275
257 274
256 273
256 271
256 270
255 268
255 266
255 264
254 262
254 259
253 257
253 255
253 253
253 251
252 248
252 246
252 243
252 241
251 239
251 236
251 234
251 231
251 229
251 226
251 224
250 221
250 219
250 216
250 214
250 211
250 209
250 206
250 204
249 201
249 199
249 196
249 194
249 191
249 189
249 186
249 184
249 182
249 180
249 177
249 175
249 173
249 171
249 168
248 166
248 163
248 161
248 159
248 157
248 154
248 152
248 149
248 147
248 144
248 142
248 139
247 137
247 135
247 132
247 130
247 127
246 125
246 122
246 120
245 117
245 115
244 113
244 110
244 108
243 105
243 103
243 101
242 99
242 97
242 95
242 93
242 91
242 90
242 88
242 87
242 86
242 85
241 84
241 83
241 82
