507
225 48
229 48
230 48
231 48
233 48
234 48
236 48
237 47
239 47
241 47
243 47
245 47
247 46
249 46
251 46
254 46
256 46
259 46
261 45
264 45
267 45
269 45
272 45
274 45
277 45
280 45
282 45
285 45
288 45
290 45
293 45
296 45
298 45
301 45
303 45
306 45
309 46
311 46
314 46
316 46
319 46
321 46
324 46
326 46
328 46
331 46
333 46
335 46
338 46
340 46
343 46
345 46
347 47
349 47
352 47
354 47
356 47
358 47
361 47
363 47
365 47
368 47
370 47
372 47
375 47
377 47
379 47
381 47
382 47
384 47
385 47
387 47
388 47
389 47
390 47
391 47
391 48
391 49
391 50
391 51
390 52
390 53
390 54
390 55
390 56
390 57
390 58
390 59
390 60
390 61
389 62
389 64
389 65
389 66
389 67
389 68
389 69
389 71
389 72
389 73
389 74
389 76
389 77
389 78
389 80
389 81
389 82
389 84
389 85
389 86
389 88
389 89
389 91
388 92
388 94
388 95
388 97
388 98
388 100
388 101
388 103
388 104
387 106
387 108
387 109
387 111
387 113
387 114
387 116
387 117
387 119
387 120
388 122
388 123
388 125
388 127
388 128
388 130
388 132
388 133
388 135
388 137
388 138
387 140
387 142
387 143
387 145
387 147
387 148
387 150
387 151
387 153
387 155
387 156
387 158
387 160
387 161
387 163
387 165
387 166
387 168
387 169
387 171
387 172
387 174
387 175
387 177
387 178
387 180
387 181
387 183
387 185
387 186
387 188
387 190
387 191
387 193
387 194
387 196
387 197
387 199
387 200
387 202
387 203
387 204
386 205
386 206
386 207
386 208
386 209
386 210
386 211
385 212
384 212
383 212
382 212
381 212
381 211
380 211
379 211
378 211
377 211
376 211
375 211
374 211
373 211
372 211
371 211
371 210
370 210
369 210
368 210
367 210
366 210
365 210
364 209
363 209
362 209
361 209
359 209
358 209
357 209
356 209
355 209
354 209
353 209
352 209
351 209
350 210
349 210
348 210
347 210
346 210
345 210
344 211
342 211
341 211
340 211
339 212
337 212
336 212
335 213
334 213
333 213
331 214
330 214
329 215
328 215
327 215
326 216
325 216
324 217
323 217
323 218
322 218
321 219
320 219
319 220
318 221
317 221
316 222
315 222
315 223
314 223
314 224
313 225
312 225
312 226
311 227
311 228
310 229
310 230
309 231
309 232
309 233
308 234
308 235
308 236
308 237
307 238
307 239
307 240
307 241
307 242
307 243
306 243
306 244
306 245
306 246
306 247
305 247
305 248
305 249
305 250
305 251
304 252
304 253
304 254
304 255
303 256
303 257
303 258
303 259
302 260
302 261
302 262
302 263
301 264
301 265
301 266
300 267
300 268
300 269
299 270
299 271
298 272
298 273
297 274
296 275
296 276
295 277
295 278
294 279
293 280
293 281
292 282
291 283
290 284
289 285
288 286
287 287
286 288
285 289
284 290
283 291
282 292
280 293
279 293
278 294
276 295
275 296
274 297
272 298
271 299
269 299
268 300
266 301
265 301
263 302
262 302
260 303
258 303
257 304
255 304
253 305
251 305
250 305
248 306
247 306
245 306
243 306
242 307
240 307
239 307
237 307
236 307
234 307
233 307
232 308
231 308
230 308
229 308
228 308
227 308
226 308
226 307
225 307
225 306
225 305
225 304
225 303
225 302
226 302
226 301
226 300
226 299
226 298
226 297
226 296
226 295
226 294
226 293
226 292
226 291
226 289
226 288
226 287
227 286
227 285
227 283
227 282
227 281
227 279
227 278
227 277
227 276
228 274
228 273
228 271
228 270
228 268
228 266
228 265
228 263
228 261
228 259
228 258
229 256
229 254
229 253
229 251
229 249
229 247
230 245
230 243
230 242
230 240
230 238
230 236
230 234
230 232
230 230
231 228
231 225
231 223
231 221
231 219
231 217
231 215
231 213
231 211
231 208
231 206
231 204
231 201
231 199
231 197
232 194
232 192
232 189
232 187
232 184
232 182
232 179
232 177
233 174
233 171
233 169
233 166
233 164
233 161
233 158
233 156
233 153
233 150
233 148
233 145
233 143
233 140
233 137
234 134
234 132
234 129
234 126
234 123
234 121
235 118
235 115
235 112
236 109
236 106
236 103
236 101
237 98
237 95
237 92
238 89
238 87
238 84
239 81
239 78
239 76
239 73
240 71
240 68
240 66
240 64
240 62
240 60
240 59
240 57
240 56
240 55
240 54
240 53
240 52
240 52
