299
279 78
285 78
288 78
290 77
293 77
296 77
299 77
302 77
305 76
308 76
311 76
314 76
317 77
320 77
324 77
328 77
331 77
335 77
338 77
341 77
345 77
348 77
352 77
355 77
359 77
363 77
367 77
370 77
372 78
376 77
378 78
380 77
384 77
388 77
392 77
396 77
399 77
403 77
406 77
409 77
413 77
416 77
419 77
422 77
425 77
428 77
431 77
435 77
438 78
441 78
445 78
449 78
453 78
456 78
459 78
462 78
463 80
464 82
464 85
464 88
465 90
465 93
465 96
465 99
465 102
464 104
464 107
463 110
463 113
462 117
462 120
461 123
461 126
460 129
460 132
459 135
459 138
459 141
458 143
458 146
458 149
457 151
457 154
456 156
456 159
456 163
455 165
455 168
454 172
454 175
453 177
453 180
452 182
452 185
451 187
450 190
450 193
449 195
449 198
449 201
448 203
448 207
448 210
448 213
447 215
447 218
446 220
446 223
445 226
445 229
445 232
444 235
444 238
444 241
444 244
444 247
444 250
444 253
442 254
440 253
437 253
434 253
432 252
429 252
427 251
424 251
421 251
418 251
415 251
412 251
410 252
407 252
404 252
402 253
399 253
397 254
393 255
390 255
388 256
386 257
383 258
381 259
378 260
376 261
373 261
371 262
369 263
367 264
365 265
363 266
361 268
359 269
358 271
356 273
355 275
354 277
353 279
351 281
350 283
349 285
348 287
347 289
346 291
345 293
344 295
343 298
343 301
342 303
341 306
341 309
340 311
340 314
339 316
338 318
338 321
337 323
336 325
335 327
334 329
333 331
331 333
330 335
328 336
326 338
324 340
322 341
320 343
318 344
316 346
314 347
312 348
310 349
308 350
306 351
304 352
302 353
299 353
297 354
295 355
292 355
290 356
287 356
284 356
281 356
278 356
274 356
271 356
268 355
264 355
261 355
258 355
255 355
252 355
250 354
249 352
250 350
250 347
250 343
251 341
252 337
252 334
253 331
254 328
254 325
255 323
255 320
256 317
257 313
257 310
258 307
259 304
259 301
260 298
261 295
261 292
262 289
262 286
263 283
263 280
264 278
264 275
265 272
265 269
266 265
266 262
267 260
267 256
268 252
268 248
269 246
269 242
270 240
270 236
271 234
271 231
272 227
272 223
272 220
272 216
272 213
272 209
273 207
273 203
273 199
273 196
273 192
273 188
274 184
274 180
274 177
274 173
274 170
274 166
274 162
275 158
275 154
275 150
275 145
275 141
276 139
276 135
276 131
276 127
276 124
276 120
276 116
276 113
276 109
275 106
275 103
275 100
275 97
275 94
275 91
275 88
276 86
276 83
276 80
276 78
