317
136 58
140 58
141 58
142 58
144 58
145 58
146 58
148 58
150 58
152 58
154 58
156 59
158 59
161 59
163 59
166 59
169 59
172 59
174 59
177 59
180 60
183 60
186 60
189 60
192 60
195 61
198 61
201 61
204 61
207 61
210 61
213 61
216 61
218 61
221 61
224 61
227 61
229 61
231 60
234 60
236 60
238 60
240 60
241 60
243 60
244 59
245 59
246 59
247 59
248 59
249 59
250 59
250 60
250 61
251 62
251 63
251 64
251 65
251 66
251 67
251 69
252 70
252 72
252 74
252 76
252 78
253 80
253 82
253 84
253 86
253 89
254 92
254 97
255 100
255 103
255 106
256 109
256 112
256 115
257 118
257 121
257 124
257 128
257 131
257 134
257 138
257 141
257 144
257 148
257 151
257 154
257 157
257 160
257 163
257 166
257 169
257 172
257 175
257 178
257 181
257 183
257 186
257 188
257 191
257 193
257 195
257 197
257 199
257 201
257 203
257 204
256 206
256 207
256 208
256 209
256 210
256 211
256 212
255 212
254 211
253 211
252 211
251 210
250 210
249 210
248 210
247 209
246 209
244 209
243 209
241 208
240 208
238 208
237 207
235 207
233 207
232 207
230 206
229 206
227 206
226 206
224 206
223 205
221 205
220 205
218 205
217 205
215 205
214 205
212 205
211 205
210 205
209 205
208 205
206 206
205 206
204 206
203 207
202 207
201 207
201 208
200 208
199 208
199 209
198 209
198 210
197 211
197 212
196 212
196 213
196 214
195 214
195 215
195 216
195 217
194 218
194 219
194 220
194 221
194 222
194 223
193 224
193 226
193 227
193 228
193 230
193 231
193 233
193 234
192 236
192 237
192 239
192 240
192 242
191 244
191 245
190 247
190 249
189 251
189 253
188 255
188 257
187 259
186 260
185 262
184 264
184 266
183 268
182 270
181 272
179 273
178 275
177 277
176 278
175 280
173 281
172 282
171 284
170 285
168 286
167 287
165 287
164 288
162 289
161 289
159 289
158 289
156 290
155 290
153 290
152 290
150 290
149 290
148 289
146 289
145 289
143 289
142 289
140 289
139 289
137 289
136 289
135 289
134 289
133 288
132 288
131 288
130 288
129 288
129 287
129 286
129 285
129 284
129 283
129 281
129 280
130 278
130 276
130 274
130 272
131 269
131 267
132 264
132 260
133 257
133 253
134 249
134 245
135 240
135 236
136 231
136 227
137 222
137 217
137 211
138 206
138 201
138 196
138 190
138 185
138 180
138 174
138 169
138 164
138 158
138 153
138 148
137 143
137 138
137 132
137 127
137 123
137 118
136 113
136 108
136 104
136 100
136 96
136 92
136 88
136 84
136 81
136 78
136 75
136 72
136 69
136 67
136 65
136 63
136 61
136 60
135 59
135 58
135 57
136 57
136 58
137 59
