299
291 96
301 97
303 96
305 96
307 96
309 96
312 96
315 96
317 96
320 96
323 96
327 95
330 95
333 95
336 95
340 95
343 95
346 95
350 95
353 95
356 94
359 94
362 94
365 94
368 94
371 94
374 93
376 93
379 93
381 93
384 93
386 93
388 93
390 92
392 92
394 92
395 92
397 92
398 92
399 92
400 92
401 92
402 92
403 93
403 94
403 95
403 96
403 97
404 98
404 99
404 100
404 101
404 102
405 104
405 106
405 107
405 109
405 111
405 113
406 115
406 118
406 120
406 122
406 124
406 127
406 129
406 132
406 134
406 137
406 139
406 142
406 144
406 146
405 149
405 151
405 153
405 156
405 158
405 161
405 163
405 165
405 168
405 170
405 173
405 175
405 177
405 179
405 182
405 184
404 186
404 187
404 189
404 191
404 192
404 194
404 195
404 197
404 198
404 199
404 200
404 201
404 202
404 203
403 203
402 203
402 204
401 204
400 204
399 204
398 204
397 205
396 205
394 205
393 206
391 206
390 206
388 207
387 207
385 208
384 208
382 209
381 210
379 211
378 212
377 212
376 213
375 215
374 216
373 217
372 218
371 219
371 221
370 222
370 224
369 225
369 226
368 228
368 230
368 231
367 233
367 235
367 236
366 238
366 240
366 242
366 244
365 246
365 248
365 250
365 252
364 254
364 256
364 258
363 260
363 262
362 264
362 266
362 268
361 270
361 272
360 274
360 275
359 277
358 279
358 280
357 282
356 283
355 285
353 286
352 287
351 288
349 289
348 290
346 291
345 292
343 293
341 294
339 294
337 295
335 296
333 296
330 297
328 297
326 298
324 298
321 299
319 299
317 299
315 300
314 300
312 300
311 300
310 300
309 300
308 301
307 301
306 301
305 301
305 300
304 299
304 298
304 297
304 295
304 294
304 293
304 291
304 289
303 287
303 285
303 283
303 281
303 279
303 277
302 275
302 272
302 270
302 267
302 264
302 262
302 259
302 256
302 254
302 251
302 249
302 246
302 244
302 241
302 239
302 237
302 234
302 232
302 229
303 227
303 224
303 222
303 219
303 217
303 214
303 212
303 210
303 207
303 205
303 203
303 200
303 198
302 195
302 193
302 190
302 188
302 185
301 183
301 180
301 178
301 176
301 173
300 171
300 169
300 166
300 164
300 162
300 159
300 157
300 155
300 153
299 151
299 149
299 147
299 145
299 143
299 141
299 139
299 137
299 135
299 133
299 131
299 129
299 127
299 125
299 123
299 121
299 119
298 118
298 116
298 114
298 113
298 111
298 110
297 109
297 108
297 107
297 106
297 105
297 104
297 103
297 102
297 101
297 100
298 99
299 99
