285
281 85
285 85
288 85
291 85
293 86
296 86
299 86
302 86
305 86
308 86
310 87
313 87
317 87
321 87
324 87
327 87
329 88
332 88
335 88
339 88
342 88
345 88
348 88
352 88
355 88
359 88
362 88
366 88
369 88
372 88
374 89
377 89
380 89
383 89
386 89
390 89
393 89
396 90
400 90
402 89
404 90
408 90
412 90
415 90
418 90
421 90
423 91
425 90
428 90
428 93
427 95
427 98
427 101
426 103
426 106
426 109
426 112
426 115
426 118
425 120
426 122
426 125
425 127
425 130
425 133
425 136
424 140
425 138
425 141
424 143
424 146
424 149
423 151
423 154
422 156
422 159
421 162
421 165
421 168
420 170
420 173
419 175
419 178
419 181
418 183
418 186
418 189
417 191
417 194
417 197
416 199
416 202
415 205
415 208
414 210
414 213
414 216
413 218
413 221
413 224
413 227
412 229
412 232
412 235
411 237
411 240
410 243
410 246
409 248
409 251
408 253
408 256
407 258
407 261
406 263
404 262
402 264
401 261
398 260
395 260
393 259
390 259
387 259
385 258
383 259
380 259
378 258
375 258
372 258
369 258
367 259
364 259
361 259
358 260
355 260
352 261
349 261
347 262
345 263
342 263
340 264
338 265
336 266
334 267
332 268
331 270
329 271
328 273
327 275
326 277
325 279
324 281
323 283
322 285
321 287
320 289
319 291
318 293
317 295
316 297
315 300
314 302
314 305
313 307
312 309
311 311
310 313
309 315
308 317
307 320
306 322
305 324
304 326
303 328
302 330
300 331
299 333
297 334
295 336
293 337
291 338
289 340
287 341
285 342
283 343
281 344
279 345
276 345
274 346
272 347
270 348
267 348
265 349
262 349
259 349
256 349
253 349
250 349
247 349
244 349
242 348
243 346
243 343
243 340
243 337
244 335
244 332
244 329
244 326
244 322
244 319
245 317
245 314
245 311
245 308
246 305
246 302
246 299
247 297
247 293
248 290
248 287
249 285
249 282
250 280
250 276
251 274
251 270
251 267
252 265
252 261
253 257
253 254
253 250
254 248
254 244
255 240
255 236
255 232
256 230
256 226
256 223
257 221
257 217
258 215
258 211
259 209
260 204
260 200
261 198
261 193
262 191
262 187
263 184
263 180
264 176
264 172
265 170
266 166
266 163
267 161
267 157
268 155
268 152
269 148
269 144
269 141
270 139
270 135
271 133
271 130
272 126
272 122
272 118
273 114
273 110
273 106
274 103
274 100
274 97
274 93
274 90
274 87
275 85
277 83
