396
215 48
220 47
221 47
222 47
223 47
225 47
226 47
228 47
229 47
231 46
233 46
235 46
237 46
239 46
241 46
243 46
246 46
248 46
250 46
253 46
255 46
258 46
261 46
263 46
266 46
269 46
272 46
275 46
278 46
281 46
284 46
287 46
291 46
294 46
297 46
300 46
303 46
306 46
309 46
312 46
315 46
317 46
319 46
321 46
323 46
325 46
326 46
327 46
328 46
329 46
330 46
331 46
331 47
331 48
331 49
331 50
331 51
331 52
331 53
331 54
331 55
331 56
331 57
331 59
331 60
331 61
332 62
332 64
332 65
332 67
332 68
332 70
332 72
332 73
332 75
332 77
332 78
332 80
332 82
332 83
332 85
332 87
332 88
332 90
332 92
332 94
332 95
332 97
332 99
332 101
332 102
332 104
332 106
332 108
332 110
332 111
332 113
331 115
331 117
331 118
331 120
331 122
330 124
330 126
330 127
330 129
330 131
329 133
329 134
329 136
329 138
329 139
329 141
328 143
328 145
328 146
328 148
328 150
327 151
327 153
327 155
327 157
326 159
326 161
326 163
325 165
325 167
325 169
324 171
324 173
324 175
323 176
323 178
323 180
322 182
322 183
322 185
322 186
321 187
321 189
321 190
321 191
320 192
320 193
320 194
320 195
319 196
319 197
319 198
319 199
319 200
318 200
318 201
318 202
317 202
317 201
316 201
315 201
314 201
313 201
312 200
311 200
310 200
309 200
308 199
307 199
306 199
305 199
303 198
302 198
301 198
300 198
299 197
298 197
297 197
295 197
294 197
293 197
292 197
291 197
289 197
288 197
287 197
286 198
285 198
283 198
282 198
281 199
280 199
279 199
278 200
277 200
276 201
275 201
274 202
273 203
272 203
272 204
271 205
270 206
270 207
269 208
268 209
268 210
268 211
267 212
267 213
267 214
266 214
266 215
266 216
265 217
265 218
265 219
265 220
264 221
264 222
264 223
264 224
264 225
264 226
263 227
263 228
263 229
263 230
263 231
263 232
263 233
263 234
263 235
263 236
263 237
263 238
263 239
263 241
262 242
262 243
262 244
262 245
262 246
262 247
261 248
261 249
261 250
260 252
260 253
259 254
259 255
258 256
258 257
257 258
256 259
256 260
255 261
254 262
253 264
253 265
252 266
251 267
250 268
249 269
248 270
247 271
246 272
245 273
243 274
242 275
241 276
240 276
238 277
237 278
235 278
234 279
232 280
231 280
229 281
228 281
226 281
225 282
224 282
223 282
222 283
221 283
220 283
219 283
218 283
217 283
217 284
217 283
216 282
216 281
216 280
216 279
216 278
216 277
216 276
216 275
216 274
216 273
216 272
216 270
216 269
216 267
216 266
215 264
215 263
215 261
215 260
215 258
215 256
215 255
215 253
214 252
214 250
214 248
214 247
214 245
214 243
214 241
214 239
214 238
214 236
213 234
213 231
213 229
213 227
213 225
213 223
213 221
213 219
213 217
213 215
213 212
214 210
214 207
214 205
214 202
214 200
214 197
214 194
214 191
214 189
214 186
214 183
214 180
214 177
214 175
214 172
214 169
214 166
214 163
214 160
214 157
214 154
213 151
213 148
213 145
213 142
213 139
213 136
213 133
213 130
213 127
213 124
213 121
213 118
213 115
213 112
213 108
213 105
213 102
213 99
213 96
214 92
214 89
214 86
215 83
215 80
215 76
216 73
216 70
216 68
216 65
217 62
217 60
217 58
217 56
217 54
217 53
217 52
217 51
216 51
215 50
214 50
213 51
213 51
