286
162 68
168 65
169 65
171 65
172 65
174 64
177 64
179 64
181 64
184 64
187 63
190 63
193 63
196 63
199 62
202 62
206 62
209 62
212 62
216 61
219 61
222 61
226 61
229 61
232 61
235 60
238 60
241 60
244 60
247 60
250 59
253 59
255 59
258 58
260 58
262 58
264 58
267 57
268 57
270 57
272 56
273 56
274 56
276 55
277 55
278 55
278 54
279 55
279 56
279 57
280 58
280 59
280 60
280 61
281 62
281 63
281 64
282 66
282 67
283 69
283 71
284 73
284 75
285 77
285 79
285 82
286 84
286 87
287 89
287 92
287 95
288 98
288 101
289 107
289 110
289 113
290 116
290 120
290 123
291 126
291 129
292 133
292 136
292 139
293 143
293 146
294 149
294 153
295 156
295 159
296 162
296 165
296 168
297 171
297 174
297 177
297 180
297 183
297 185
298 187
298 189
298 191
298 193
298 195
298 196
298 198
298 199
298 200
298 201
298 202
298 203
298 204
297 205
296 205
295 205
294 205
293 205
292 205
290 205
289 205
287 205
286 205
284 205
282 205
280 205
278 205
276 206
274 206
272 206
270 206
268 206
266 207
264 207
262 207
260 207
258 208
257 208
255 209
253 209
252 210
250 210
249 211
248 212
247 212
245 213
244 214
243 215
242 216
241 216
240 217
240 218
239 219
238 220
238 221
237 222
236 223
236 224
235 225
235 227
234 228
234 229
233 230
233 232
233 233
232 235
232 237
231 238
231 240
230 242
230 244
229 245
229 247
228 249
228 251
227 253
226 256
225 258
224 260
223 262
222 264
221 266
220 269
218 271
217 273
215 275
213 277
211 278
210 280
208 282
206 283
204 285
202 286
200 288
198 289
196 290
194 290
192 291
189 292
187 292
185 293
183 293
181 294
179 294
177 295
175 295
174 296
172 296
171 296
169 296
168 297
167 297
166 297
165 297
164 297
163 297
162 297
161 298
161 297
161 296
161 295
160 294
160 293
160 292
159 290
159 289
159 287
158 285
158 283
158 281
157 278
157 275
156 272
156 269
156 266
155 262
155 258
155 254
154 250
154 246
154 241
153 236
153 232
153 227
153 222
153 216
152 211
152 206
152 200
152 195
152 190
151 185
151 179
151 174
151 169
150 164
150 159
150 154
150 149
149 144
149 140
149 135
148 130
148 126
148 121
148 117
147 113
147 109
147 105
146 102
146 98
146 95
146 92
145 89
145 86
145 84
145 82
145 80
145 79
144 77
144 76
144 75
144 74
144 73
144 72
144 73
145 74
