270
296 92
301 91
304 91
307 91
310 91
312 90
316 90
320 90
323 90
326 90
329 90
333 90
336 90
339 89
342 89
345 89
348 89
352 89
355 89
358 89
361 89
365 89
369 89
372 88
375 88
378 88
382 88
386 88
390 88
394 88
398 88
402 88
405 88
408 88
411 88
415 88
417 87
421 87
425 87
428 87
431 87
434 87
436 86
438 87
441 87
444 87
447 87
450 87
453 87
456 87
457 89
458 91
459 93
460 96
460 99
460 102
460 105
460 108
460 111
460 114
460 118
460 121
459 123
459 126
459 129
459 132
459 136
458 138
458 141
458 144
458 147
458 151
458 154
458 157
458 161
458 164
458 167
458 170
457 172
457 175
457 178
457 181
457 184
456 187
456 190
456 193
456 196
455 199
455 203
455 206
455 209
454 211
454 214
454 217
454 220
453 222
453 225
453 228
452 231
452 234
451 236
451 239
451 242
451 245
450 247
450 250
447 250
445 249
442 249
440 248
437 248
435 247
432 247
429 247
426 247
423 247
420 247
417 247
415 248
412 248
409 248
406 249
402 249
400 250
397 250
394 251
391 251
389 252
386 253
384 254
381 255
379 256
376 257
374 258
372 259
370 260
368 261
366 262
365 264
363 266
361 268
360 270
359 272
358 274
357 276
356 278
355 280
354 282
353 285
353 288
352 290
352 293
351 295
351 298
351 301
350 303
350 306
349 308
349 311
348 313
347 315
346 317
345 319
344 321
342 323
341 325
340 327
338 328
336 330
334 332
333 334
331 335
329 337
327 338
325 340
323 341
321 342
319 343
317 344
315 345
312 346
309 347
306 348
303 348
300 349
296 349
294 350
291 350
289 351
286 351
284 352
284 349
285 347
286 344
287 341
287 338
288 336
288 333
288 330
289 326
289 323
289 320
290 318
290 315
291 312
291 308
291 305
292 301
292 298
293 294
293 290
294 287
294 283
295 280
295 276
296 274
296 270
297 266
297 263
297 259
298 257
298 253
298 250
299 248
299 244
300 242
300 239
300 235
301 233
301 229
301 225
302 221
302 217
302 213
303 211
303 207
304 202
304 198
304 194
304 191
304 187
304 183
304 179
304 176
305 174
305 170
305 166
305 162
305 158
305 155
305 151
305 147
305 143
305 139
305 136
305 132
305 129
305 126
306 124
306 121
306 118
306 115
306 112
306 108
306 104
307 102
307 99
307 96
306 94
305 95
