329
291 108
296 108
297 108
298 108
299 108
300 108
302 108
303 108
305 108
307 108
309 108
311 108
313 108
316 108
318 108
321 108
323 108
326 108
329 108
332 108
335 108
338 107
341 107
344 107
347 107
350 107
353 107
356 107
359 106
362 106
365 106
368 106
370 106
372 106
375 106
377 106
379 105
382 105
384 105
386 105
388 105
390 105
392 105
394 104
395 104
397 104
398 104
399 104
400 104
401 104
402 104
403 104
404 104
405 104
406 104
406 105
407 106
407 107
407 108
408 109
408 110
408 111
409 113
409 114
409 116
410 117
410 119
410 121
411 123
411 124
411 126
412 128
412 130
413 132
413 134
414 136
414 138
414 140
415 142
415 144
415 147
415 149
416 151
416 153
416 155
416 157
416 159
417 161
417 163
417 165
417 167
418 169
418 171
418 173
418 175
419 177
419 179
419 181
419 183
419 185
419 187
419 189
419 191
420 193
420 195
420 197
420 199
420 200
420 202
420 203
421 205
421 206
421 207
421 208
421 209
421 210
421 211
422 211
422 212
422 213
422 214
422 215
422 216
422 217
421 218
420 218
419 218
418 218
418 219
417 219
416 219
415 219
414 220
413 220
411 221
410 221
409 222
407 222
406 223
404 223
403 224
401 225
400 225
399 226
398 227
397 227
396 228
394 229
393 230
392 231
391 232
391 233
390 233
390 234
389 235
389 236
389 237
388 238
388 239
388 240
387 241
387 243
387 244
387 245
386 247
386 248
386 250
386 251
385 253
385 255
385 256
385 258
384 260
384 261
384 263
383 265
383 266
382 268
382 269
381 271
381 273
381 274
380 276
379 278
379 279
378 281
377 282
377 284
375 286
374 287
373 289
372 290
371 292
369 293
368 294
366 296
365 297
363 298
361 300
360 301
358 302
357 303
355 304
353 305
352 306
350 306
349 307
347 308
345 308
343 309
342 309
340 310
338 310
336 310
335 311
333 311
331 311
329 311
328 311
326 312
324 312
323 312
321 311
320 311
319 311
317 311
316 311
315 311
314 311
313 311
312 311
311 311
310 311
309 311
309 310
309 309
309 308
308 308
308 307
308 306
308 304
308 303
308 302
307 300
307 298
307 296
307 294
306 292
306 290
306 288
305 285
305 283
305 280
304 278
304 275
304 272
303 270
303 268
302 265
302 263
301 260
301 258
301 256
300 253
300 251
300 248
300 246
300 243
300 241
300 238
299 236
299 233
299 231
299 229
299 226
299 224
299 221
299 219
299 216
299 213
299 211
299 208
298 205
298 203
298 200
297 198
297 195
297 192
296 190
296 187
295 185
295 182
294 180
294 177
294 175
293 172
293 170
292 168
292 166
292 163
292 161
291 159
291 157
291 154
291 152
291 150
291 148
291 146
291 144
291 142
291 140
291 138
291 136
291 135
291 133
291 131
291 129
292 128
292 126
292 125
292 123
292 122
292 121
292 120
292 119
292 118
292 117
292 116
292 115
