451
235 36
241 35
242 35
243 35
244 35
246 35
247 35
249 35
251 35
253 35
255 35
257 35
259 35
261 35
263 34
265 34
267 34
269 34
271 34
273 34
275 34
277 34
279 34
282 34
284 34
286 34
289 34
291 34
294 34
296 33
299 33
301 33
304 33
306 33
309 33
312 33
314 33
317 33
320 33
323 33
325 33
328 33
330 33
333 33
336 33
338 33
341 33
343 33
346 33
348 33
351 32
353 32
355 32
357 32
359 32
361 32
362 32
364 32
365 32
366 32
367 32
368 32
369 32
370 32
371 33
371 34
371 35
371 36
372 37
372 38
372 39
372 40
372 41
372 42
372 43
372 45
372 46
372 47
373 49
373 50
373 52
373 53
373 55
373 56
373 58
373 59
373 61
373 62
373 64
373 65
373 67
373 68
373 70
373 72
373 73
373 75
372 77
372 78
372 80
372 82
372 84
372 85
372 87
372 88
372 90
372 92
372 93
372 95
372 97
372 98
372 100
372 102
372 104
372 105
373 107
373 109
373 111
373 113
373 115
373 117
373 119
373 121
373 123
373 125
373 127
374 129
374 131
374 133
374 135
373 137
373 139
373 142
373 144
373 146
373 148
373 150
373 152
373 155
372 157
372 159
372 161
372 163
372 165
372 168
372 170
372 172
372 174
372 176
372 178
372 180
372 182
372 184
372 186
372 188
373 190
373 191
373 193
373 194
373 196
373 197
373 198
373 199
373 200
373 201
373 202
373 203
373 204
372 204
371 204
371 203
370 203
369 203
368 203
367 203
366 202
365 202
364 202
363 202
362 202
361 202
360 201
359 201
358 201
357 201
356 201
355 201
354 201
353 200
352 200
351 200
350 200
349 200
348 200
347 200
346 200
344 200
343 201
342 201
341 201
339 201
338 201
337 201
335 201
334 201
332 202
331 202
330 202
329 202
327 202
326 203
325 203
324 203
323 204
322 204
320 204
320 205
319 205
318 206
317 206
316 207
315 207
314 207
313 208
312 209
311 210
310 211
309 212
308 213
307 214
307 215
306 215
306 216
305 217
305 218
304 219
304 220
304 221
303 221
303 222
303 223
302 224
302 225
302 226
302 227
302 228
302 229
302 230
302 231
302 232
301 233
301 234
301 235
301 236
301 237
301 238
301 239
301 240
301 241
301 242
300 243
300 244
300 245
300 246
300 247
299 248
299 249
299 251
299 252
298 253
298 254
298 255
297 256
297 257
297 259
296 260
296 261
296 262
296 263
295 264
295 265
294 267
294 268
294 269
293 270
293 271
292 272
292 273
291 274
290 275
290 276
289 276
288 277
287 278
287 279
286 279
285 280
284 281
283 281
282 282
281 282
280 283
279 284
278 284
277 285
276 285
275 285
274 286
273 286
272 287
270 287
269 288
268 288
267 288
265 289
264 289
263 289
261 290
260 290
258 290
257 291
255 291
254 291
253 291
251 291
250 291
249 292
248 292
247 292
246 292
245 292
244 292
244 291
244 290
244 289
244 288
244 287
245 286
245 285
245 284
245 283
245 282
245 281
245 280
245 279
245 278
245 276
246 275
246 274
246 273
246 271
246 270
246 268
246 267
246 265
246 264
246 262
246 260
247 259
247 257
247 256
247 254
247 253
247 251
248 250
248 248
248 246
248 244
248 243
248 241
248 239
248 237
248 235
248 234
248 232
248 230
248 228
248 226
248 224
248 222
248 220
248 218
248 216
248 214
248 212
248 209
248 207
248 205
248 202
248 200
248 197
248 195
248 192
248 189
248 187
248 184
248 181
248 179
248 176
248 173
248 170
247 167
247 165
247 162
247 159
247 156
247 153
247 150
247 147
247 144
247 141
247 138
247 135
247 132
247 129
247 126
247 124
247 121
246 118
246 115
246 113
246 110
246 107
246 104
246 102
246 99
246 96
246 93
246 91
246 88
246 86
246 83
246 81
247 78
247 76
247 74
247 71
247 69
247 67
248 65
248 63
248 62
248 60
248 59
248 57
248 56
248 55
247 54
247 53
247 52
247 51
247 51
