338
332 95
336 95
338 95
339 95
341 95
343 95
345 95
347 95
349 94
352 94
354 94
357 94
360 94
363 94
366 93
369 93
372 93
375 93
378 93
381 93
384 93
387 92
389 92
392 92
394 92
397 92
399 92
402 92
404 92
407 92
409 92
411 91
413 91
415 91
417 91
419 91
421 91
423 91
425 91
426 90
428 90
429 90
430 90
432 90
433 90
434 90
435 90
436 90
437 90
438 90
439 90
440 90
441 91
441 92
442 93
442 94
443 95
443 96
444 97
444 99
445 100
445 102
445 104
446 106
446 108
447 110
447 112
447 114
448 116
448 118
448 120
449 123
449 125
449 127
449 129
450 131
450 134
450 136
450 138
451 141
451 143
451 145
451 147
451 149
452 151
452 153
452 155
452 157
452 159
452 161
452 164
452 166
452 168
452 170
452 172
452 174
452 177
452 179
451 181
451 183
451 185
451 187
451 189
450 191
450 193
450 195
450 196
450 198
450 199
450 200
450 201
450 202
450 203
450 204
450 205
450 206
449 207
448 207
447 207
447 208
446 208
445 208
444 208
443 209
441 209
440 209
439 210
437 211
435 211
434 212
432 213
431 214
429 215
428 216
426 217
425 218
424 219
423 220
421 221
420 222
420 223
419 224
418 226
417 227
416 228
416 229
415 231
414 232
414 233
413 235
413 236
412 238
412 240
411 241
411 243
410 245
410 247
409 249
408 251
408 253
407 255
407 257
406 259
406 261
405 263
405 265
404 267
403 268
403 270
402 272
401 274
401 275
400 277
399 278
398 280
397 281
397 282
396 284
395 285
394 286
393 288
392 289
391 290
390 291
389 292
387 294
386 295
385 296
384 297
382 298
381 299
379 300
378 301
376 301
375 302
374 303
372 303
371 304
369 304
368 304
367 305
365 305
364 305
363 305
362 305
361 306
360 306
359 306
358 306
357 306
356 306
355 306
354 306
353 306
352 306
351 306
350 305
350 304
350 303
350 302
350 301
350 300
350 299
350 298
350 296
350 295
349 294
349 292
349 291
349 289
349 288
349 286
349 284
349 283
349 281
349 279
349 277
349 275
349 274
349 272
349 270
349 268
349 266
349 264
349 262
349 261
349 259
349 257
349 255
349 254
349 252
349 250
349 248
349 246
348 244
348 242
348 241
348 239
348 237
348 235
347 233
347 231
347 229
347 227
346 226
346 224
346 222
346 220
346 218
345 216
345 214
345 212
345 210
344 208
344 206
344 204
344 202
344 200
344 198
343 196
343 194
343 192
343 190
343 188
343 186
342 184
342 182
342 180
342 178
342 176
342 174
342 172
342 170
341 168
341 166
341 164
341 162
341 159
340 157
340 155
340 153
340 151
340 149
339 147
339 145
339 143
339 141
339 139
339 137
339 135
339 133
339 131
339 129
339 127
339 126
339 124
339 123
339 121
339 119
338 118
338 116
338 115
338 113
338 112
338 110
338 109
338 108
338 106
337 105
337 104
337 103
337 102
337 101
336 101
336 100
337 100
337 99
335 98
