475
247 48
252 48
253 48
254 48
256 48
257 48
259 48
261 48
262 48
264 48
266 48
268 48
270 48
272 48
274 48
277 48
279 48
281 48
283 48
285 48
288 47
289 47
291 47
293 47
295 47
298 47
300 47
302 47
304 47
306 46
308 46
310 46
312 46
314 46
317 46
319 46
321 46
324 46
326 45
329 45
331 45
333 45
336 45
338 45
340 45
343 45
345 45
348 45
350 45
352 45
354 45
356 45
358 45
360 45
362 45
364 45
365 45
367 45
369 45
370 45
371 45
372 45
373 45
374 45
375 45
376 45
376 46
376 47
376 48
376 49
376 50
376 51
376 52
376 53
376 54
376 55
376 57
376 58
377 59
377 61
377 62
377 64
377 65
377 66
377 68
378 69
378 71
378 72
378 74
378 76
378 78
378 79
379 81
379 83
379 85
379 87
379 89
380 91
380 92
380 94
380 95
380 97
380 99
380 101
380 103
381 105
381 107
381 109
381 110
381 112
381 114
381 115
381 117
381 119
381 121
381 123
381 125
381 127
382 129
382 131
382 133
382 134
382 136
382 138
382 139
382 141
382 143
382 145
382 146
382 148
382 150
382 152
382 154
382 155
382 157
382 159
381 160
381 162
381 163
381 164
381 166
381 167
381 169
381 171
381 172
381 174
381 175
380 177
380 178
380 179
380 180
380 181
380 182
380 183
380 184
380 185
380 186
380 187
380 188
379 188
379 189
380 189
380 188
379 188
379 189
378 189
378 188
377 188
376 188
375 188
374 189
373 189
372 189
371 189
370 189
369 189
368 190
367 190
366 190
365 190
364 190
363 191
362 191
361 191
360 191
359 192
358 192
357 192
357 193
356 193
355 194
354 194
353 195
352 196
351 196
350 197
349 197
348 198
347 199
346 199
345 200
344 200
343 201
342 201
341 202
341 203
340 203
339 203
338 204
337 205
336 206
335 207
334 208
334 209
333 210
333 211
332 211
332 212
332 213
331 214
331 215
331 216
330 217
330 218
329 219
329 221
329 222
328 223
328 224
328 225
327 226
327 227
327 228
327 229
327 230
326 230
326 231
326 232
326 233
326 234
326 235
325 237
325 238
325 239
325 240
325 242
325 243
325 244
324 245
324 247
324 248
324 249
324 250
324 252
324 253
324 254
324 255
324 256
324 258
324 259
324 261
324 262
324 263
324 265
324 266
324 268
324 269
325 270
325 271
325 272
325 274
325 275
325 276
325 277
325 278
325 280
325 281
325 282
325 284
325 285
325 286
325 288
325 289
325 290
325 292
325 293
324 294
324 295
324 296
324 297
324 298
324 299
324 300
323 301
323 302
323 303
323 304
322 305
322 306
321 307
321 308
321 309
320 310
320 311
319 312
318 313
318 314
317 315
316 315
316 316
315 317
314 318
313 319
312 319
311 320
310 321
309 321
309 322
308 322
308 323
307 323
306 324
305 324
304 324
304 325
303 325
302 325
301 326
300 326
299 326
298 327
297 327
296 327
295 327
294 328
293 328
292 329
291 329
290 329
289 329
288 330
287 330
286 330
285 330
285 331
284 331
283 331
282 331
281 331
280 332
279 332
278 332
278 331
278 330
277 330
277 329
277 328
277 327
276 327
276 326
276 325
276 324
275 323
275 322
275 321
275 320
275 318
274 317
274 316
274 314
274 313
273 311
273 309
273 307
273 305
272 303
272 301
272 299
272 297
272 295
272 293
272 291
271 289
271 287
271 284
271 282
270 280
270 277
270 275
270 273
270 270
269 268
269 265
269 262
269 260
269 257
268 254
268 252
267 249
267 246
267 244
266 241
266 238
265 235
265 232
265 229
265 227
265 224
265 221
264 218
264 215
264 212
264 209
264 206
263 203
263 200
263 197
262 194
262 191
262 188
261 185
261 182
261 179
260 176
260 173
260 170
259 167
259 164
258 161
258 158
258 155
258 152
257 149
257 146
257 143
256 140
256 137
256 134
255 131
255 128
255 125
254 122
253 119
253 116
252 113
252 110
252 108
251 105
251 102
250 99
250 97
250 94
249 92
249 90
249 88
249 85
248 83
248 81
248 79
248 77
248 75
247 73
247 72
247 70
247 69
246 68
246 67
246 66
246 65
245 65
245 64
245 63
245 62
244 61
244 62
