458
262 60
265 59
266 59
267 59
268 59
270 59
271 59
274 59
275 59
278 59
280 59
282 59
284 59
286 59
288 59
290 59
291 59
293 58
296 58
298 58
300 58
302 58
304 57
307 57
309 57
311 56
313 56
315 56
318 56
320 55
323 55
325 55
328 55
330 55
332 54
334 54
337 54
339 54
341 54
344 53
346 53
348 53
350 52
353 52
355 52
357 52
360 51
362 51
364 51
367 51
369 50
371 50
372 50
374 50
375 50
376 50
377 49
378 49
379 49
380 49
381 49
381 50
381 51
381 52
381 53
381 54
381 55
382 56
382 57
382 58
382 59
382 61
382 62
382 63
382 65
383 66
383 67
383 69
383 70
383 72
384 74
384 75
384 77
384 79
385 81
385 83
385 85
385 87
385 89
386 91
386 93
386 94
387 96
387 98
387 100
388 102
388 105
388 107
389 108
389 111
389 112
389 114
390 116
390 118
390 120
390 123
390 125
390 127
391 129
391 131
391 134
391 135
392 137
392 139
392 141
392 143
392 145
393 147
393 150
393 152
393 154
393 156
394 158
394 160
394 162
394 164
394 165
395 167
395 170
395 171
395 173
395 175
395 177
395 178
395 179
395 180
395 181
395 182
396 183
396 184
396 185
396 186
396 187
396 188
395 188
394 188
393 188
392 188
391 188
390 188
389 188
388 188
387 188
386 188
385 189
384 189
383 189
382 189
381 190
380 190
379 190
378 191
377 191
376 191
375 192
374 192
373 192
372 193
371 193
370 194
369 194
368 195
367 196
366 196
365 197
364 197
364 198
363 198
363 199
362 199
361 200
360 201
359 202
358 203
357 203
356 204
355 204
355 205
355 206
354 206
354 207
354 208
353 209
352 210
352 211
351 211
351 212
350 213
350 214
349 215
349 216
349 217
348 218
348 219
347 220
347 221
347 222
346 223
346 224
345 225
345 226
345 227
344 228
344 229
344 230
344 231
344 232
343 232
343 233
343 234
343 235
343 236
343 237
343 238
342 239
343 240
342 241
342 242
342 243
342 244
342 245
342 246
342 247
342 248
342 249
342 250
342 251
342 252
342 253
342 254
343 255
343 256
343 257
343 258
343 259
343 260
343 262
343 263
343 264
343 265
343 267
343 268
343 269
343 270
343 271
343 272
343 273
343 274
343 275
342 276
342 277
342 278
342 279
342 280
342 281
342 282
341 283
341 284
341 285
341 287
341 288
340 289
340 290
340 291
340 292
340 293
339 294
339 295
339 296
338 297
338 298
337 299
337 300
337 301
336 301
336 302
336 303
335 303
335 304
334 305
333 306
333 307
332 308
332 309
331 310
330 310
330 311
329 312
328 312
327 313
326 314
325 314
324 315
323 315
322 316
321 316
320 317
319 317
318 317
317 318
316 318
315 318
314 318
313 318
312 318
311 319
310 319
309 319
308 319
308 320
307 320
306 321
305 321
304 321
303 321
303 322
302 322
301 322
302 322
301 322
302 322
301 321
301 320
301 319
301 318
300 318
300 317
300 316
299 316
299 315
299 314
299 313
298 312
298 311
298 309
298 308
297 307
297 305
297 304
297 302
297 301
296 300
296 298
296 297
296 295
295 294
295 292
295 290
295 289
295 287
294 285
294 283
294 281
294 279
294 277
293 275
293 273
293 271
293 269
293 267
292 265
292 262
292 260
292 257
292 255
291 253
291 250
291 248
291 245
291 243
290 240
290 238
290 235
290 232
289 230
289 227
289 225
288 222
288 219
288 217
287 214
287 211
287 208
287 206
287 203
287 200
287 197
287 194
287 191
286 189
286 186
286 183
286 180
285 178
285 175
285 172
284 169
284 167
284 164
283 162
283 159
282 157
282 154
282 151
281 149
281 146
281 144
281 141
280 139
280 136
280 134
280 131
279 129
279 127
279 124
278 122
278 119
278 117
277 115
277 113
276 111
276 109
275 107
275 104
275 102
274 100
274 98
273 96
273 94
273 93
272 91
272 90
272 88
271 87
271 86
271 84
270 83
270 82
270 80
270 79
270 78
269 77
269 76
269 75
269 74
268 73
268 72
268 71
