318
143 56
146 55
147 55
149 55
151 55
153 55
155 55
157 55
160 55
162 55
165 54
167 55
170 55
173 55
176 55
179 55
182 55
185 55
188 56
191 56
194 56
197 56
200 56
203 57
206 57
209 57
212 57
215 57
218 57
221 57
224 58
227 58
230 58
232 58
235 58
238 58
241 57
244 57
247 57
250 57
253 57
256 56
258 56
261 56
264 55
267 55
269 55
272 54
274 54
277 53
279 53
282 53
284 53
286 52
288 52
289 52
291 52
292 52
294 51
295 51
296 51
297 51
298 51
299 52
299 53
299 54
299 55
299 56
300 57
300 58
300 59
300 61
300 62
300 64
300 65
300 67
300 69
301 71
301 73
301 76
301 78
301 80
301 83
301 85
302 87
302 90
302 93
302 95
302 98
302 100
302 103
302 106
302 108
302 111
302 114
302 116
302 119
302 122
302 124
302 127
302 129
302 132
303 134
303 137
303 139
303 142
303 144
304 147
304 149
304 152
304 155
304 157
304 160
304 162
304 165
305 167
305 170
305 172
304 174
304 177
304 179
304 181
304 184
304 186
304 187
304 189
303 191
303 193
303 194
303 195
303 197
303 198
302 199
302 200
302 201
302 202
302 203
301 203
300 203
299 203
298 203
297 203
296 203
295 202
294 202
292 203
291 203
290 203
288 203
287 203
285 203
283 203
282 203
280 203
279 204
277 204
275 204
273 205
271 205
270 206
268 206
266 207
264 207
262 208
261 208
259 209
257 210
256 211
254 211
253 212
252 213
250 214
249 215
248 216
247 217
246 218
245 219
244 220
243 221
242 222
241 224
240 225
239 226
239 227
238 229
237 230
236 232
236 233
235 235
234 237
233 238
233 240
232 242
231 244
231 246
230 248
229 250
228 252
227 254
226 256
225 258
224 261
223 263
222 265
221 267
220 269
218 270
217 272
216 274
214 276
213 277
211 279
210 280
208 282
206 283
204 285
202 286
200 287
198 289
196 290
194 291
192 292
189 293
187 294
185 295
182 296
180 296
178 297
175 298
173 299
171 299
169 300
167 301
165 302
164 302
162 303
160 303
159 304
157 304
156 305
155 305
155 306
154 306
153 306
152 306
152 305
152 304
152 303
152 302
152 301
152 300
151 299
151 297
151 295
151 294
151 292
151 289
151 287
151 284
151 281
150 278
150 275
150 272
150 268
150 265
150 261
150 257
150 253
150 249
149 245
149 240
149 235
149 231
148 226
148 221
148 216
147 211
147 206
147 200
146 195
146 190
145 184
145 179
144 174
144 168
143 163
143 158
142 153
142 148
141 143
141 138
140 133
140 128
140 123
139 119
139 114
138 110
138 105
138 101
138 98
137 94
137 90
137 87
137 84
137 81
137 78
137 76
136 73
136 71
136 69
136 68
136 66
136 65
136 64
136 63
136 62
137 62
137 63
