407
186 83
191 84
192 84
194 84
195 84
196 83
198 83
200 83
201 83
203 83
205 83
207 82
209 82
211 82
213 81
216 81
218 81
221 80
223 80
226 79
228 79
231 79
233 78
235 78
238 78
240 77
242 77
245 77
247 77
249 76
252 76
254 76
257 76
259 76
261 75
263 75
266 75
268 75
270 75
272 74
275 74
277 74
279 74
281 74
283 73
285 73
287 73
289 72
291 72
293 72
295 71
296 71
298 71
299 71
301 70
302 70
303 70
304 70
305 70
306 69
307 69
308 69
308 70
309 70
309 71
309 72
310 72
310 73
310 74
311 75
311 76
311 77
312 77
312 78
312 79
313 80
313 81
313 82
314 83
314 85
314 86
315 87
315 89
315 90
315 91
316 93
316 94
316 95
316 97
317 98
317 99
317 101
317 102
317 104
317 105
317 107
318 108
318 110
318 111
318 113
318 115
318 117
318 118
318 120
318 122
319 124
319 125
319 127
319 129
319 131
319 133
319 134
319 136
319 138
319 140
319 142
319 144
320 146
320 148
320 150
320 151
320 153
320 155
320 157
320 159
320 161
320 163
320 165
320 167
320 169
320 171
320 172
320 174
320 176
321 178
321 180
321 182
321 184
321 186
321 188
321 190
321 192
321 194
321 195
321 197
322 198
322 200
322 201
322 202
322 203
322 204
322 205
322 206
323 206
323 207
323 208
323 209
324 209
324 210
324 211
323 211
323 212
322 212
321 212
320 212
319 212
318 212
317 212
316 212
315 213
314 213
312 213
311 213
310 214
309 214
307 214
306 214
305 215
303 215
302 216
300 216
298 217
297 217
295 218
294 218
292 219
291 219
289 220
288 221
286 221
285 222
283 223
282 224
281 224
279 225
278 226
277 227
276 228
275 229
273 230
272 231
271 232
270 233
270 234
269 236
268 237
267 238
266 239
266 241
265 242
264 244
264 245
263 247
263 248
263 250
262 251
262 253
262 255
262 257
261 258
261 260
261 262
261 263
261 265
261 267
261 269
261 271
262 273
262 274
262 276
262 278
262 279
262 281
262 282
262 284
262 285
262 286
261 288
261 289
260 290
260 292
259 294
258 296
257 297
256 298
255 300
253 301
252 302
250 303
249 305
247 306
245 307
243 308
241 309
239 310
236 311
234 312
233 313
231 314
229 314
227 315
225 316
223 316
222 317
220 317
218 317
217 318
215 318
214 319
213 319
212 319
211 320
210 320
209 320
208 321
207 321
206 321
205 321
205 322
204 322
203 322
203 323
202 323
201 322
201 321
201 320
200 319
200 318
200 317
200 315
200 314
199 312
199 310
199 308
199 306
199 304
199 301
198 299
198 296
198 294
198 291
197 289
197 287
197 285
196 282
196 280
196 278
196 276
195 273
195 271
195 268
195 266
195 263
195 261
195 259
195 256
195 254
195 252
194 249
194 247
194 244
194 242
194 239
194 237
194 234
194 232
194 230
194 227
194 225
194 223
194 220
194 218
194 216
194 213
194 211
194 208
194 206
194 203
194 201
194 199
194 196
194 194
193 192
193 189
193 187
193 185
193 182
193 180
193 178
192 175
192 173
192 171
192 168
192 166
191 164
191 161
190 159
190 157
190 154
189 152
189 150
189 148
188 146
188 143
188 141
188 139
187 137
187 135
187 133
187 131
187 129
186 127
186 125
186 123
186 121
186 120
186 118
186 117
186 115
186 114
186 112
186 111
186 110
186 109
186 108
186 106
186 105
186 104
186 103
187 102
187 101
187 100
187 99
187 98
187 97
187 96
187 95
188 94
188 93
188 92
188 91
188 90
188 89
189 88
189 87
190 87
190 86
