245
318 97
325 96
328 96
331 96
334 96
337 95
340 95
343 95
346 95
349 95
353 95
355 94
359 94
363 94
367 94
370 93
374 93
377 93
381 93
385 93
389 93
392 93
395 93
398 93
401 93
404 93
408 93
411 93
414 92
418 92
421 92
424 91
427 91
431 91
434 91
437 91
440 91
442 90
445 90
447 91
450 91
453 91
456 91
459 91
462 91
466 91
469 91
472 91
472 94
473 96
473 99
474 101
474 104
474 107
475 109
475 112
475 116
475 119
475 122
474 124
474 127
474 130
474 134
473 137
473 140
473 143
473 146
473 149
473 152
472 155
472 158
472 161
471 164
471 167
471 171
471 175
470 177
470 180
470 183
470 186
470 189
470 193
470 197
470 200
470 203
470 206
469 208
469 211
469 214
469 217
468 220
468 223
468 226
467 228
467 231
467 234
467 237
467 240
465 241
462 241
459 241
456 241
453 241
450 241
447 241
444 241
441 241
438 241
436 242
433 242
431 243
427 244
424 245
421 245
419 246
417 247
414 248
412 249
410 250
408 251
406 252
404 253
402 254
400 255
398 257
396 259
394 261
392 263
391 265
390 267
389 269
388 271
387 273
386 275
385 277
384 280
383 282
382 285
381 287
381 290
380 292
379 295
378 297
377 300
376 302
375 304
374 306
373 308
371 310
370 312
368 314
367 316
365 318
363 319
362 321
360 322
358 324
356 325
354 327
352 328
350 329
348 330
346 331
344 332
341 332
339 333
335 333
332 333
329 333
327 334
325 333
322 333
319 333
318 331
318 328
318 325
319 322
319 319
319 316
319 313
320 310
320 307
320 304
320 300
321 297
321 294
321 291
322 289
322 286
322 282
322 279
323 275
323 272
323 268
324 265
324 262
325 259
325 255
325 252
326 250
326 246
326 242
327 239
327 235
327 231
327 227
328 224
328 220
328 216
329 214
329 210
329 206
329 202
329 198
330 196
330 192
330 188
330 184
330 180
330 177
330 173
330 170
330 166
330 162
329 160
329 156
329 153
329 149
329 145
329 142
329 138
329 134
329 131
329 128
328 126
328 123
328 119
328 116
328 112
328 109
329 106
329 103
330 101
330 98
331 97
