493
236 40
242 39
243 38
244 38
246 38
247 38
249 38
250 38
252 38
254 38
256 38
258 37
260 37
262 37
264 37
266 37
268 37
270 37
272 36
274 36
276 36
278 36
280 36
282 36
285 36
287 36
289 36
291 36
293 36
295 36
297 36
300 36
302 36
304 36
306 36
309 37
311 37
313 37
316 37
318 37
320 37
323 37
325 37
327 37
329 38
332 38
334 38
336 38
338 38
341 38
343 38
345 38
347 38
350 39
352 39
354 39
356 39
358 39
360 39
362 39
364 40
366 40
367 40
369 40
371 40
372 40
373 40
374 40
375 40
376 40
377 40
377 41
377 42
378 43
378 44
378 45
378 46
378 47
378 48
378 49
378 50
378 52
378 53
378 54
378 55
378 56
378 57
378 59
379 60
379 61
379 62
379 63
379 64
379 65
379 67
379 68
379 69
379 70
379 71
379 73
380 74
380 75
380 76
380 78
380 79
380 80
380 82
380 83
380 84
380 86
380 87
380 88
380 89
380 91
380 92
380 93
380 95
380 96
380 97
380 99
380 100
381 101
381 103
381 104
381 106
381 107
381 108
381 110
381 111
381 112
381 114
382 115
382 117
382 118
382 119
382 121
382 122
383 123
383 125
383 126
383 128
383 129
384 131
384 133
384 134
384 136
384 137
385 139
385 141
385 142
385 144
385 146
385 147
385 149
385 151
386 152
386 154
386 156
386 158
386 159
386 161
386 163
386 165
386 167
386 168
386 170
386 171
386 173
386 174
386 176
386 177
386 178
385 179
385 180
385 181
385 182
385 183
385 184
385 185
385 186
385 187
384 188
384 189
383 189
383 188
382 188
381 188
380 188
379 188
378 188
377 187
376 187
375 187
374 187
373 187
372 187
371 187
370 187
369 187
368 187
367 187
365 187
364 187
363 187
362 187
361 187
360 187
359 187
357 187
356 187
355 188
354 188
353 188
352 188
351 188
350 189
349 189
348 189
347 189
346 190
345 190
344 190
343 191
342 191
341 191
340 192
339 192
338 192
337 193
336 193
335 194
334 195
333 195
332 196
331 197
330 197
330 198
329 199
328 199
328 200
327 201
326 202
325 203
325 204
324 204
324 205
323 206
323 207
322 208
322 209
321 210
321 211
321 212
321 213
320 214
320 215
320 216
320 217
319 218
319 219
319 220
319 221
319 222
318 223
318 224
318 225
318 226
318 227
317 228
317 229
317 230
317 231
317 232
317 233
316 234
316 235
316 236
316 237
316 238
315 239
315 240
315 241
315 242
315 243
314 245
314 246
314 247
313 248
313 249
313 250
312 251
312 252
312 253
311 254
311 255
311 256
310 257
310 258
309 260
309 261
308 262
307 263
307 264
306 265
305 266
304 267
303 268
303 269
302 270
301 271
300 272
298 273
297 274
296 275
295 276
294 276
292 277
291 278
290 279
288 280
287 281
285 281
284 282
282 283
281 283
279 284
278 284
276 285
274 286
273 286
271 287
270 287
268 288
267 288
265 289
264 289
262 290
261 290
259 290
258 291
257 291
255 291
254 291
253 292
252 292
251 292
250 292
249 292
248 292
247 293
246 293
245 293
244 293
244 292
244 291
243 290
243 289
243 288
243 287
243 286
243 285
243 284
243 283
243 282
243 281
243 280
243 279
243 278
243 277
243 276
243 275
243 274
243 272
243 271
243 270
243 269
243 267
243 266
243 265
243 263
243 262
243 261
243 259
243 258
243 257
243 255
243 254
243 253
243 251
243 250
243 248
243 247
243 246
243 244
243 243
243 241
243 239
243 238
243 236
243 234
243 233
243 231
243 230
243 228
243 226
243 225
243 223
243 221
243 219
243 217
243 216
243 214
243 212
243 210
243 208
243 206
243 204
243 202
243 200
242 198
242 196
242 194
242 192
242 190
242 187
242 185
242 183
242 180
243 178
243 176
243 173
243 171
243 168
243 166
243 163
243 160
243 158
243 155
243 152
244 150
244 147
244 144
244 141
244 139
244 136
244 133
244 131
244 128
244 126
244 123
244 121
243 118
243 116
243 114
243 111
243 109
243 107
243 104
242 102
242 100
242 97
242 95
242 93
242 91
241 89
241 87
241 85
241 83
241 81
241 78
241 76
241 74
241 72
242 70
242 68
242 66
242 64
242 62
243 60
243 58
243 57
243 55
243 54
243 53
244 51
244 50
243 49
243 48
243 47
242 48
241 49
240 49
240 49
