285
303 102
308 101
311 101
314 101
317 101
319 102
322 102
325 102
328 102
331 102
334 102
337 102
340 102
343 102
346 102
350 102
354 102
357 102
361 102
364 102
368 102
371 102
374 102
377 102
381 102
384 102
387 102
390 102
393 102
396 102
400 102
403 102
406 102
409 102
413 102
416 102
419 102
422 102
425 102
428 102
431 102
434 102
437 102
439 101
441 102
444 102
447 102
450 102
453 102
456 102
459 102
462 102
465 102
467 104
467 107
467 110
468 112
468 115
469 117
469 120
469 123
469 126
469 129
470 132
470 135
469 137
469 140
469 143
469 146
469 149
469 152
469 155
469 158
469 161
469 164
468 166
468 169
468 172
468 175
468 178
467 180
467 183
467 186
467 189
467 192
467 195
467 198
467 201
467 204
467 207
467 210
467 213
467 216
467 219
467 222
466 224
466 227
467 230
467 233
467 236
467 239
467 242
467 245
468 248
468 251
467 254
467 257
467 260
467 263
466 266
466 269
466 272
466 275
466 278
466 281
464 282
461 282
459 281
456 281
453 281
451 280
448 280
445 280
442 280
439 280
437 281
434 281
432 282
429 282
427 283
424 283
421 284
419 285
415 286
413 287
410 288
408 289
405 290
403 291
401 292
399 293
397 294
395 295
394 297
392 298
390 299
389 301
387 302
386 304
384 306
383 308
381 310
380 312
379 314
379 317
378 319
378 322
377 325
377 329
377 332
376 334
376 337
375 339
375 342
374 344
373 347
372 350
371 353
370 355
369 357
368 359
366 361
365 363
363 364
362 366
360 368
358 370
356 371
354 372
352 374
350 376
348 377
346 378
343 379
341 380
338 381
335 381
333 382
330 383
327 383
324 383
321 383
318 384
315 384
311 384
309 385
306 385
303 385
300 385
297 385
294 385
291 385
291 382
290 380
290 377
290 374
290 371
290 368
290 365
291 363
291 360
291 357
292 355
292 352
293 349
293 345
294 341
294 338
295 336
295 333
296 330
296 327
296 323
297 319
297 315
297 312
297 308
298 304
298 301
298 297
299 293
299 289
299 285
300 283
300 279
300 275
301 273
301 269
302 266
302 262
303 260
303 257
303 253
304 251
304 247
304 244
304 240
305 238
305 235
305 231
305 227
305 223
305 218
305 214
305 210
305 206
305 203
305 199
305 196
305 192
305 188
305 185
305 181
305 178
305 174
306 171
306 168
306 164
306 161
306 158
306 154
307 151
307 147
307 144
307 140
306 136
306 132
306 128
305 125
305 122
305 119
306 117
306 114
306 111
306 108
