220
316 81
322 80
325 80
328 80
332 80
335 79
339 79
342 79
346 79
349 79
353 79
356 79
358 78
361 79
365 79
368 79
372 79
375 79
378 79
381 79
384 79
388 80
391 80
394 80
397 80
400 80
403 80
406 80
409 80
411 81
414 81
417 81
420 81
423 81
426 81
429 81
431 82
434 82
437 82
441 83
444 83
447 83
448 85
448 88
448 91
449 93
449 96
449 99
449 102
449 105
449 108
449 111
448 113
448 116
448 119
448 122
448 125
447 127
447 131
446 133
446 136
446 139
445 143
445 147
444 149
444 152
443 154
443 158
442 160
442 163
441 165
441 169
440 171
440 174
440 177
439 179
439 182
438 185
438 188
438 191
437 194
437 197
437 200
437 203
437 206
436 208
436 211
436 215
436 218
436 221
436 224
434 225
432 226
429 226
426 226
423 226
420 227
417 227
414 227
411 227
408 227
406 228
403 228
401 229
398 229
396 230
393 231
391 232
389 233
387 234
385 235
383 236
381 238
379 239
378 241
377 243
375 245
374 247
373 249
372 251
371 253
370 255
369 258
369 261
368 263
368 266
368 269
367 271
367 274
366 276
365 279
364 282
363 285
362 287
361 289
360 291
359 293
357 294
356 296
354 297
353 299
351 300
349 301
347 302
345 303
343 304
341 305
339 306
337 307
334 308
331 309
328 310
325 310
322 310
320 311
319 309
319 306
319 303
319 300
319 297
319 294
319 291
319 288
319 285
320 283
320 280
320 277
320 274
320 271
321 269
321 265
321 261
322 258
322 255
322 251
323 248
323 245
323 241
323 237
323 233
323 230
323 226
323 222
323 219
323 215
324 213
324 209
324 205
324 202
324 198
324 193
324 189
324 186
324 182
324 177
324 173
324 170
324 165
324 160
324 155
324 151
324 148
324 144
324 141
324 137
324 133
324 130
325 127
325 123
325 119
325 115
325 112
325 108
325 105
325 102
325 99
325 96
325 93
325 90
326 90
