282
165 55
170 55
171 55
173 55
174 55
176 55
178 55
180 55
182 55
185 54
187 54
190 54
193 54
196 54
199 53
202 53
205 53
208 53
211 53
215 52
218 52
221 52
224 52
228 52
231 52
234 52
237 52
240 52
242 52
245 52
248 52
250 52
252 52
254 52
256 52
258 52
259 52
260 52
261 52
262 52
263 52
264 53
265 53
266 54
266 55
266 56
266 57
267 58
267 59
267 61
267 62
268 64
268 66
268 68
268 70
269 72
269 75
269 77
269 80
270 83
270 86
270 89
270 92
271 96
271 99
271 102
271 106
272 109
272 113
272 116
273 120
273 123
273 127
273 130
273 134
274 137
274 140
274 144
274 147
274 150
274 154
275 157
275 160
275 163
275 166
275 169
275 172
275 175
275 178
275 181
275 183
275 186
275 188
275 190
275 191
275 193
275 194
275 195
275 196
275 197
275 198
274 198
274 197
273 197
272 197
271 197
270 197
269 197
268 197
267 196
266 196
265 196
263 196
262 196
260 196
259 196
257 196
255 196
253 197
251 197
250 197
248 197
246 198
244 198
242 198
240 199
238 199
237 200
235 200
234 201
232 201
231 202
229 202
228 203
227 204
226 205
225 205
224 206
223 207
222 208
221 208
221 209
220 210
219 211
219 212
218 213
217 214
217 215
216 216
216 218
215 219
215 220
214 222
213 223
213 225
212 226
212 228
211 229
210 231
210 233
209 234
208 236
208 237
207 239
206 241
205 242
205 244
204 245
203 247
202 248
201 249
200 251
199 252
198 253
197 254
196 255
195 256
193 257
192 258
191 259
190 260
188 261
187 261
185 262
184 263
183 263
182 264
180 264
179 264
178 265
176 265
175 265
174 266
172 266
171 266
170 267
168 267
167 267
166 267
164 268
163 268
162 268
161 269
160 269
159 269
158 269
158 270
157 270
156 270
156 269
156 268
156 267
156 266
156 265
156 264
156 263
156 261
156 260
156 258
156 256
156 254
156 251
156 249
156 246
156 243
156 240
156 237
156 234
156 230
156 227
156 223
156 219
156 215
156 211
155 207
155 203
155 199
155 194
154 190
154 185
154 181
154 176
153 171
153 167
153 162
153 157
152 152
152 147
152 142
152 137
152 132
152 127
151 122
151 118
151 113
151 108
151 103
151 99
152 94
152 90
152 86
152 82
152 78
152 74
152 71
152 67
152 64
152 61
153 58
153 56
153 54
153 52
153 50
153 49
153 48
153 47
153 46
153 47
153 48
153 49
154 49
154 50
