203
321 82
325 81
328 81
331 81
334 81
338 81
342 81
345 81
348 81
352 81
355 81
359 81
362 81
366 81
369 81
372 81
375 82
378 82
381 82
384 82
387 82
389 83
392 83
395 83
398 83
401 83
404 83
407 83
410 83
413 83
416 83
419 83
423 83
426 83
430 83
433 83
436 83
439 83
440 85
440 88
441 91
441 94
441 97
441 100
441 103
441 106
441 109
441 112
441 115
441 118
441 122
440 126
440 129
440 132
440 135
440 138
439 140
439 143
439 146
438 148
438 151
438 154
438 157
437 159
437 162
436 165
436 168
436 171
435 173
435 176
435 179
434 181
434 184
434 187
434 190
434 193
434 196
434 199
433 202
433 205
433 208
433 211
434 214
432 215
430 216
427 216
424 216
422 217
419 217
417 218
414 219
411 219
409 220
407 221
404 222
402 223
400 224
398 225
395 226
393 227
391 228
389 229
387 231
385 233
383 235
382 237
381 239
380 241
379 243
378 245
377 248
377 251
376 253
375 255
374 258
373 261
372 263
371 265
370 268
369 270
368 272
366 274
365 276
363 278
361 279
360 281
358 282
356 283
354 284
352 285
350 286
348 287
346 288
343 288
341 289
338 289
336 290
333 290
330 290
327 289
326 287
325 285
326 282
326 279
326 276
326 273
326 270
326 266
327 263
327 259
327 256
327 253
327 250
327 246
327 243
327 239
328 237
328 233
328 229
328 226
329 224
329 220
329 216
330 214
330 210
331 206
331 203
331 199
331 196
332 194
332 190
332 185
332 181
332 177
333 175
333 171
333 167
333 164
333 160
333 156
333 153
333 149
333 145
333 142
333 138
333 134
333 130
333 127
332 125
332 122
332 119
332 116
332 113
332 110
331 108
331 104
330 102
330 99
330 96
330 93
330 90
330 87
330 88
