483
264 66
268 66
269 66
270 66
272 66
274 66
276 66
278 66
281 66
283 66
285 66
288 66
290 66
292 66
295 66
297 66
300 66
303 66
305 66
308 66
311 66
314 66
316 66
319 66
322 66
324 66
327 66
330 67
332 67
335 67
338 67
341 67
343 67
346 67
349 67
351 67
354 67
357 67
359 67
362 67
364 67
367 67
369 67
371 67
373 67
375 67
377 67
378 67
380 67
381 67
383 67
384 67
386 67
387 67
389 67
390 67
391 67
393 67
394 66
395 66
397 66
398 66
399 66
400 66
401 66
402 66
403 66
404 66
405 66
406 66
407 66
408 66
409 66
410 66
410 67
409 68
409 69
409 70
410 71
410 72
410 73
410 74
410 75
410 76
409 77
409 79
409 80
410 82
410 83
410 85
410 86
410 88
410 89
410 91
410 92
410 94
410 96
409 98
410 99
410 101
410 104
410 106
410 108
410 110
410 112
410 114
409 116
409 118
409 120
409 122
409 125
409 127
409 129
409 131
409 133
408 136
408 138
408 140
408 141
408 144
408 146
407 148
407 150
407 152
407 154
407 156
407 158
407 159
406 161
406 163
406 165
406 167
405 169
405 171
405 173
405 175
404 176
404 178
404 180
404 182
403 183
403 185
403 186
402 188
402 190
401 191
401 193
401 195
400 196
400 198
400 200
400 201
400 202
400 203
400 205
400 206
400 207
400 208
400 209
399 210
399 211
399 212
399 213
399 214
399 215
399 216
399 217
399 216
398 216
397 216
397 215
396 215
395 215
394 215
393 215
392 215
391 215
390 214
389 214
388 214
387 214
386 214
384 214
383 214
382 214
381 214
379 213
378 213
377 213
376 213
375 213
374 213
372 213
371 213
370 214
369 214
367 214
366 214
365 214
364 214
363 214
362 215
361 215
360 215
359 216
358 216
357 216
357 217
356 217
355 218
354 218
353 219
352 220
351 220
351 221
350 221
349 222
348 222
348 223
347 223
346 224
345 225
344 225
343 226
342 226
341 227
340 227
340 228
339 228
338 229
337 230
337 231
336 231
335 232
334 233
334 234
333 235
332 236
332 237
332 238
331 239
331 240
331 241
330 242
330 243
330 244
329 245
329 246
329 247
328 248
328 249
327 249
327 250
327 251
327 252
326 252
326 253
326 254
326 255
325 256
325 257
325 258
325 259
324 260
324 261
324 262
324 264
323 265
323 266
323 267
323 268
322 269
322 270
322 271
322 272
321 273
321 274
321 275
321 276
321 277
321 278
321 279
321 280
321 281
320 283
320 284
320 286
320 287
320 288
320 290
320 291
320 292
320 293
319 294
319 296
319 297
319 298
318 299
318 300
318 302
318 303
317 305
317 306
317 307
316 309
316 310
315 312
315 313
315 314
314 315
313 316
313 317
312 319
311 320
311 321
310 322
310 323
310 324
309 325
309 326
308 327
308 328
307 329
306 330
306 331
305 332
304 332
303 333
302 334
301 335
301 336
300 336
299 337
298 337
297 338
296 338
295 339
293 339
292 339
291 340
290 340
289 340
288 340
287 340
286 341
285 341
284 341
283 341
282 341
281 341
280 341
279 341
278 341
277 341
276 341
275 341
274 341
273 341
272 341
271 341
271 340
272 340
272 339
272 338
272 337
272 336
271 335
271 334
271 333
271 332
271 330
271 329
271 327
271 326
271 324
271 322
271 321
271 319
271 318
271 316
271 314
271 312
271 311
271 308
271 306
271 304
271 302
271 300
271 298
271 296
271 293
271 291
271 289
271 287
271 284
271 282
271 279
271 277
271 274
271 272
271 269
271 267
271 264
271 261
271 259
271 256
271 253
271 250
271 248
271 245
271 242
271 239
271 236
271 233
271 231
271 228
271 225
271 222
271 219
271 217
271 214
271 211
271 208
271 205
271 202
271 200
270 197
270 194
270 191
270 188
270 185
270 182
270 179
269 177
269 174
269 171
269 168
269 165
269 162
269 159
269 156
269 153
269 151
269 148
268 145
268 143
268 140
268 137
268 135
267 132
267 130
266 127
266 125
266 122
265 120
265 117
265 115
265 113
265 111
265 108
264 106
264 104
264 102
264 99
264 97
264 95
264 94
264 92
263 91
263 90
263 88
263 87
263 86
263 85
263 84
263 83
262 82
262 81
262 80
262 79
262 80
261 80
261 81
