348
97 50
101 50
102 50
104 50
105 50
107 50
109 50
111 49
114 49
116 49
119 49
122 49
124 49
128 49
131 49
134 48
138 48
141 48
145 48
148 48
152 48
156 48
160 48
164 48
167 48
171 48
175 48
179 49
183 49
186 49
190 49
194 49
197 49
200 49
204 49
207 49
210 49
213 49
216 49
219 50
222 50
224 50
227 50
229 50
232 50
234 50
236 50
238 50
240 50
242 50
244 50
245 50
246 50
248 50
249 50
250 50
251 50
252 50
252 51
253 52
253 53
253 54
253 55
253 56
253 57
253 58
253 59
253 61
253 62
253 64
253 66
254 68
254 70
254 72
254 75
254 77
254 80
254 83
254 86
254 88
254 91
254 95
254 98
254 101
255 104
255 107
255 111
255 114
255 117
255 121
255 124
255 128
255 131
255 135
255 138
255 142
256 145
256 148
256 152
256 155
256 158
256 161
256 164
256 168
256 171
256 174
256 176
256 179
256 182
256 185
257 187
257 190
257 192
257 194
257 196
257 199
257 201
257 203
257 205
257 206
257 208
257 210
257 211
257 212
257 213
257 214
257 215
257 216
256 217
256 218
256 219
255 219
254 220
253 220
252 220
251 220
250 220
249 220
248 220
247 220
246 220
244 220
243 220
242 221
241 221
239 221
238 221
237 221
235 221
234 221
232 222
231 222
230 222
228 222
227 222
225 222
224 223
222 223
221 223
219 224
218 224
216 224
215 225
213 225
211 225
210 226
209 226
207 227
206 227
204 227
203 228
202 228
200 229
199 230
198 230
197 231
196 231
195 232
194 232
193 233
192 234
191 235
190 235
189 236
189 237
188 237
187 238
187 239
186 240
185 241
185 242
185 243
184 244
184 245
184 246
183 247
183 248
183 249
183 250
183 251
183 252
183 253
183 255
183 256
183 257
183 259
183 260
183 261
183 263
183 264
183 266
183 267
183 269
183 270
183 272
183 273
182 275
182 277
182 279
182 281
181 282
181 284
181 286
180 288
180 290
179 292
178 294
178 296
177 298
176 300
175 302
174 305
173 307
171 309
170 311
169 313
167 315
166 317
162 321
161 322
159 324
157 325
156 327
154 328
152 329
151 330
149 331
147 332
146 333
144 334
142 334
140 335
139 336
137 336
135 337
133 337
131 337
130 338
128 338
126 338
125 339
123 339
122 339
120 339
119 340
118 340
117 340
116 340
115 340
114 340
113 340
112 340
111 340
111 339
111 338
111 337
111 336
111 335
111 334
111 333
111 332
111 330
111 328
111 326
111 324
111 322
111 320
111 317
111 314
111 311
111 308
111 304
111 300
112 296
112 292
112 287
112 283
111 278
111 273
111 268
111 263
111 257
111 252
110 246
110 241
110 235
110 229
109 223
109 217
109 211
108 204
108 198
108 192
107 186
107 180
106 174
106 168
105 162
105 156
104 150
104 144
103 138
103 132
102 126
102 121
102 115
101 110
101 105
101 100
100 95
100 91
100 86
99 82
99 78
99 75
98 71
98 68
97 65
97 63
97 61
96 59
96 57
95 55
95 54
95 53
94 52
94 51
94 52
