462
230 80
234 78
235 78
236 78
237 77
238 77
239 77
240 77
241 77
242 77
243 77
244 77
245 77
246 77
247 77
249 77
250 76
252 76
254 76
255 76
257 76
259 76
261 76
263 76
265 76
267 75
269 75
271 75
273 75
275 75
278 75
280 75
283 75
285 75
288 75
290 75
293 75
295 75
298 75
300 75
303 75
306 75
309 75
311 75
314 75
317 75
320 75
323 75
326 75
329 74
332 74
335 74
338 74
341 74
344 74
347 74
350 74
353 74
355 74
357 74
359 73
361 73
363 73
364 73
365 73
366 73
367 73
368 73
369 73
369 74
369 75
370 76
370 77
370 78
370 79
370 80
370 81
370 82
371 83
371 84
371 85
371 86
371 87
371 88
371 89
372 90
372 91
372 93
372 94
373 95
373 97
373 99
373 100
373 102
374 104
374 106
374 108
374 110
374 112
375 113
375 115
375 117
375 119
375 121
375 123
376 125
376 127
376 129
376 131
376 133
376 135
376 137
377 139
377 141
377 143
377 145
377 147
377 150
377 152
377 154
377 156
377 158
377 160
377 162
377 164
377 166
377 168
377 170
377 172
377 175
377 176
377 178
377 180
377 182
377 184
377 185
377 187
377 188
377 190
377 192
377 193
377 194
377 196
377 197
377 198
377 199
377 200
377 201
377 202
377 203
377 202
376 202
375 202
374 202
373 202
372 202
371 202
370 202
369 202
368 202
367 202
366 203
364 203
363 203
362 203
361 203
360 203
359 203
358 203
357 204
356 204
355 204
354 204
353 204
352 204
351 204
350 205
349 205
348 205
347 205
346 205
345 206
344 206
343 207
341 207
340 208
339 209
338 209
337 210
336 210
335 211
334 211
334 212
333 212
332 213
331 213
331 214
330 215
329 216
328 217
328 218
327 219
326 220
325 221
325 222
324 223
323 223
322 224
322 225
321 226
321 227
320 227
319 228
319 229
318 230
318 231
317 232
317 233
317 234
316 235
316 236
316 237
316 238
315 239
315 240
315 242
315 243
314 244
314 245
314 246
314 247
314 248
314 249
314 250
314 251
314 252
314 253
314 254
314 255
314 256
314 257
314 258
314 259
314 260
314 261
314 262
314 264
314 265
314 266
314 267
314 268
314 270
314 272
314 273
314 274
314 275
314 276
314 277
314 279
314 280
314 281
314 283
314 285
314 286
314 288
314 289
313 291
313 292
313 294
313 295
313 296
313 298
313 299
312 300
312 302
312 304
311 305
311 307
311 308
311 310
310 311
310 313
309 314
309 315
309 317
308 318
308 319
307 320
306 321
306 322
305 324
304 325
303 326
302 327
300 328
299 329
298 330
297 331
296 332
295 333
294 333
293 334
292 334
291 335
290 335
289 336
288 336
287 336
286 336
285 336
284 336
283 336
281 336
280 336
279 336
277 336
276 336
274 336
273 336
272 336
270 336
269 335
268 335
267 335
266 335
265 335
264 334
263 334
263 333
262 333
262 332
261 332
260 332
260 331
259 331
259 330
258 329
258 328
258 327
257 327
257 326
257 325
257 324
257 323
256 322
256 321
256 320
256 319
256 318
256 317
256 316
256 315
256 314
255 313
255 311
255 310
255 308
255 306
255 305
255 303
255 301
255 299
255 298
254 296
254 294
254 292
254 290
254 288
254 286
254 284
254 281
254 279
254 277
254 274
254 272
254 269
254 267
254 264
254 262
253 259
253 257
253 254
253 252
252 249
252 247
252 244
252 241
251 238
251 236
251 233
251 230
251 228
251 225
250 222
250 219
250 217
250 214
249 211
249 209
249 206
249 204
249 201
248 198
248 196
248 193
248 191
247 188
247 186
247 183
247 181
246 179
246 176
246 174
246 171
245 169
245 167
245 164
244 162
244 160
244 158
243 156
243 154
243 152
242 150
242 148
242 145
242 143
242 141
242 139
242 137
241 135
241 134
241 132
241 130
240 128
240 126
240 124
240 121
239 119
239 117
239 116
239 114
238 112
238 110
238 108
237 106
237 104
237 103
236 101
236 99
236 97
236 96
236 94
235 93
235 92
235 91
235 90
234 90
234 89
234 88
234 89
234 88
