441
242 64
244 64
245 64
246 64
248 64
249 64
250 64
252 64
254 64
255 64
257 64
259 64
261 64
263 64
265 64
267 64
269 64
272 64
274 64
277 64
279 64
282 64
284 64
287 64
289 64
292 64
295 64
298 64
300 64
303 63
306 63
309 63
312 63
315 63
318 63
320 63
323 63
326 63
329 62
331 62
334 62
336 62
339 62
341 62
344 62
346 62
348 62
350 62
352 62
354 62
356 62
358 61
360 61
362 61
364 61
365 61
367 61
368 61
369 61
371 61
372 61
373 61
374 61
375 61
376 61
377 62
377 61
377 62
377 61
377 62
376 63
376 64
376 65
376 66
376 67
377 68
377 69
377 70
377 71
377 73
377 74
377 75
377 77
377 79
377 80
377 82
377 84
377 85
377 87
377 89
377 91
377 92
377 94
377 96
377 98
377 100
377 102
377 104
377 106
377 108
377 111
377 113
377 115
377 117
377 119
377 121
377 123
377 126
377 128
377 130
377 133
377 135
377 137
377 139
377 141
377 143
377 145
377 148
377 150
377 152
377 154
377 156
377 158
377 160
377 162
377 164
377 166
377 168
377 171
377 173
376 175
376 176
376 178
376 180
376 181
376 183
376 184
376 185
376 187
376 188
376 189
376 190
376 191
376 192
376 193
376 194
376 195
376 196
376 197
375 196
374 196
374 195
373 195
372 195
371 195
370 196
369 196
368 196
367 196
366 196
365 196
364 196
363 196
362 196
361 196
360 197
359 197
358 197
357 197
356 197
355 198
354 198
353 198
352 199
351 199
350 199
350 200
349 200
348 200
347 200
346 201
345 201
344 202
343 202
342 202
342 203
341 203
340 203
339 204
338 204
337 205
336 205
335 205
335 206
334 206
334 207
333 207
333 208
332 208
332 209
332 210
331 210
331 211
330 212
330 213
329 214
329 215
328 216
328 217
328 218
327 219
327 220
327 221
326 222
326 223
326 224
326 225
325 226
325 227
325 228
325 229
324 230
324 231
324 232
324 233
324 234
324 235
324 236
324 237
324 238
324 239
324 240
324 241
324 243
324 244
324 245
324 246
324 247
324 248
324 249
324 250
324 251
324 252
324 253
324 254
324 255
324 256
324 257
324 258
324 259
324 261
324 262
324 263
324 264
324 265
325 266
325 267
325 268
325 269
325 270
325 271
325 272
325 273
325 274
325 275
324 276
324 277
324 278
324 279
324 280
324 281
323 282
323 284
322 285
322 286
321 288
321 289
320 290
320 292
319 293
319 294
318 295
318 296
317 296
316 297
315 298
314 299
313 300
312 301
311 302
310 303
309 304
309 305
308 306
307 307
306 308
305 308
304 309
303 310
302 310
301 311
300 311
299 312
298 312
297 313
296 313
295 313
294 314
293 314
292 314
291 314
290 315
289 315
288 315
287 315
287 314
287 315
287 314
287 315
287 314
287 313
287 312
287 311
287 310
287 309
286 308
286 307
286 306
286 305
286 304
285 303
285 302
285 300
285 299
284 298
284 297
284 296
284 295
283 294
283 292
283 291
283 290
283 288
283 286
282 284
282 283
282 281
282 279
282 277
282 275
282 274
281 272
281 270
281 268
280 266
280 264
280 261
279 259
279 257
279 255
278 252
278 250
278 248
278 246
277 243
277 241
277 239
276 236
276 234
276 231
275 229
275 227
275 224
274 221
274 219
274 216
273 214
273 211
273 208
272 206
272 203
272 201
272 198
271 195
271 193
271 190
271 187
271 184
270 182
270 179
270 176
270 173
270 171
269 168
269 165
269 162
269 159
268 156
268 154
267 151
267 148
266 145
266 142
265 140
265 137
264 134
264 131
264 129
264 126
263 123
263 121
263 118
262 116
262 113
261 111
261 108
261 106
260 104
260 102
260 99
259 97
259 96
258 94
258 92
257 91
257 90
256 89
256 88
256 87
255 86
255 85
255 84
255 83
254 82
254 81
254 80
254 79
254 78
254 77
253 77
253 76
