447
242 77
247 78
248 78
250 78
252 78
254 78
256 78
259 77
261 77
264 77
267 77
270 77
273 77
277 76
280 76
283 76
287 76
290 76
294 76
297 75
301 75
304 75
307 75
311 75
314 75
317 75
321 75
324 75
327 75
330 75
333 75
336 75
339 74
341 74
344 74
346 74
349 74
351 74
353 74
356 74
358 74
360 73
362 73
364 73
366 73
367 73
369 73
370 73
372 73
373 73
374 73
375 72
376 72
377 72
378 72
379 72
380 73
380 74
381 74
381 75
381 76
382 76
382 77
383 78
383 79
384 80
384 81
385 82
385 83
385 84
386 85
386 86
387 87
387 89
387 90
388 91
388 92
388 93
389 94
389 95
389 96
390 97
390 98
390 99
390 100
390 101
390 103
390 104
391 105
391 106
391 107
391 108
391 110
391 111
391 112
391 113
392 115
392 116
392 117
392 118
392 119
393 121
393 122
393 123
394 124
394 125
394 127
395 128
395 129
396 131
396 132
396 134
397 135
397 137
398 138
398 140
399 142
399 143
400 145
401 146
401 148
402 149
402 151
403 153
403 154
404 156
404 157
405 159
405 161
406 162
406 164
406 166
407 168
407 170
408 171
408 173
408 175
408 177
409 178
409 180
409 182
409 184
410 185
410 187
410 189
410 191
410 193
411 195
411 196
411 198
411 200
411 202
411 203
412 205
412 207
412 208
412 210
412 211
412 213
412 215
413 216
413 218
413 220
413 221
413 223
413 224
413 226
413 227
413 228
413 230
413 231
414 232
414 233
414 234
414 235
414 236
414 237
414 238
414 239
415 239
415 240
415 241
415 242
414 242
413 242
412 242
411 242
410 242
409 242
408 242
407 242
406 242
404 242
403 243
402 243
401 243
400 244
399 244
398 244
396 245
395 245
394 246
393 246
392 247
391 247
389 248
388 249
387 250
386 250
384 251
383 252
381 253
380 254
379 255
377 256
376 256
375 257
374 258
373 259
372 260
371 261
370 262
369 263
368 264
368 265
367 266
367 267
366 268
366 269
365 270
364 271
364 272
364 273
364 274
363 275
363 276
363 277
362 278
362 279
362 280
362 281
361 282
361 284
361 285
361 286
361 287
361 288
360 289
360 291
360 292
360 293
360 294
359 296
359 297
359 298
359 300
359 301
359 303
359 304
359 305
359 307
359 308
359 309
359 311
359 312
359 313
359 315
359 316
359 317
358 319
358 320
358 321
358 323
357 324
357 325
356 327
356 328
355 330
355 331
354 333
353 334
352 335
351 337
351 338
350 339
348 340
347 342
346 343
345 344
344 345
343 347
341 348
340 349
338 350
337 351
336 353
334 354
332 355
331 356
329 357
327 358
326 359
324 360
322 361
321 361
319 362
317 363
316 363
314 364
312 364
311 365
310 365
308 366
307 366
306 366
305 367
304 367
303 367
302 367
301 367
300 367
299 367
298 367
297 367
296 367
295 366
295 365
294 365
294 364
294 363
294 362
294 361
294 360
294 359
294 358
293 356
293 355
293 353
293 351
292 349
292 348
291 346
291 344
291 342
290 340
290 338
289 336
288 334
288 331
287 329
287 327
286 324
285 322
285 320
284 317
283 315
283 313
282 310
282 308
281 305
280 302
280 300
279 297
278 294
278 291
277 289
277 286
276 283
275 280
274 277
274 274
273 271
273 269
272 266
271 263
271 260
270 257
270 254
269 250
269 247
268 244
268 241
268 238
268 234
267 231
267 228
267 224
267 221
266 218
266 215
266 211
266 208
265 205
265 201
265 198
264 195
264 192
264 188
263 185
263 182
263 178
262 175
262 172
262 168
261 165
261 162
260 159
260 156
259 152
259 149
258 146
258 143
257 140
257 138
257 135
256 132
256 130
256 127
255 125
255 122
255 120
254 118
254 116
253 114
253 112
253 110
252 108
252 107
251 105
251 104
251 103
250 101
250 100
250 99
250 98
249 97
249 96
249 95
249 94
249 93
249 92
249 91
249 90
249 89
250 89
251 88
251 87
