291
139 51
142 50
143 50
145 50
147 50
149 50
151 49
153 49
156 49
159 48
162 48
165 48
169 47
172 47
176 47
180 46
184 46
187 46
191 46
195 46
199 46
203 46
207 45
211 45
215 45
219 45
222 45
226 45
229 45
232 45
235 45
238 45
241 45
244 45
246 44
249 44
251 44
253 44
255 43
257 43
259 43
260 42
262 42
263 42
264 41
265 41
266 41
267 40
268 40
269 40
270 39
271 39
272 39
272 40
272 41
272 42
273 43
273 44
273 45
273 47
273 48
274 49
274 51
274 53
274 55
274 56
275 59
275 61
275 63
275 66
275 68
275 71
275 74
275 77
276 80
276 83
276 86
276 89
276 92
276 95
276 98
277 101
277 105
277 108
277 111
277 114
277 118
277 121
277 124
277 127
277 131
277 134
277 137
277 140
277 143
277 146
277 149
277 152
277 155
276 158
276 161
276 164
276 167
275 170
275 173
275 175
274 178
274 180
274 182
274 184
273 186
273 188
273 189
273 190
273 191
273 192
273 193
273 194
272 193
271 193
270 193
269 193
268 193
267 193
266 193
265 193
264 193
263 193
261 193
260 192
258 192
256 192
255 192
253 192
251 192
249 191
247 191
245 191
243 191
241 191
239 191
237 191
236 191
234 192
232 192
231 192
229 193
228 193
227 194
226 194
225 195
224 196
223 197
222 198
221 199
220 200
220 201
219 202
219 203
218 204
218 205
217 206
217 207
217 209
217 210
216 211
216 213
216 214
216 215
215 217
215 219
215 220
215 222
215 224
215 225
214 227
214 229
214 231
213 233
213 235
212 237
212 239
211 241
210 243
209 245
208 247
207 249
205 250
204 252
202 254
201 256
199 257
197 259
196 260
194 261
192 262
190 263
188 264
186 264
184 265
181 265
179 266
177 266
175 267
173 267
171 268
169 268
167 268
165 269
163 269
161 269
159 269
158 270
156 270
155 270
153 270
152 271
151 271
150 271
149 271
148 271
147 271
147 272
146 272
146 271
146 270
145 270
145 269
145 268
145 267
145 266
145 265
145 263
144 261
144 259
144 256
144 254
144 251
144 248
143 244
143 241
143 237
143 233
143 229
142 225
142 220
142 215
142 211
141 206
141 201
141 195
141 190
140 185
140 179
140 174
139 168
139 162
139 157
139 151
138 145
138 140
138 134
137 129
137 123
137 118
136 113
135 108
135 103
134 98
134 94
133 89
132 85
132 81
131 78
131 74
131 71
130 68
130 65
130 62
130 60
130 57
129 56
129 54
129 53
129 52
129 51
128 51
128 50
128 51
129 51
129 52
