272
284 78
289 77
291 76
294 76
297 76
300 75
303 75
306 74
310 74
312 73
315 73
318 73
321 73
323 72
326 72
329 71
332 71
336 71
339 71
342 71
345 70
348 70
351 70
354 70
357 70
360 70
363 70
366 70
370 69
373 69
376 69
379 69
382 69
385 69
388 69
392 69
396 69
399 69
402 69
405 69
408 69
410 68
413 68
416 68
419 68
422 68
426 68
429 68
432 68
435 68
438 68
441 68
442 71
442 74
443 77
443 80
444 82
444 85
444 88
444 91
444 94
444 97
444 100
443 104
443 108
442 110
442 113
442 116
442 119
441 121
441 124
441 127
441 130
441 133
440 135
440 138
440 141
440 144
440 147
440 150
439 152
439 155
438 158
438 161
437 164
437 167
436 169
436 172
436 175
435 177
435 180
434 182
434 185
434 188
434 191
434 194
434 197
434 200
434 203
434 206
434 209
434 212
434 215
433 217
433 220
433 223
432 225
429 225
426 225
423 225
421 224
418 224
415 223
412 223
409 223
406 223
403 223
400 223
397 223
395 224
392 224
389 224
387 225
384 225
382 226
379 226
377 227
375 228
372 228
370 229
368 230
366 231
364 232
363 234
361 235
359 237
358 239
356 240
355 242
354 244
353 246
352 248
352 251
351 253
350 255
349 257
348 259
348 262
347 264
346 267
346 270
345 273
345 276
344 278
343 281
342 284
341 286
340 289
339 291
338 293
337 295
336 297
335 299
333 301
331 302
330 304
328 305
326 307
324 308
322 309
320 310
318 311
316 312
314 313
312 314
310 315
307 315
305 316
303 317
300 317
298 318
295 318
292 319
289 319
286 319
283 319
279 319
276 319
273 319
270 319
267 319
265 320
265 317
266 315
267 312
267 309
268 307
268 304
269 302
269 299
270 296
270 293
270 290
270 287
271 285
271 282
271 279
272 277
272 274
272 271
272 268
272 265
273 262
273 259
273 256
274 253
274 250
275 247
275 244
276 242
276 239
276 236
277 234
277 231
277 227
278 224
278 220
278 217
279 215
279 212
279 208
279 205
280 201
280 198
280 194
281 191
281 187
281 183
281 180
281 176
282 174
282 171
282 168
282 164
282 161
283 159
283 156
283 152
283 148
284 146
284 142
284 138
284 135
284 132
285 130
285 127
285 124
286 121
286 118
287 114
287 111
288 108
288 104
288 101
289 98
289 95
289 92
290 89
290 86
290 83
290 80
289 79
