581
223 48
227 47
228 47
229 47
230 47
231 47
233 47
234 46
236 46
237 46
238 46
239 46
241 46
242 46
243 46
245 46
246 46
247 46
248 46
250 46
251 46
252 46
254 46
255 46
257 46
258 46
260 46
262 46
263 46
265 46
267 46
269 46
271 46
273 46
275 46
277 46
279 46
281 46
283 46
286 46
288 46
290 46
293 46
295 46
297 45
299 45
302 45
304 45
306 45
308 45
310 45
312 45
314 45
316 45
318 45
320 45
322 45
324 45
326 45
327 45
329 45
331 45
333 45
334 45
336 45
338 45
340 45
342 45
344 45
346 45
349 45
351 45
353 45
355 45
357 45
359 44
361 44
364 44
366 44
368 44
370 44
372 44
374 44
376 44
378 44
379 44
381 44
382 44
384 44
385 44
386 44
387 44
388 44
389 45
389 46
388 47
388 48
388 49
388 50
389 51
389 52
389 53
389 54
389 55
389 56
389 57
389 58
389 59
389 60
389 61
389 62
389 63
389 64
389 65
389 66
389 67
389 68
390 69
390 70
390 71
390 72
390 73
390 74
390 75
390 76
390 77
390 78
390 79
390 80
390 81
390 82
390 83
390 85
391 86
391 87
391 88
391 89
391 90
391 91
391 93
391 94
391 95
391 96
391 97
391 99
391 100
391 101
391 103
391 104
391 106
391 107
391 109
391 110
391 112
391 113
391 115
390 116
390 118
390 120
390 121
390 123
390 124
390 126
389 127
389 129
389 131
389 133
389 134
389 136
389 138
389 139
389 141
389 143
388 145
388 146
388 148
388 150
388 151
388 153
388 155
388 157
388 158
388 160
388 162
388 163
388 165
388 167
387 168
387 170
387 172
387 173
387 175
387 176
387 178
387 180
386 181
386 183
386 184
386 186
386 187
386 189
386 190
386 192
386 193
386 194
385 195
385 197
385 198
385 199
385 200
385 201
385 202
385 203
385 204
385 205
385 206
385 207
385 208
385 209
386 209
386 210
386 211
385 211
384 211
383 211
382 211
381 211
380 211
379 211
379 210
378 210
377 210
376 210
375 210
374 210
373 210
372 210
371 210
370 210
369 210
368 210
367 210
366 210
365 210
364 210
363 210
362 210
361 210
359 210
358 210
357 210
356 210
354 210
353 210
352 210
351 210
350 210
350 210
349 210
348 210
347 210
345 211
345 211
344 211
343 211
342 211
341 211
339 211
338 211
337 211
335 211
334 211
333 211
331 211
330 211
329 211
328 212
326 212
325 212
324 213
323 213
322 213
321 213
319 214
318 214
317 214
316 214
314 215
313 215
312 215
310 216
309 216
308 216
307 217
305 217
304 217
303 218
302 218
301 219
300 219
300 220
299 220
298 220
297 221
296 221
295 222
294 223
293 223
293 224
292 224
292 225
291 225
291 226
290 226
290 227
289 228
288 229
287 230
286 231
286 232
285 232
285 233
285 234
284 235
283 236
283 237
283 238
282 239
282 240
281 241
281 242
281 243
280 244
280 245
280 246
280 247
280 248
279 249
279 250
279 251
279 252
279 253
278 254
278 255
278 256
278 257
278 258
277 258
277 259
277 260
277 261
276 262
276 263
276 264
276 265
275 266
275 267
275 268
274 269
274 270
274 271
273 272
273 273
272 274
272 275
271 276
271 277
271 278
270 279
270 280
269 281
269 282
268 283
267 284
267 285
266 286
266 287
265 288
264 289
264 290
263 291
262 292
262 293
261 293
260 294
259 295
258 296
257 297
256 298
255 299
254 299
253 300
252 301
252 302
251 302
250 303
249 304
248 304
247 305
246 306
245 306
244 307
243 307
242 308
241 309
240 309
238 310
237 310
236 311
235 311
234 312
233 312
231 313
230 313
229 313
228 314
227 314
226 315
225 315
224 315
223 316
222 316
221 316
220 317
219 317
218 317
217 317
217 318
216 318
215 318
214 318
213 318
212 318
212 317
212 316
212 315
212 314
212 313
211 312
211 311
211 310
211 309
211 308
211 307
211 306
211 305
211 304
211 303
211 302
211 301
211 300
211 299
211 298
211 297
211 296
211 295
211 294
211 292
211 291
211 290
211 289
211 287
211 286
211 285
212 284
212 282
212 281
212 280
212 278
212 277
212 275
213 274
213 273
213 271
213 270
213 268
213 267
213 266
214 264
214 262
214 261
214 259
214 258
214 256
214 255
215 253
215 251
215 250
215 248
215 247
216 245
216 243
216 241
216 240
216 238
216 236
216 234
217 232
217 231
217 229
217 227
217 225
217 223
217 222
217 220
217 218
217 216
217 213
217 211
218 209
218 207
218 205
218 203
218 201
218 198
218 196
218 194
218 192
219 190
219 188
219 185
219 183
219 181
219 178
219 176
219 174
219 171
219 169
219 167
219 164
219 162
219 160
219 157
219 155
219 153
219 150
219 148
219 146
219 143
219 141
219 138
219 136
219 134
219 131
219 129
219 127
220 124
220 122
220 120
220 118
220 115
220 113
220 111
220 108
220 106
220 104
220 102
220 99
220 97
220 95
220 93
221 91
221 89
221 86
221 84
221 82
221 80
222 78
222 76
222 75
222 73
222 72
222 71
222 70
222 69
222 68
222 67
222 66
223 66
223 65
223 65
