475
235 39
240 40
241 40
242 40
243 40
244 40
245 40
246 40
247 40
248 40
250 40
251 40
252 40
254 40
256 40
257 40
259 40
261 40
263 40
265 40
267 40
270 40
272 40
274 40
276 40
279 41
281 41
284 41
286 41
289 41
291 41
294 41
296 41
299 41
301 41
303 41
306 41
308 42
311 42
313 42
316 42
318 42
321 42
323 42
326 42
328 42
330 42
333 42
335 42
338 42
340 42
342 42
345 42
347 42
349 43
352 43
354 43
356 43
358 43
360 43
361 43
363 43
365 43
366 43
368 43
369 43
371 43
372 44
373 44
374 44
375 44
376 44
377 44
378 45
378 46
378 47
378 48
378 49
379 49
379 50
379 51
379 53
379 54
379 55
379 56
379 57
379 59
379 60
379 62
379 63
379 64
379 66
379 67
379 68
379 70
379 71
379 73
379 74
379 76
379 77
379 79
379 80
379 82
380 83
380 85
380 87
380 88
380 90
380 91
380 93
380 94
380 96
380 98
380 99
380 101
380 102
380 104
380 106
380 107
380 109
380 111
380 112
380 114
380 116
380 117
380 119
380 120
380 122
380 124
380 126
380 127
380 129
380 131
380 132
380 134
380 136
380 138
380 139
380 141
380 143
381 144
381 146
381 147
381 149
381 151
381 153
381 154
381 156
381 158
381 160
381 162
381 164
381 165
381 167
381 169
381 171
381 172
381 174
381 176
382 178
382 179
382 181
382 183
382 185
382 186
382 188
382 190
382 191
382 192
382 194
382 195
382 196
382 197
382 198
382 199
382 200
382 201
382 201
382 201
381 202
380 202
379 201
378 201
377 201
376 201
375 201
374 201
373 201
372 201
371 201
370 201
369 201
368 201
367 201
366 201
365 201
364 201
363 201
362 201
360 201
359 201
358 201
357 201
356 202
355 202
354 202
353 202
352 202
350 202
349 202
348 202
347 202
345 202
344 202
343 202
341 202
340 202
338 203
337 203
335 203
334 203
333 203
331 204
330 204
329 204
328 204
326 204
325 205
324 205
323 205
322 206
321 206
320 207
319 207
318 207
318 208
317 208
316 209
315 209
315 210
314 211
313 211
313 212
312 213
311 214
310 215
310 216
309 217
308 218
308 219
307 220
306 221
306 222
306 223
305 223
305 224
305 225
305 226
304 227
304 228
304 229
304 230
304 231
303 232
303 233
303 234
303 235
303 236
303 237
302 238
302 239
302 240
302 241
302 242
302 243
302 245
301 246
301 247
301 248
301 249
301 250
301 251
300 253
300 254
300 255
300 256
300 257
299 258
299 260
299 261
299 262
298 263
298 265
298 266
297 267
297 268
296 270
296 271
296 272
295 273
295 274
294 275
294 277
293 278
293 279
292 280
291 281
291 282
290 283
289 284
289 285
288 285
287 286
286 287
285 288
285 289
284 289
283 290
282 291
281 292
280 292
279 293
278 294
277 294
276 295
274 296
273 296
272 297
271 297
269 298
268 298
266 299
265 299
263 300
262 300
260 301
259 301
257 301
255 302
254 302
252 302
251 303
249 303
248 303
247 303
246 304
244 304
243 304
242 304
241 305
240 305
239 305
238 305
237 305
237 304
237 303
237 302
237 301
237 300
236 299
236 298
236 297
236 296
236 295
236 294
236 293
236 292
236 291
236 290
236 289
236 287
236 286
235 285
235 284
235 283
235 281
235 280
235 279
236 277
236 276
236 275
236 273
236 272
236 270
237 269
237 267
237 265
237 264
238 262
238 260
238 258
239 257
239 255
239 253
239 252
240 250
240 248
240 246
240 244
240 242
240 240
241 239
241 237
241 235
241 233
241 231
241 229
241 227
241 225
241 223
241 221
240 219
240 216
240 214
240 212
240 209
240 207
240 204
240 202
240 199
240 197
240 194
240 191
240 188
240 185
240 183
240 180
240 177
240 174
240 171
240 168
240 165
240 162
240 159
240 155
240 152
241 149
241 146
241 143
241 140
241 137
241 134
241 131
241 128
241 125
241 122
241 119
241 116
241 113
241 110
241 107
241 104
241 100
241 97
241 94
241 91
241 88
241 85
241 82
241 79
241 76
241 74
241 71
241 68
241 66
241 64
241 62
241 61
241 59
242 58
242 56
242 55
242 54
242 52
242 52
