337
241 96
256 96
258 95
261 95
263 95
265 95
268 94
271 94
273 94
276 94
279 94
282 94
284 94
287 94
290 93
293 93
296 93
298 93
301 93
304 93
307 93
310 92
312 92
315 92
318 92
321 91
324 91
327 91
330 91
333 90
336 90
339 90
341 89
344 89
346 89
349 88
351 88
354 88
356 88
358 87
360 87
362 87
364 87
366 87
367 87
369 86
370 86
371 86
372 86
373 86
374 86
375 86
376 86
377 86
378 86
379 87
380 87
380 88
381 88
381 89
381 90
382 91
382 92
383 93
383 94
383 95
384 97
384 98
384 99
385 101
385 102
386 104
386 105
386 107
386 109
387 111
387 113
387 115
387 117
387 119
388 121
388 123
388 125
388 127
389 129
389 131
389 133
389 135
389 138
389 140
389 142
389 144
389 147
389 149
389 151
389 153
389 155
389 157
389 158
389 160
389 162
389 164
389 166
389 168
389 169
389 171
389 173
389 175
389 176
389 178
390 179
390 181
390 182
390 184
390 185
390 186
390 187
390 188
390 189
390 190
390 191
390 192
389 193
389 194
389 195
388 195
388 196
387 196
387 197
386 197
385 198
384 198
383 198
382 199
381 199
380 200
379 200
377 200
376 201
374 201
373 202
371 203
370 203
368 204
367 204
366 205
364 206
363 207
362 208
360 209
359 210
358 211
357 212
356 213
355 214
354 215
353 217
352 218
352 220
351 221
350 223
350 224
349 226
349 228
349 229
349 231
348 233
348 234
348 236
348 238
348 240
348 242
348 244
348 246
348 248
348 250
347 252
347 254
347 256
347 258
347 260
347 262
346 264
346 266
346 268
345 270
344 271
344 273
343 275
342 277
341 278
341 280
340 281
339 283
338 284
337 286
335 287
334 288
333 289
332 291
330 292
329 293
327 294
326 295
324 296
323 297
321 297
320 298
318 299
317 299
315 300
314 300
312 301
310 301
308 302
305 302
303 303
301 303
299 303
297 304
295 304
293 304
291 304
289 305
288 305
286 305
285 305
284 305
282 305
281 305
280 306
279 306
278 306
277 306
276 306
276 305
276 304
276 303
275 302
275 301
275 299
274 298
274 296
274 295
273 293
273 291
273 289
272 287
272 285
271 283
271 281
270 279
270 277
270 275
269 273
269 271
269 269
269 267
268 265
268 262
268 260
268 258
268 256
268 253
268 251
267 249
267 244
267 242
266 239
266 237
266 234
266 232
265 230
265 227
265 225
265 222
265 220
265 218
265 215
265 212
265 210
264 207
264 205
264 202
264 199
264 197
264 194
264 191
264 189
264 186
263 184
263 181
263 179
263 176
263 173
263 171
263 168
263 166
263 163
262 161
262 159
262 156
262 154
262 152
262 150
261 147
261 145
261 143
260 141
260 138
260 136
259 134
259 132
259 130
259 128
259 126
258 125
258 123
258 121
257 119
257 117
257 116
257 114
256 112
256 111
256 109
255 108
255 107
255 106
255 105
254 104
254 103
254 102
254 101
254 100
255 100
255 99
