336
364 102
368 102
369 102
370 102
371 102
372 102
373 102
374 102
376 102
377 102
379 102
381 102
383 102
385 102
388 102
390 102
393 102
395 102
398 101
401 101
404 101
406 101
409 101
412 101
415 101
417 101
420 101
423 101
425 101
428 101
431 100
433 100
436 100
438 100
441 100
443 99
445 99
447 99
449 99
451 99
453 99
455 99
456 98
458 98
460 98
461 98
463 98
464 98
466 98
467 98
468 98
469 98
470 98
471 98
472 98
473 98
474 98
475 98
476 98
476 99
476 100
477 101
477 102
477 103
478 104
478 105
478 106
478 107
479 109
479 110
479 112
479 113
480 115
480 117
480 119
480 120
480 122
481 124
481 126
481 127
481 129
481 131
481 132
481 134
481 136
481 137
481 139
481 141
481 143
481 145
481 147
481 149
481 151
480 153
480 155
480 157
480 159
480 161
480 163
479 166
479 168
479 170
479 172
479 174
479 177
479 179
478 181
478 183
478 185
478 187
478 189
477 191
477 193
477 195
477 197
476 199
476 201
476 203
476 204
475 206
475 207
475 208
474 209
474 210
474 211
474 212
473 212
473 213
472 214
471 214
470 214
469 214
468 214
467 214
466 214
465 215
464 215
462 216
461 216
459 217
458 217
457 218
455 219
454 219
452 220
451 221
450 222
448 223
447 224
446 225
444 226
443 227
442 228
441 229
440 230
439 231
438 232
437 234
436 235
435 236
435 238
434 239
433 241
433 242
432 244
432 246
431 248
430 250
430 251
429 253
429 255
428 256
428 258
427 260
427 261
426 263
426 265
425 267
425 268
424 270
424 272
423 273
422 275
421 277
421 278
420 280
419 281
418 283
417 284
416 285
415 287
414 288
413 289
412 290
410 292
409 293
407 294
405 295
404 296
402 297
401 298
399 299
397 299
396 300
394 301
393 301
391 302
390 302
389 303
387 303
386 304
385 304
383 305
382 305
381 305
380 306
379 306
378 306
377 306
376 306
376 307
375 307
374 307
374 306
374 305
373 304
373 303
373 302
373 301
373 300
372 298
372 297
372 296
372 294
371 292
371 291
371 289
371 287
370 286
370 284
370 282
370 280
370 278
369 277
369 275
369 273
369 271
369 269
369 267
369 266
368 264
368 262
368 260
368 259
368 257
368 255
368 253
368 251
368 249
368 247
368 245
368 243
368 241
368 240
368 238
368 236
368 234
368 232
368 230
368 229
367 227
367 225
367 223
367 221
366 219
366 217
366 215
366 213
366 211
366 209
365 207
365 205
365 203
364 201
364 199
364 197
364 195
363 193
363 191
363 189
363 187
363 184
362 182
362 180
362 178
362 176
362 174
361 171
361 169
361 167
361 165
361 162
361 160
361 158
361 156
361 154
362 152
362 150
362 147
362 145
362 143
362 141
362 139
362 137
362 135
362 133
362 131
362 129
362 127
362 126
362 124
362 122
362 121
362 120
362 118
362 117
362 116
362 115
362 114
361 113
361 112
361 111
361 110
361 109
361 108
362 107
