298
155 59
159 59
161 59
162 59
164 59
165 59
167 59
169 59
172 60
174 60
176 60
179 60
182 60
185 60
188 60
191 60
194 60
197 61
201 61
204 61
207 61
210 62
214 62
217 62
220 63
223 63
226 63
229 63
232 64
234 64
237 64
239 64
242 65
244 65
246 65
248 65
250 65
252 65
254 64
256 64
257 64
259 64
261 64
262 63
263 63
264 63
265 63
266 63
267 63
267 62
268 62
268 63
268 64
268 65
269 65
269 66
269 67
270 68
270 69
270 71
271 72
271 73
271 75
272 77
272 79
273 83
273 85
273 87
274 90
274 93
274 95
275 98
275 101
276 104
276 107
276 110
277 113
277 116
277 119
277 122
277 125
278 128
278 131
278 134
278 137
278 140
278 143
278 147
279 149
279 152
279 155
279 158
279 161
280 164
280 167
280 169
280 172
280 175
280 178
281 180
281 183
281 186
281 188
281 191
281 193
281 195
281 198
281 200
281 202
281 204
281 206
281 208
281 209
281 211
281 212
280 213
280 214
280 215
280 216
279 217
278 217
277 217
276 217
275 217
274 217
272 217
271 217
270 217
268 217
267 216
265 216
263 216
262 216
260 216
258 216
256 216
255 215
253 215
251 215
249 215
247 215
245 215
244 215
242 215
240 215
239 215
237 216
236 216
234 217
233 217
232 218
231 218
230 219
229 219
229 220
228 221
227 222
226 223
226 224
226 225
226 226
226 227
225 227
225 228
225 229
225 230
224 231
224 232
224 233
223 234
223 236
223 237
222 238
222 239
221 240
220 242
220 243
219 245
218 246
217 247
217 249
216 250
215 252
214 253
213 254
212 256
211 257
210 259
209 260
208 261
207 262
206 263
205 264
203 266
202 266
201 267
200 268
198 269
197 270
196 271
194 271
193 272
192 272
190 273
189 273
188 273
186 274
185 274
184 274
182 275
181 275
180 275
179 275
178 275
176 275
175 275
174 276
173 276
172 276
171 276
170 276
169 276
168 276
167 276
166 276
165 276
165 277
164 277
164 276
164 275
164 274
164 273
164 272
164 271
164 270
164 269
164 267
164 266
165 264
165 262
165 259
165 257
165 254
165 252
165 249
165 245
166 242
166 239
166 235
166 231
166 227
166 223
166 219
166 215
166 210
166 206
167 201
167 197
167 192
167 187
167 183
167 178
167 173
167 168
167 164
167 159
167 154
167 149
167 144
166 139
166 134
166 129
165 124
165 120
164 115
164 111
163 106
163 102
162 98
162 94
161 90
161 87
161 83
160 80
160 77
160 74
159 72
159 70
159 68
158 66
158 64
158 63
158 62
157 61
157 60
157 61
158 61
158 62
