257
306 96
311 95
313 94
316 94
319 94
322 94
324 93
327 93
330 93
333 93
336 93
339 93
342 93
345 93
348 92
352 92
355 92
358 92
360 93
363 93
366 93
369 93
372 93
375 93
378 94
381 94
384 94
387 94
390 94
393 94
396 95
400 95
403 95
405 94
408 94
411 94
414 94
417 94
420 94
423 94
425 95
429 95
432 95
436 95
439 95
442 95
444 96
444 99
445 101
445 104
446 106
446 109
446 112
446 115
446 118
445 120
445 123
445 126
444 129
444 132
444 135
443 137
443 140
443 144
442 147
442 150
442 153
442 156
441 159
441 162
441 165
441 168
441 171
441 174
441 177
441 180
441 183
441 186
441 189
441 192
441 195
441 198
440 200
440 203
440 206
440 209
440 212
440 215
440 218
440 221
438 222
435 222
432 222
429 222
426 222
423 222
420 222
418 223
415 223
413 224
410 224
408 225
405 226
402 226
400 227
397 227
395 228
393 229
390 229
388 230
385 231
383 232
381 233
379 234
377 235
375 237
373 238
371 240
369 242
368 244
367 246
366 248
365 250
364 252
364 255
364 258
363 260
363 263
363 266
363 269
363 272
363 275
362 278
362 281
362 284
361 286
361 289
360 292
360 295
359 298
359 301
358 303
357 306
356 308
355 311
354 313
353 315
352 317
351 319
349 321
347 322
345 324
343 325
341 326
339 327
337 328
335 329
333 330
331 331
329 332
327 333
325 334
322 334
320 335
317 335
314 335
311 335
308 335
305 335
303 336
300 336
297 336
294 336
292 337
292 334
292 331
293 329
293 326
293 323
294 321
294 318
294 315
295 313
295 310
295 307
296 305
296 302
297 299
297 296
297 293
298 291
298 288
298 285
299 283
299 280
299 277
300 275
300 272
300 269
301 267
301 264
302 262
303 259
303 256
304 254
305 251
305 248
306 245
306 242
306 239
307 236
307 233
307 230
308 228
308 225
308 222
309 220
309 217
309 213
310 210
310 207
310 204
311 202
311 199
311 196
311 193
311 190
311 186
312 183
312 180
312 177
312 173
312 170
312 166
312 162
311 159
311 156
311 153
311 150
311 146
311 143
311 140
311 137
311 133
311 130
311 127
310 124
310 121
310 118
310 115
310 112
310 108
310 105
310 102
311 100
312 98
312 99
