338
299 113
304 112
306 112
307 111
309 111
310 111
312 111
314 111
316 111
318 111
320 110
322 110
325 110
327 110
330 110
332 109
334 109
337 109
339 109
341 109
343 109
345 109
347 109
348 109
350 109
351 109
353 109
354 109
356 109
357 109
359 109
360 108
361 108
363 108
364 108
366 108
367 108
368 107
370 107
371 107
373 107
374 107
376 107
377 106
379 106
381 106
382 106
384 106
385 106
387 106
388 106
389 105
390 105
391 105
393 105
394 105
395 105
396 105
397 105
398 105
399 105
400 105
401 105
401 106
402 106
402 107
402 108
402 109
402 110
402 111
403 112
403 113
403 114
403 115
403 117
403 118
403 120
403 121
403 123
404 124
404 126
404 127
404 129
404 131
404 133
404 134
404 136
404 138
405 140
405 142
405 143
405 145
405 147
405 149
405 150
406 152
406 154
406 155
406 157
406 159
406 161
406 163
406 165
407 167
407 169
407 172
407 174
407 176
407 178
407 180
407 182
407 184
407 187
407 189
407 191
407 193
407 195
407 197
407 198
407 200
407 202
407 203
407 205
407 206
407 207
407 209
407 210
407 211
407 212
407 213
407 214
407 215
407 216
406 217
406 218
405 218
404 218
403 219
402 219
401 219
400 219
399 219
398 220
396 220
395 220
394 221
393 221
392 222
390 222
389 223
388 224
386 224
385 225
383 226
382 226
380 227
379 228
378 229
377 230
375 231
374 232
373 233
372 235
372 236
371 237
370 238
369 240
368 241
368 243
367 244
366 246
366 247
365 249
364 250
364 252
363 253
363 255
362 257
362 258
361 260
361 261
360 263
360 265
359 266
359 268
358 270
358 272
357 273
356 275
356 277
355 278
355 280
354 282
353 283
353 285
352 286
351 288
351 289
350 290
349 291
349 292
348 293
347 294
346 295
345 296
344 297
343 298
342 299
341 300
340 301
339 301
338 302
336 303
335 303
334 304
332 304
331 304
330 304
328 305
327 305
325 305
324 306
322 306
321 306
320 307
318 307
317 307
316 307
315 307
315 308
314 308
313 308
312 308
311 308
310 308
310 307
309 306
309 305
308 304
308 302
307 301
307 300
306 298
306 296
306 295
305 293
305 291
304 289
304 286
303 284
303 282
303 280
302 277
302 275
302 273
301 270
301 268
301 265
301 263
300 261
300 258
300 256
300 254
300 251
300 249
299 247
299 244
299 242
299 240
299 238
299 236
298 233
298 231
298 229
297 227
297 225
297 223
296 221
296 218
296 216
296 214
296 212
295 210
295 208
295 206
295 204
295 202
294 199
294 197
294 195
294 192
294 190
294 187
294 185
294 183
294 180
294 178
294 176
294 174
294 172
294 169
293 167
293 165
293 163
293 161
293 158
293 156
293 154
293 152
292 151
292 149
292 147
292 146
292 144
292 142
292 141
292 139
292 138
292 136
292 135
292 133
292 132
292 131
293 129
293 128
293 127
293 126
293 125
293 124
294 123
294 121
294 120
294 119
294 118
294 117
294 116
294 115
294 114
