284
109 55
113 54
115 54
116 54
118 53
119 53
121 53
124 53
126 53
129 53
131 53
134 52
138 52
141 52
144 52
148 52
152 52
155 52
159 52
163 52
167 52
171 52
175 52
180 52
184 53
188 53
192 53
196 53
200 53
204 54
207 54
211 54
214 55
218 55
221 55
224 56
226 56
229 57
231 57
234 57
236 57
238 58
239 58
241 58
242 58
244 58
245 59
246 59
247 59
248 59
248 60
248 61
248 62
248 63
248 64
249 66
249 67
249 68
249 70
249 72
250 74
250 76
250 78
250 80
250 83
250 85
250 88
250 91
250 94
250 98
250 101
250 104
250 108
249 111
249 115
249 119
248 122
248 126
247 129
247 133
247 137
246 140
246 144
245 147
245 151
245 154
244 157
244 160
244 163
243 166
243 168
242 171
242 174
242 176
241 179
241 181
241 183
240 185
240 187
240 188
239 190
239 191
239 192
238 193
238 194
238 195
238 196
237 196
237 197
236 196
235 196
234 196
233 196
232 196
231 196
230 196
229 196
228 196
227 196
225 196
224 197
222 197
221 197
219 197
217 197
215 197
213 197
212 197
210 197
208 198
206 198
204 198
203 199
201 199
199 199
198 200
196 200
195 201
193 201
192 202
190 202
189 203
188 204
186 204
185 205
184 205
183 206
182 207
181 208
180 208
180 209
179 209
179 210
179 211
178 211
178 212
177 213
177 214
177 215
176 215
176 216
175 217
175 218
174 219
174 220
173 221
173 222
172 224
172 225
171 226
170 228
169 229
169 231
168 232
167 234
166 235
165 237
164 238
163 240
161 241
160 243
159 244
158 246
156 247
155 249
154 250
152 251
151 253
150 254
148 255
147 257
145 258
144 259
142 260
141 261
139 262
137 263
136 264
134 265
132 265
130 266
129 267
127 268
125 268
124 269
122 269
121 270
119 270
118 270
116 270
114 270
113 270
111 270
110 270
108 270
107 270
106 270
104 270
103 270
102 270
101 270
100 270
99 270
98 270
97 269
97 268
97 267
97 266
97 265
98 264
98 263
98 261
98 259
98 256
98 254
99 251
99 247
99 244
100 240
100 236
100 232
101 227
101 223
101 218
102 213
102 208
102 203
102 198
102 193
102 187
102 182
102 177
102 171
102 166
102 160
102 154
102 149
102 143
102 138
103 132
103 127
103 121
103 116
103 111
103 106
104 101
104 96
104 92
104 87
105 83
105 79
106 76
106 72
106 69
106 66
107 64
107 62
107 60
107 58
107 57
107 56
107 55
107 54
108 55
