298
142 52
146 51
147 51
148 51
150 51
151 50
153 50
155 50
158 50
160 50
162 49
165 49
168 49
171 49
174 49
177 49
180 49
183 49
187 49
190 48
193 48
197 48
200 48
203 48
207 48
210 48
214 48
217 48
220 48
223 48
226 48
230 48
232 48
235 48
238 48
241 48
243 48
246 48
248 48
250 48
252 48
254 48
256 48
257 47
258 47
259 47
260 47
261 47
262 47
263 47
263 48
264 49
264 50
264 51
265 52
265 53
265 54
266 55
266 57
267 59
267 60
268 62
268 65
269 67
269 70
270 72
271 75
271 78
272 82
273 85
273 88
274 92
275 95
275 99
276 103
276 107
277 111
277 115
278 119
278 123
279 127
279 131
279 135
280 139
280 142
281 154
282 158
282 161
282 165
283 168
283 171
283 175
283 178
283 181
284 183
284 186
284 188
284 191
284 193
284 195
284 196
284 198
284 199
284 201
284 202
284 203
284 204
284 205
283 204
282 204
281 204
280 204
279 203
278 203
277 203
276 203
275 203
273 203
272 203
270 203
269 203
267 203
265 203
263 203
262 203
260 203
258 203
256 204
254 204
253 204
251 204
249 204
247 204
246 204
244 205
242 205
241 205
239 206
237 206
236 206
235 207
233 207
232 208
231 208
230 209
229 210
228 210
227 211
226 211
225 212
224 213
223 214
223 215
222 216
221 217
221 218
220 219
220 220
219 221
219 222
219 223
219 224
218 225
218 226
218 227
218 228
217 230
217 231
217 232
216 233
216 234
216 236
215 237
215 238
215 240
214 241
214 243
214 244
213 245
213 247
212 248
212 250
211 251
211 253
210 255
209 256
208 258
208 259
207 261
206 262
205 263
204 264
203 266
202 267
200 268
199 269
198 270
197 271
195 272
194 273
192 273
191 274
189 275
187 276
185 277
184 277
182 278
180 279
179 279
177 280
175 280
174 281
172 282
171 282
169 283
168 283
166 284
165 284
163 284
162 285
161 285
159 285
158 285
157 285
157 286
156 286
155 286
154 286
154 285
154 284
153 284
153 283
153 282
153 281
153 280
153 279
153 277
153 275
153 274
153 271
152 269
152 267
152 264
152 261
152 258
152 255
152 251
152 248
151 244
151 240
151 236
151 232
151 228
150 223
150 218
149 214
149 209
149 204
148 199
148 194
147 189
147 184
146 179
146 173
145 168
145 163
144 158
143 152
143 147
142 142
142 136
141 131
141 126
140 121
140 116
139 111
139 106
138 101
138 97
137 92
137 88
137 84
136 81
136 77
135 74
135 70
135 68
134 65
134 62
134 60
133 58
133 56
133 55
133 54
132 53
132 52
132 51
132 52
