288
291 87
296 86
298 85
301 85
304 85
308 85
312 85
315 85
318 85
321 85
324 85
328 85
331 85
334 85
338 85
342 85
345 85
349 85
353 85
356 85
359 85
363 85
366 85
368 84
371 84
375 85
377 84
380 84
384 85
387 85
390 85
394 85
397 85
400 85
403 85
406 85
409 85
413 85
417 85
421 85
424 85
428 85
431 85
434 85
437 85
440 85
443 85
446 85
449 85
452 85
453 87
453 90
454 92
454 95
454 98
454 101
454 104
454 107
454 111
454 115
454 119
454 122
454 125
454 128
454 131
454 134
454 137
454 140
454 144
454 147
454 151
455 153
455 156
455 160
456 162
456 166
456 169
456 172
456 175
456 178
456 181
456 184
456 187
456 190
455 192
456 194
456 197
456 200
455 202
455 205
455 208
455 211
455 214
455 217
455 220
456 222
456 225
456 228
456 231
456 234
456 237
455 239
455 242
455 245
454 247
454 250
454 253
453 255
450 254
447 254
445 253
442 253
439 253
436 253
433 253
430 253
428 254
425 254
422 254
419 254
417 255
414 255
412 256
409 256
407 257
403 257
401 258
399 259
396 259
394 260
392 261
390 262
388 263
386 264
384 265
382 266
380 268
379 270
377 271
376 273
375 275
374 277
373 279
372 281
371 283
370 285
369 288
369 291
368 293
368 296
368 299
367 301
367 304
367 307
367 310
367 313
366 316
366 319
365 322
365 325
364 328
364 332
363 334
362 336
361 339
360 342
359 344
358 346
357 348
356 350
354 352
352 354
350 356
348 358
346 359
344 360
342 361
340 362
338 363
336 364
334 365
332 366
330 367
327 368
325 369
322 370
319 371
316 372
313 373
309 373
307 374
304 374
301 375
298 376
295 376
292 376
290 377
288 376
289 374
289 371
290 369
290 366
291 364
291 361
291 357
291 354
291 351
291 348
291 345
291 342
291 339
291 336
291 333
291 330
291 327
291 324
291 321
291 318
292 315
292 312
292 308
292 305
293 303
293 300
293 296
293 293
294 291
294 287
295 284
295 280
295 277
295 274
296 270
296 267
296 263
296 259
296 256
296 252
296 248
296 244
296 240
297 238
297 234
297 230
297 226
298 224
298 220
298 216
298 212
298 209
298 205
298 202
298 198
298 195
298 192
298 188
299 185
299 182
299 179
299 175
299 172
299 168
299 165
299 161
299 158
300 154
300 151
300 147
300 144
301 142
301 138
301 134
301 130
301 126
301 123
301 119
301 115
301 112
302 110
302 107
301 105
301 102
301 99
301 96
301 93
301 90
301 87
300 85
