361
323 79
328 79
329 79
330 79
332 79
333 79
335 78
337 78
338 78
340 78
342 78
344 78
346 78
348 77
349 77
351 77
353 77
355 77
357 77
359 77
361 77
363 76
365 76
367 76
368 76
370 76
372 76
374 76
376 76
377 75
379 75
381 75
383 75
384 75
386 75
387 75
388 74
389 74
391 74
392 74
393 74
395 74
396 74
397 74
398 74
400 74
401 73
402 73
404 73
405 73
406 73
407 73
409 73
410 73
411 73
412 73
414 73
415 73
416 73
417 73
419 73
420 73
421 73
422 73
424 73
425 73
426 73
428 73
429 73
430 73
432 74
433 74
435 74
436 74
438 74
439 74
441 74
442 74
443 74
445 74
446 75
447 75
448 75
449 75
450 75
451 76
452 76
453 76
454 77
455 77
456 77
457 78
458 78
459 79
460 79
462 80
463 80
464 81
465 82
466 83
467 83
468 84
469 85
469 86
470 87
471 88
472 89
473 90
473 91
474 92
475 93
475 94
476 95
477 96
477 97
478 98
479 99
479 100
480 101
480 102
481 104
481 105
482 106
482 107
483 108
483 110
484 111
484 112
485 113
485 115
486 116
486 117
487 119
487 120
488 121
488 122
488 124
489 125
489 127
489 128
490 130
490 131
490 133
490 135
491 136
491 138
491 140
491 142
491 143
492 145
492 147
492 149
492 150
492 152
492 154
492 156
492 158
492 160
492 162
492 164
492 166
491 168
491 171
491 173
491 176
491 178
491 181
490 183
490 185
490 188
490 190
489 192
489 194
489 196
489 198
489 200
489 202
489 204
489 205
489 207
489 209
489 210
488 212
488 213
488 215
488 216
488 217
488 218
488 219
487 220
487 221
487 222
487 223
487 224
486 224
486 225
485 225
484 225
483 225
482 225
481 225
480 225
479 225
478 225
477 225
475 225
474 225
472 225
471 225
469 225
467 225
465 225
462 225
460 225
458 225
456 226
453 226
451 226
449 226
446 226
444 226
442 226
440 226
437 226
435 227
433 227
430 227
428 227
425 227
423 228
421 228
419 228
416 228
414 229
412 229
410 229
407 230
405 230
403 231
401 231
398 232
396 232
394 232
391 233
389 233
387 234
384 234
382 235
380 235
378 235
376 236
374 236
372 237
370 237
368 237
366 237
364 237
363 238
361 238
360 238
358 238
356 238
355 238
353 238
352 238
351 238
349 238
348 238
347 237
346 237
345 237
344 237
343 236
342 236
341 235
340 234
339 233
339 232
338 232
338 231
338 230
337 229
337 228
337 226
336 225
336 224
335 222
335 221
335 219
334 217
334 215
334 213
333 211
333 209
332 207
332 205
332 203
331 201
331 199
330 197
330 194
330 192
330 190
329 187
329 185
329 183
329 181
329 178
329 176
329 174
329 171
329 169
328 166
328 164
328 162
328 159
328 157
328 155
328 153
328 151
328 149
328 147
328 145
328 143
328 141
328 138
328 136
328 134
328 132
328 130
328 128
328 126
328 125
328 123
328 121
328 119
328 117
328 116
328 114
328 112
328 110
328 108
328 107
328 105
328 103
328 102
328 100
328 99
328 97
328 96
328 95
328 93
328 92
328 91
328 90
328 89
328 88
328 87
328 86
328 85
327 84
