259
271 128
276 126
279 126
282 126
285 126
287 125
290 125
293 125
296 125
300 125
303 125
306 125
310 125
312 124
315 124
319 124
322 124
325 124
329 124
332 124
335 124
338 124
341 124
344 124
348 124
352 124
355 124
359 124
362 124
365 124
369 124
372 124
375 124
378 124
381 124
384 124
386 123
389 123
392 123
395 123
398 123
401 123
404 123
406 122
409 122
412 122
415 122
417 123
420 123
423 123
426 123
428 124
431 124
433 125
436 126
439 127
442 127
444 128
446 129
448 130
451 131
453 132
456 132
458 133
460 134
462 135
464 136
466 138
468 140
470 142
471 144
473 146
474 148
475 150
477 152
478 154
479 156
480 158
481 160
482 162
483 165
484 168
485 171
485 174
486 176
486 179
487 181
487 184
488 186
488 189
488 192
489 194
489 197
489 200
489 203
489 206
489 209
489 212
489 215
489 218
489 221
489 224
488 226
488 229
488 232
487 234
487 237
486 240
486 243
486 246
485 248
485 251
484 254
484 257
484 260
483 262
483 265
483 268
482 270
482 273
482 276
482 279
482 282
482 285
481 287
481 290
481 293
481 296
481 299
481 303
481 306
481 309
481 312
480 315
480 318
480 321
480 324
480 327
477 327
474 327
471 327
468 327
465 327
462 327
459 327
456 327
452 327
449 327
446 327
443 327
439 328
436 328
432 328
429 328
426 328
422 327
419 328
415 327
412 327
408 327
405 327
402 327
398 327
394 327
390 327
387 327
383 327
379 327
376 327
372 327
369 327
367 326
364 326
360 326
357 326
355 325
352 325
349 325
346 325
343 324
339 324
335 324
331 324
327 324
325 323
322 323
318 323
314 323
310 323
306 323
303 323
299 323
296 323
292 323
289 323
286 323
283 323
280 323
276 323
273 323
270 323
267 323
266 321
266 318
266 315
266 312
266 309
267 306
267 303
267 300
267 297
268 294
268 291
268 287
268 283
268 280
268 277
268 274
268 271
268 268
268 265
268 261
268 258
268 255
268 251
268 248
268 245
268 241
268 238
269 235
269 232
269 228
269 225
269 221
269 218
269 214
269 210
269 207
269 204
269 201
269 198
269 194
269 190
269 187
269 183
269 180
269 177
269 174
269 171
270 169
270 166
270 163
271 160
271 156
271 153
271 150
272 148
272 145
272 144
