260
245 159
250 158
253 158
256 158
259 158
262 158
265 158
268 158
271 158
274 158
277 158
281 158
284 158
288 158
292 158
296 158
299 158
302 158
305 158
309 158
313 158
317 158
320 158
323 158
326 158
330 158
333 158
336 158
339 158
342 158
345 158
348 157
351 157
354 157
357 157
360 157
363 157
367 157
370 157
373 157
376 157
378 158
381 158
384 158
387 158
390 158
393 159
396 159
399 159
401 160
404 160
406 161
409 161
411 162
413 163
415 164
417 165
420 166
422 167
424 168
426 169
428 170
429 172
431 173
433 175
435 177
437 179
439 181
440 183
441 185
443 187
444 189
445 192
446 194
447 197
448 199
449 202
450 204
450 207
451 209
451 212
452 214
452 217
452 220
452 223
452 226
452 229
452 232
452 235
451 237
451 240
451 243
451 246
451 249
450 251
450 254
450 257
450 260
450 263
450 266
449 269
449 272
449 275
448 278
448 281
448 284
447 287
447 290
446 292
446 295
445 298
445 301
445 304
444 306
444 309
444 312
443 314
443 317
443 320
442 322
442 325
441 327
441 330
440 332
440 335
440 338
439 340
438 342
437 344
436 347
436 350
435 352
434 354
434 357
433 359
432 361
431 363
429 364
427 363
424 363
421 363
418 363
415 363
412 363
409 363
407 362
404 362
401 362
398 362
395 362
392 362
389 362
386 362
383 362
379 361
376 361
373 361
370 361
368 360
365 360
361 360
358 360
354 359
351 359
348 359
345 359
341 359
338 359
334 359
331 359
328 359
324 359
322 358
319 358
316 358
313 358
310 358
307 358
305 357
302 357
299 357
296 357
292 357
289 357
285 357
282 357
279 357
276 357
273 357
269 357
266 357
263 357
259 357
255 356
251 356
248 356
245 356
242 356
239 356
236 356
236 353
236 350
236 347
236 344
237 341
237 338
237 335
238 332
238 329
238 326
238 322
239 319
239 315
239 312
239 309
239 306
240 304
240 301
240 298
240 294
241 292
241 289
241 286
242 283
242 280
242 277
243 275
243 272
244 269
244 266
245 264
245 261
246 259
246 256
247 253
248 250
249 247
250 244
250 240
251 238
251 235
252 232
252 229
252 226
253 223
253 220
253 216
253 212
253 208
254 205
254 202
254 198
255 195
255 192
255 189
255 186
255 183
255 180
256 177
255 175
