394
203 75
207 75
209 75
210 75
211 75
213 75
214 75
216 75
217 75
219 75
221 75
223 75
225 75
227 75
229 75
231 75
233 75
235 75
237 75
239 75
241 76
242 76
244 76
246 76
247 76
249 76
251 76
253 76
255 75
257 75
259 75
261 75
263 76
264 75
266 76
267 76
269 76
270 76
272 76
273 76
274 76
276 76
277 76
278 76
280 76
281 76
282 76
283 76
284 76
285 76
286 76
287 76
288 76
289 76
291 76
292 76
293 76
294 76
295 76
297 76
298 76
300 76
301 76
303 76
304 76
306 76
307 77
309 77
311 77
312 77
314 77
315 77
317 78
319 78
320 78
322 79
324 79
326 79
328 80
329 80
331 81
333 81
335 82
336 82
338 83
340 83
341 84
343 84
345 85
347 85
348 86
350 87
352 87
353 88
355 89
356 89
358 90
359 90
361 91
362 92
363 93
365 94
366 94
368 96
369 97
371 98
372 99
373 100
375 101
376 103
377 104
378 105
379 107
380 108
381 109
382 110
382 111
383 112
384 113
385 115
385 116
386 117
387 118
388 119
388 120
389 122
390 123
390 124
391 126
392 127
392 129
393 130
393 131
393 132
394 133
394 134
394 136
394 137
395 138
395 139
395 140
395 141
396 142
396 143
396 145
396 146
396 147
396 149
396 150
396 152
396 153
396 154
396 156
396 158
396 159
396 160
396 161
396 162
396 163
396 164
396 166
396 167
396 168
396 169
396 171
396 172
396 173
396 175
396 176
396 177
395 178
395 179
395 180
395 181
395 182
395 183
395 185
394 186
394 187
394 188
394 190
394 191
394 192
394 194
394 196
393 197
393 199
393 200
393 201
393 203
393 204
393 205
392 206
392 208
392 209
392 210
391 212
391 213
391 214
391 216
391 217
390 219
390 220
390 221
390 223
390 224
390 225
390 226
390 227
389 227
389 228
389 229
389 230
389 231
388 232
388 233
388 234
388 235
388 236
388 237
388 238
388 239
388 240
388 241
388 242
388 243
388 244
387 244
386 244
385 244
384 244
383 244
382 244
381 244
380 244
379 244
377 244
376 244
374 244
372 244
370 244
368 243
366 243
364 243
362 243
359 243
357 243
355 242
352 242
350 242
347 242
345 241
342 241
340 241
337 240
334 240
332 240
329 239
327 239
324 239
322 238
319 238
317 238
314 238
312 237
309 237
307 237
304 236
302 236
299 236
296 236
294 236
291 235
289 235
286 235
284 235
282 235
279 235
276 235
274 235
271 235
269 235
266 234
264 234
262 234
259 234
257 234
255 234
253 234
250 234
248 234
246 234
244 234
242 234
239 234
237 234
235 234
233 234
231 234
229 234
228 234
226 234
224 234
223 234
222 234
221 234
220 234
219 234
218 234
217 234
217 233
217 232
216 231
216 230
216 229
215 228
215 227
214 226
214 225
214 224
213 223
213 221
213 219
212 217
212 216
211 214
211 212
211 210
210 208
210 206
210 205
209 203
209 201
208 199
208 197
208 195
207 192
207 190
207 188
207 186
207 184
206 182
206 180
206 177
206 175
205 173
205 171
205 168
205 166
204 164
204 162
204 160
204 158
204 155
204 153
203 151
203 149
203 147
203 145
203 143
202 141
202 139
202 137
202 135
202 133
202 131
202 129
202 127
202 125
202 123
201 121
201 119
201 117
201 115
201 114
201 112
201 110
201 109
201 107
201 106
200 104
200 102
200 101
200 100
200 98
200 97
200 96
200 95
199 94
199 93
199 92
199 91
198 90
198 91
