291
185 91
190 90
192 90
193 90
194 89
196 89
198 89
200 88
201 88
203 87
206 87
208 87
210 86
212 86
215 86
217 86
220 85
222 85
225 85
227 85
230 85
232 85
234 85
237 85
239 85
242 85
244 85
247 85
249 85
252 85
254 84
256 84
259 84
261 84
264 84
266 84
269 84
271 83
274 83
276 83
279 82
282 82
284 82
287 82
289 81
292 81
294 81
297 81
299 81
302 81
304 81
306 81
308 81
310 81
312 82
314 82
317 82
319 83
321 83
323 84
325 84
326 85
328 85
330 86
332 86
334 87
335 88
337 88
338 89
340 90
341 90
343 91
344 92
345 93
346 93
348 94
349 95
350 96
351 97
352 98
354 99
355 100
356 100
357 101
357 102
358 103
359 104
360 105
361 106
362 107
363 108
364 109
364 110
365 111
366 112
366 113
367 114
368 115
368 116
369 117
369 118
370 119
371 120
372 121
372 122
373 123
373 124
374 125
375 126
375 128
376 129
377 130
377 131
378 132
378 134
379 135
379 136
380 138
380 139
380 141
381 142
381 144
381 145
381 147
382 149
382 151
382 152
382 154
382 156
382 158
382 160
383 162
383 164
383 166
383 168
383 170
383 172
383 174
383 176
383 178
384 180
384 182
384 184
384 186
384 188
384 190
383 193
383 195
383 197
383 199
383 201
383 203
383 206
383 208
383 210
383 212
383 214
383 216
383 218
383 220
383 222
383 224
383 226
383 228
383 230
383 232
383 233
383 235
383 236
383 238
383 239
382 240
382 241
382 242
382 243
382 244
381 244
380 244
379 244
378 244
377 243
375 243
374 243
372 243
370 243
368 243
366 243
363 244
360 244
357 244
354 244
350 244
347 244
343 244
339 244
334 244
330 245
326 245
322 245
317 245
313 245
308 245
304 246
299 246
295 246
291 246
286 246
282 246
277 246
273 246
269 246
265 246
261 246
257 247
253 247
249 247
246 247
242 247
239 247
236 247
233 247
230 247
228 247
225 247
223 247
221 247
219 247
218 247
217 248
215 248
214 248
214 247
213 247
212 247
211 247
211 246
210 245
210 244
210 243
210 242
209 241
209 239
209 237
208 235
208 232
207 230
207 227
206 224
206 220
205 217
205 213
204 210
203 206
203 202
202 198
201 194
201 190
200 186
199 182
199 178
198 174
197 170
197 166
196 162
195 158
195 154
194 150
194 146
193 142
193 139
192 135
192 132
192 128
191 125
191 122
191 119
190 117
190 114
190 112
190 110
190 108
190 106
189 104
189 103
189 102
189 101
189 100
188 99
188 98
187 98
186 99
