280
263 143
267 141
270 141
273 141
275 140
278 140
281 140
284 140
287 140
289 139
292 139
295 139
298 139
302 139
305 138
308 138
311 138
314 138
317 138
320 138
323 138
326 138
328 137
331 137
334 137
337 137
340 137
343 137
347 137
350 137
352 136
355 136
358 136
362 136
366 136
369 136
372 136
375 136
379 136
382 136
385 135
387 136
391 136
394 136
397 136
400 136
403 136
406 136
409 136
412 136
414 137
418 137
421 137
423 138
426 139
429 140
432 140
434 141
436 142
438 143
440 144
443 145
445 146
447 147
449 148
451 149
453 150
455 151
457 152
459 154
461 155
462 157
464 159
466 160
467 162
469 163
470 165
472 166
473 168
474 170
476 172
477 174
479 176
480 178
481 180
482 182
482 185
483 187
484 189
485 191
486 193
486 196
487 198
488 201
488 204
489 206
489 209
490 211
490 214
491 216
491 219
491 222
491 225
491 228
491 231
491 234
491 237
491 240
491 243
491 246
491 249
491 252
491 255
491 258
491 261
491 264
491 267
491 270
492 272
492 275
492 278
492 281
492 284
492 287
493 289
493 292
492 295
492 298
492 301
492 304
491 306
491 309
490 311
489 314
489 317
488 319
488 322
487 324
487 327
486 329
486 332
485 335
484 338
484 341
483 343
483 346
482 348
482 351
482 354
481 356
481 359
481 362
480 364
480 367
479 370
478 372
477 374
474 374
471 374
468 374
465 374
462 374
459 374
455 374
452 374
448 374
444 374
441 374
437 374
433 374
429 375
425 375
423 374
419 374
414 374
410 374
407 374
402 374
400 373
395 373
390 373
385 372
382 372
378 372
375 372
370 372
366 371
363 371
359 371
355 371
352 371
348 371
344 371
342 370
338 370
334 370
331 370
327 370
323 369
319 369
315 369
311 368
307 368
303 368
300 368
296 367
291 367
287 366
283 366
279 366
276 365
273 365
270 365
268 366
265 366
263 365
262 363
262 360
262 357
263 354
263 351
263 348
264 346
264 343
264 340
265 338
265 335
265 332
266 329
266 325
266 322
267 320
267 316
267 313
267 310
268 308
268 305
268 302
268 299
268 296
269 294
269 291
270 287
270 284
271 282
271 278
272 276
272 272
273 270
273 266
274 264
274 261
275 257
275 254
276 252
276 249
277 245
277 242
277 239
278 237
278 234
278 231
279 228
279 224
280 221
280 217
281 214
281 210
282 207
283 204
283 201
284 199
284 196
285 193
285 190
286 188
287 185
287 182
288 180
289 177
