256
145 84
150 84
151 83
152 83
153 83
155 83
156 83
157 83
159 83
161 83
163 83
165 83
167 83
169 83
171 83
173 83
175 83
177 83
179 83
181 83
184 83
186 83
188 82
191 82
193 82
196 82
198 82
200 82
203 82
205 81
208 81
210 81
213 81
215 81
218 81
221 81
223 81
226 81
228 81
231 81
233 81
236 81
239 81
241 81
244 81
246 81
249 81
251 81
253 81
256 81
258 81
260 82
263 82
265 82
267 82
269 83
271 83
274 84
276 84
278 85
280 85
282 86
284 86
286 87
288 87
290 88
292 89
294 90
296 90
298 91
300 92
301 93
303 94
304 95
306 96
307 97
309 98
310 99
311 100
312 102
313 103
314 104
315 105
316 106
317 108
318 109
319 110
320 112
321 113
322 114
323 116
324 117
325 118
325 120
326 122
327 123
327 125
328 126
329 128
329 130
330 131
330 133
331 134
332 136
332 138
333 139
333 141
333 143
334 145
334 147
335 149
335 151
335 153
336 155
336 157
336 159
337 161
337 163
337 165
337 167
338 169
338 171
338 173
338 176
338 178
338 180
338 182
338 184
338 186
338 188
338 190
338 192
338 194
338 196
338 198
339 200
339 201
339 203
339 205
339 207
339 208
339 210
339 211
339 212
339 213
339 214
339 215
339 216
339 217
340 217
340 218
339 218
338 218
337 218
336 218
335 218
333 218
332 218
330 218
328 218
326 218
324 218
322 218
319 218
316 218
313 218
310 218
307 218
304 218
300 218
297 218
293 218
289 218
285 218
281 218
277 218
273 218
269 218
265 218
261 218
256 218
252 218
248 218
244 218
240 218
236 218
232 218
228 218
224 218
220 218
217 219
213 219
210 219
207 219
205 219
202 219
200 219
198 220
196 220
194 220
193 220
192 220
191 220
190 220
189 220
188 220
187 220
187 219
187 218
187 216
187 215
186 214
186 212
186 209
186 207
185 204
185 202
184 198
184 195
183 192
182 188
182 184
181 181
180 177
179 173
178 169
177 165
176 161
175 157
174 152
173 148
172 144
171 140
170 135
169 131
168 127
167 123
166 119
165 116
164 112
163 109
162 106
161 103
161 101
160 98
159 96
159 95
158 93
158 92
157 90
157 89
156 89
156 88
155 87
155 88
155 89
