344
264 71
269 71
271 70
272 70
274 70
276 70
278 70
280 70
282 69
284 69
286 69
289 69
291 68
293 68
296 68
298 67
301 67
303 67
306 66
308 66
311 66
313 66
315 65
318 65
320 65
322 64
324 64
327 64
329 64
331 63
333 63
335 63
336 63
338 62
340 62
341 62
343 62
345 62
346 61
348 61
349 61
351 61
353 61
354 60
356 60
358 60
359 60
361 60
363 60
364 60
366 60
367 60
369 60
370 60
372 60
373 60
375 60
376 60
378 60
380 60
381 60
383 60
385 61
386 61
388 61
389 61
391 61
393 62
394 62
395 62
397 62
398 62
400 63
401 63
402 63
404 64
405 64
407 65
408 65
409 66
411 66
412 67
413 67
414 68
416 68
417 69
418 69
419 70
420 70
421 71
422 71
424 72
425 73
426 73
427 74
428 74
429 75
430 76
431 76
432 77
433 78
434 79
435 80
436 81
437 82
438 82
439 83
440 84
440 85
441 86
442 87
443 88
443 89
444 90
445 91
446 92
446 93
447 94
448 95
448 96
449 97
449 98
450 99
450 100
450 101
451 102
451 103
451 104
451 106
452 107
452 108
452 109
452 110
453 112
453 113
453 114
454 115
454 116
454 117
454 119
455 120
455 121
455 122
455 123
456 124
456 126
456 127
456 128
457 129
457 130
457 132
457 133
458 134
458 135
458 137
458 138
458 140
459 141
459 142
459 144
459 145
459 146
460 148
460 149
460 150
460 152
460 153
460 154
460 156
460 157
460 159
460 160
460 162
460 163
460 165
460 167
460 169
460 170
460 172
460 174
460 176
460 177
460 179
460 181
460 183
460 184
460 186
460 188
460 190
460 191
459 193
459 195
459 196
459 198
459 199
458 201
458 202
458 204
458 205
457 206
457 207
457 208
457 209
456 209
456 210
455 211
455 212
454 212
453 213
452 213
451 213
449 213
448 214
447 214
445 214
444 214
442 214
440 214
438 214
436 214
433 214
431 214
428 214
425 214
423 214
420 214
417 214
414 215
411 215
407 215
404 215
401 215
398 215
395 215
392 216
389 216
386 216
379 216
376 217
373 217
370 217
367 218
364 218
361 218
358 218
355 218
352 219
349 219
346 219
343 219
340 220
337 220
335 221
332 221
330 221
327 222
325 222
322 222
320 223
318 223
316 223
314 223
313 223
311 223
310 223
309 223
308 223
307 223
306 223
305 222
304 222
303 221
303 220
302 220
302 219
301 218
301 217
301 215
300 214
300 213
300 211
299 209
299 208
299 206
298 203
298 201
298 199
297 196
297 194
296 191
296 188
295 186
295 183
294 181
294 178
294 175
293 172
293 170
292 167
292 164
291 161
291 158
290 155
290 152
289 149
288 147
287 144
287 141
286 139
285 136
284 134
284 131
283 129
282 126
282 124
281 121
281 119
280 116
280 113
279 111
279 109
279 106
279 104
278 102
278 100
278 97
278 95
277 93
277 91
277 89
276 87
276 85
276 84
275 82
275 81
274 79
274 78
274 77
273 77
273 76
273 75
273 74
273 73
273 72
