232
187 93
192 92
193 92
194 91
196 91
197 91
199 90
201 90
203 90
204 90
206 89
209 89
211 89
213 89
215 88
218 88
221 88
223 88
226 87
229 87
232 87
236 87
239 86
242 86
246 86
249 86
253 85
257 85
260 85
264 85
268 84
271 84
275 84
279 84
283 84
286 84
290 84
294 84
297 84
301 84
305 84
308 84
312 84
316 85
319 85
323 85
326 86
329 87
333 87
336 88
339 89
342 90
346 91
349 92
352 93
355 94
357 96
360 97
363 99
365 101
368 103
370 104
372 106
374 108
377 110
379 113
381 115
382 117
384 120
386 122
388 125
389 127
390 130
392 133
393 136
395 138
396 141
397 144
398 147
399 150
400 153
401 156
402 159
403 162
404 165
404 168
405 171
406 174
406 177
407 180
407 183
407 186
408 190
408 193
408 196
408 199
408 202
408 205
408 208
408 211
408 214
408 217
408 219
409 222
409 225
409 227
409 229
409 231
409 233
409 235
409 237
409 238
409 240
409 241
409 242
410 243
410 244
410 245
409 245
408 245
407 245
406 245
405 245
404 245
402 245
400 246
398 246
396 246
393 246
390 246
387 246
384 246
381 246
377 246
373 246
369 246
365 246
361 246
356 247
352 247
347 247
342 247
337 247
332 247
327 247
322 247
316 248
311 248
306 248
300 249
295 249
289 250
284 250
279 251
274 251
269 252
264 252
259 253
255 253
250 253
246 254
242 254
238 254
235 255
232 255
229 255
226 255
224 255
222 255
220 255
218 255
217 255
216 255
215 255
214 255
214 254
213 254
213 253
212 253
212 252
212 251
212 250
212 249
212 248
212 247
212 245
212 243
212 241
211 239
211 237
211 234
210 231
210 227
210 224
209 220
209 216
208 212
208 207
207 203
206 198
206 194
205 189
205 184
204 179
203 175
202 170
200 160
199 156
198 151
196 147
195 142
194 138
193 134
191 130
190 126
189 123
188 119
187 116
186 113
185 110
185 108
184 105
184 103
183 101
183 99
182 98
182 96
182 95
182 94
182 93
181 92
181 93
