392
201 62
204 62
205 62
206 62
207 62
209 62
210 62
212 62
213 62
215 61
217 61
219 61
221 61
222 61
225 61
227 61
229 61
231 61
233 60
235 60
238 60
240 60
242 60
244 60
246 60
248 60
250 60
252 60
254 60
256 60
258 60
260 60
262 60
264 60
265 60
267 60
269 60
271 60
273 60
275 60
276 60
278 60
280 60
281 60
283 60
284 60
286 60
287 60
288 60
290 60
291 60
292 60
293 60
294 60
295 60
296 61
297 61
298 61
299 61
300 61
301 61
302 61
303 61
304 61
306 61
307 61
307 62
309 62
310 62
311 62
312 62
313 63
314 63
316 63
317 64
318 64
320 64
321 65
323 65
324 66
326 66
327 66
328 67
330 67
331 67
332 68
333 68
335 69
336 69
337 70
338 70
339 71
340 72
341 72
342 73
344 74
345 74
346 75
347 75
348 76
349 77
349 78
350 78
351 79
352 80
353 81
353 82
354 82
355 83
356 84
356 85
357 86
358 87
359 88
360 88
360 89
361 90
362 91
363 92
364 92
364 93
365 94
366 95
366 96
367 97
368 98
369 99
369 100
370 101
370 102
371 103
371 105
372 106
372 107
373 108
373 109
373 111
374 111
374 112
375 113
375 114
375 115
376 116
376 117
376 118
377 120
377 121
377 122
377 123
377 125
378 126
378 127
378 129
378 130
378 131
378 132
379 133
379 134
379 135
379 136
379 137
379 138
380 139
380 140
380 142
380 143
380 144
380 145
380 146
380 147
380 148
380 149
380 151
380 152
380 153
380 154
380 155
380 156
380 157
380 158
380 159
380 160
380 161
380 162
380 163
380 164
380 165
380 166
380 167
380 168
380 169
380 170
380 171
380 172
380 173
380 175
380 176
380 177
380 178
380 179
380 180
380 181
380 182
380 183
380 184
380 185
380 187
381 188
381 190
381 191
381 193
381 194
381 196
381 197
381 199
381 200
381 201
381 203
381 204
381 205
381 206
381 207
381 208
381 209
381 210
381 211
381 212
381 214
381 215
381 216
381 217
381 218
381 219
381 220
381 221
381 222
381 223
381 224
381 225
382 225
382 226
381 226
382 226
382 227
381 227
380 227
379 227
378 227
377 227
376 227
375 227
374 227
372 227
371 227
369 227
367 227
366 227
363 227
361 227
359 227
357 227
354 227
352 227
349 227
347 227
344 227
341 227
339 227
336 227
333 227
330 227
327 227
324 226
321 226
318 226
315 226
312 226
309 226
306 226
304 226
301 226
298 226
295 226
292 226
289 226
286 226
282 226
279 226
276 226
273 226
270 226
267 226
264 226
262 226
259 226
256 226
253 226
251 226
248 226
246 226
243 226
241 226
239 226
237 226
236 226
234 226
232 227
231 227
229 227
228 227
227 227
226 227
225 227
224 227
224 226
224 225
224 224
224 223
223 222
223 221
223 219
223 218
223 217
223 215
223 214
223 212
223 210
223 209
223 207
223 206
222 204
222 202
222 200
222 198
222 196
222 194
222 192
222 190
222 187
221 185
221 183
221 181
221 179
221 176
220 174
220 172
220 169
220 167
220 164
219 162
219 160
219 157
219 155
219 152
219 150
218 147
218 145
218 142
218 139
218 137
218 134
218 131
217 129
217 126
217 123
217 121
216 118
216 116
216 113
215 111
215 108
215 106
214 103
214 101
214 98
214 96
213 94
213 93
213 91
213 89
213 88
212 86
212 85
212 84
212 82
212 81
212 80
212 79
212 78
211 78
212 78
211 78
