226
237 149
241 148
244 148
247 148
250 148
253 147
256 147
259 147
262 147
265 147
268 147
271 147
274 147
277 147
280 147
283 147
286 146
289 146
292 146
295 146
298 146
301 146
304 146
306 145
309 145
312 145
315 145
317 144
320 144
323 144
326 144
329 144
332 144
335 144
337 145
340 145
342 146
344 147
347 148
350 149
352 150
354 151
356 152
358 153
360 154
362 155
364 157
366 158
368 160
370 162
371 164
372 166
374 168
375 170
376 172
377 174
378 176
379 178
380 180
380 183
381 185
382 188
382 191
383 193
383 196
384 198
384 201
385 203
385 206
386 208
386 211
386 214
386 217
386 220
386 223
385 225
385 228
385 231
384 233
384 236
383 238
383 241
383 244
382 246
382 249
381 251
381 254
381 257
380 259
380 262
379 265
379 268
378 270
377 272
376 274
376 277
375 279
374 282
373 285
373 288
372 290
372 293
371 295
371 298
370 300
370 303
369 305
369 308
368 310
367 312
367 315
366 317
365 319
365 322
364 324
364 327
362 328
360 327
357 327
354 327
351 327
349 328
346 328
343 327
341 328
339 327
335 327
333 328
330 328
327 328
324 327
321 327
318 327
314 327
311 327
308 327
305 327
302 327
299 327
295 327
292 327
289 327
286 327
283 327
279 327
276 327
273 327
269 327
267 326
264 326
261 326
258 326
255 325
251 325
248 325
245 325
243 324
240 324
236 324
233 323
230 323
227 323
223 323
221 322
218 322
215 322
212 322
209 322
208 320
209 317
209 314
209 311
209 308
209 305
209 302
209 299
210 297
210 294
210 290
211 288
211 285
211 282
211 279
212 276
212 273
212 270
213 268
213 265
214 262
214 258
214 254
214 250
215 247
215 243
215 240
215 236
216 233
216 229
216 226
216 223
217 220
217 217
217 214
218 211
218 208
218 205
219 202
219 199
219 195
219 192
220 189
220 186
220 183
221 180
221 177
221 174
222 172
222 169
222 166
223 164
223 161
223 158
224 156
224 153
224 150
224 148
