278
117 73
122 74
123 74
124 74
125 74
127 73
128 73
130 73
132 73
133 73
135 73
137 73
139 73
141 73
144 72
146 72
148 72
150 72
152 72
154 72
157 72
159 71
161 71
163 71
166 71
168 71
170 71
172 71
174 71
177 71
179 71
181 70
183 70
185 70
188 70
190 70
192 70
194 70
196 70
199 70
201 70
203 70
205 70
207 70
209 71
211 71
213 71
215 71
217 71
219 72
221 72
223 72
225 72
227 73
229 73
230 74
232 74
234 74
236 75
238 75
240 76
242 76
244 77
246 77
248 78
250 79
252 79
254 80
256 81
258 82
260 83
261 84
263 85
265 86
267 86
269 88
271 89
272 90
274 91
275 92
277 94
278 95
280 97
281 98
282 99
283 101
285 103
286 104
287 106
288 107
289 109
290 111
291 112
291 114
292 116
293 117
294 119
295 121
296 123
296 125
297 127
298 129
299 131
299 133
300 135
300 136
301 138
302 140
302 142
303 144
303 146
303 149
304 151
304 153
305 155
305 157
305 160
306 162
306 164
306 166
307 168
307 171
308 173
308 175
308 178
309 180
309 182
309 185
309 187
309 189
310 191
310 193
310 195
310 197
310 199
310 201
310 203
310 205
310 207
310 209
310 210
310 212
309 213
309 215
309 216
309 217
309 218
309 220
309 221
309 222
308 223
308 224
308 225
307 226
306 226
305 226
304 226
303 226
302 226
301 226
300 226
298 226
296 226
294 226
292 226
290 226
287 226
285 227
282 227
279 227
276 227
273 227
269 227
266 227
262 228
259 228
255 228
251 228
247 229
243 229
239 229
235 229
231 230
227 230
223 230
219 230
216 231
212 231
208 231
204 232
201 232
197 233
194 233
190 233
187 234
184 234
181 234
178 235
175 235
173 235
170 236
168 236
165 236
163 236
162 237
160 237
158 237
157 237
156 237
155 237
154 237
153 237
152 237
151 237
150 237
149 236
149 235
149 234
149 233
148 232
148 230
148 229
148 227
148 225
148 223
147 220
147 218
147 215
147 212
146 209
146 206
146 202
145 199
145 195
144 191
143 187
142 183
142 179
141 175
140 171
139 167
138 163
137 159
135 155
134 151
133 147
132 143
131 139
130 135
129 131
128 128
128 124
127 120
126 117
125 114
125 111
124 108
123 105
122 103
122 100
121 98
121 96
120 94
120 92
119 91
119 89
119 88
118 87
118 86
118 85
118 84
118 83
117 83
117 82
117 81
117 82
116 82
116 83
