275
265 139
271 138
273 137
276 137
279 137
282 137
285 137
288 137
290 136
293 136
296 136
299 136
302 136
305 136
308 136
311 136
314 136
316 135
319 135
322 135
325 135
328 135
331 135
334 135
337 135
339 134
342 134
345 134
348 134
351 134
354 134
357 134
360 134
363 134
366 134
369 134
372 134
375 134
378 134
381 134
384 135
387 135
390 135
392 136
395 137
398 137
400 138
403 139
406 139
408 140
410 141
413 142
415 143
417 144
419 145
421 146
423 147
425 148
427 149
429 151
431 152
433 153
434 155
436 156
437 158
439 159
441 161
443 162
445 164
447 165
449 166
450 168
451 170
453 172
454 174
455 176
457 177
458 179
460 180
461 182
462 184
463 186
465 188
466 190
467 192
468 194
469 196
470 198
470 201
471 203
471 206
472 208
472 211
473 213
473 216
473 219
473 222
474 224
474 227
474 230
474 233
474 236
475 238
475 241
475 244
475 247
475 250
476 253
476 256
476 259
476 262
477 264
477 267
477 270
477 273
477 276
477 279
477 282
477 285
477 288
477 291
476 293
476 296
475 298
475 301
475 304
474 306
474 309
474 312
474 315
474 318
473 320
473 323
473 326
472 328
471 331
471 334
470 336
470 339
470 342
470 345
470 348
470 351
469 354
469 357
468 360
469 362
467 363
464 364
461 364
458 364
455 364
452 364
449 364
445 364
443 365
440 365
436 365
432 365
429 365
426 365
423 365
420 365
416 365
412 365
409 365
405 365
402 365
398 365
394 365
390 365
388 366
384 366
380 366
377 366
373 366
369 366
365 366
361 366
356 366
352 366
348 366
344 366
340 366
335 366
331 366
327 366
323 366
320 366
316 366
314 365
311 365
308 365
304 365
301 365
298 365
294 365
291 365
287 365
284 365
282 364
278 364
274 364
271 364
269 365
266 365
263 365
260 365
257 365
254 365
251 365
248 365
248 362
248 359
248 356
248 353
249 350
249 347
250 345
251 341
251 338
252 335
253 332
254 328
254 325
255 322
255 318
255 315
255 311
255 307
255 303
255 300
255 297
256 294
256 290
257 286
257 281
258 277
258 274
259 270
259 266
259 263
260 261
260 257
261 255
262 251
263 247
263 243
264 241
264 238
265 236
265 233
265 230
266 228
266 224
266 221
266 218
266 215
267 213
267 209
267 206
268 203
268 200
269 198
269 195
269 192
270 190
270 186
271 182
271 179
271 176
271 173
272 169
272 166
271 165
