647
193 54
199 53
200 53
201 53
202 53
203 53
204 53
206 53
207 53
208 53
210 52
212 52
213 52
215 52
217 52
219 52
221 52
222 51
224 51
226 51
228 51
229 51
231 51
233 51
234 51
236 51
238 50
239 50
240 50
242 51
243 51
244 51
246 51
247 51
248 51
249 51
250 51
251 51
252 51
254 50
255 50
256 50
257 50
259 50
260 50
261 50
263 50
264 50
265 50
266 50
267 50
269 50
270 50
271 50
272 50
273 50
274 50
276 50
277 50
278 50
279 50
280 50
282 50
283 50
284 50
285 50
287 51
288 51
289 51
291 51
292 51
293 51
294 51
295 52
296 52
298 52
299 52
300 52
301 53
302 53
303 53
304 54
305 54
307 55
308 55
309 55
310 56
312 56
313 57
314 57
315 58
317 58
318 59
319 59
321 59
322 60
323 60
324 61
326 61
327 62
328 62
329 63
331 63
332 64
333 64
335 65
336 65
337 66
339 67
340 67
341 68
343 68
344 68
345 69
346 69
347 70
348 71
349 71
350 71
351 72
352 72
353 73
354 73
355 74
356 75
357 75
358 76
359 77
360 77
360 78
361 78
362 79
363 79
363 80
364 80
365 81
366 82
367 82
368 83
369 84
370 84
371 85
371 86
372 86
373 87
374 88
375 88
375 89
376 89
376 90
377 91
378 91
378 92
379 93
380 94
381 95
382 96
382 97
383 97
383 98
384 99
385 100
386 101
386 102
387 103
388 104
388 105
389 106
389 107
390 108
391 109
391 110
392 111
392 112
393 113
394 114
394 115
395 116
395 117
396 118
396 119
397 120
398 121
398 122
398 123
399 124
399 125
400 126
400 127
401 128
401 129
401 130
402 130
402 131
402 132
402 133
403 134
403 135
403 136
404 137
404 138
405 139
405 140
405 141
406 142
406 143
406 144
407 145
407 146
407 147
408 148
408 149
408 150
409 151
409 152
409 153
410 154
410 155
410 156
410 157
411 158
411 159
411 160
412 161
412 162
412 163
413 164
413 165
413 166
413 167
414 167
414 168
414 169
414 170
415 171
415 172
415 173
415 174
416 175
416 176
416 177
416 178
416 179
416 180
416 181
416 182
416 183
416 184
416 185
416 186
417 187
417 188
417 189
417 190
417 191
417 192
417 193
417 194
417 195
417 196
416 197
416 198
416 199
416 200
416 201
416 202
416 203
416 204
416 205
416 206
415 207
415 208
415 209
415 210
415 211
415 212
415 213
415 214
415 215
415 216
415 217
415 218
415 219
414 220
414 221
414 222
414 223
414 224
414 225
414 226
414 227
414 228
414 229
413 230
413 231
413 232
413 233
413 234
413 235
413 236
413 237
413 238
412 239
412 240
412 241
412 242
412 243
412 244
412 245
412 246
411 247
411 248
411 249
411 250
411 251
411 252
411 253
410 253
410 254
410 255
410 256
410 257
410 258
410 259
409 260
409 261
409 262
409 263
409 264
409 265
408 266
408 267
408 268
408 269
408 270
408 271
408 272
408 273
407 274
407 275
407 276
407 277
407 278
407 279
407 280
407 281
406 282
406 283
406 284
406 285
406 286
406 287
406 288
405 289
405 290
405 291
405 292
405 293
404 294
404 295
404 296
404 297
404 298
404 299
403 300
403 301
403 302
403 303
403 304
403 305
403 306
403 307
403 308
403 309
402 309
401 309
400 309
399 309
398 309
397 309
396 309
395 309
394 309
392 309
391 310
390 310
389 310
388 310
387 310
386 310
384 310
383 310
382 310
381 310
379 310
378 310
377 309
375 309
374 309
372 309
371 309
369 309
368 309
366 309
364 309
363 309
361 309
359 309
357 309
355 308
354 308
352 308
350 308
348 308
346 308
344 308
342 308
340 308
338 308
336 308
334 307
331 307
329 307
327 307
325 307
323 307
321 307
319 306
316 306
314 306
312 306
309 306
307 306
305 305
303 305
300 305
298 305
296 305
294 304
292 304
290 304
288 304
286 304
284 303
282 303
280 303
278 303
276 303
274 303
272 302
270 302
268 302
267 302
265 302
263 302
261 301
260 301
258 301
256 301
254 301
252 301
250 300
249 300
247 300
245 300
243 300
241 300
239 300
238 299
236 299
234 299
232 299
230 299
228 299
226 299
224 299
222 299
220 299
219 299
217 298
215 298
213 298
212 298
210 298
208 298
206 298
204 298
203 298
201 298
199 298
198 298
196 298
195 298
193 298
192 298
191 298
189 298
188 298
187 298
186 298
185 298
184 298
183 298
182 298
182 297
181 297
181 296
181 295
181 294
181 293
181 292
181 291
181 290
181 289
181 288
181 287
181 286
181 285
181 284
181 283
181 281
181 280
181 279
181 278
182 276
182 275
182 274
182 273
182 272
182 270
182 269
182 267
182 266
183 265
183 263
183 262
183 260
183 259
183 257
183 256
183 254
183 253
183 252
184 251
184 249
184 248
184 246
184 245
184 244
184 242
185 240
185 239
185 237
185 236
185 234
186 232
186 231
186 229
186 228
186 226
187 225
187 223
187 222
187 220
187 218
188 217
188 215
188 213
188 211
189 209
189 207
189 205
189 203
190 202
190 200
190 198
190 196
190 194
190 192
191 190
191 188
191 186
191 184
191 182
191 180
191 178
192 176
192 174
192 172
192 170
192 168
192 166
192 164
193 161
193 159
193 157
193 155
193 153
193 151
194 149
194 147
194 145
194 143
194 140
194 138
195 136
195 134
195 132
195 130
195 128
195 126
195 124
195 121
195 119
196 117
196 115
196 113
196 111
197 109
197 107
197 104
197 102
198 100
198 98
198 96
198 94
199 92
199 90
199 88
199 85
200 83
200 81
200 79
200 78
201 76
201 74
201 72
201 71
202 69
202 68
202 67
202 66
202 65
202 64
203 64
203 63
203 63
