301
127 74
131 74
132 73
134 73
135 73
137 73
138 73
140 72
142 72
145 72
147 72
149 71
151 71
154 71
156 71
159 71
161 70
164 70
167 70
169 70
172 70
174 69
177 69
179 69
182 69
185 68
187 68
190 68
192 68
195 68
197 68
200 67
202 67
205 67
207 67
210 67
212 67
214 66
217 66
219 66
222 66
224 66
226 66
228 65
230 65
233 65
235 65
237 65
239 65
241 65
243 65
245 65
247 65
249 65
251 65
253 65
255 65
257 66
259 66
261 66
263 66
265 67
267 67
269 67
271 68
273 68
275 69
277 69
279 70
281 70
283 71
285 72
287 72
288 73
290 74
292 75
294 76
296 76
298 77
300 78
301 79
303 80
305 81
306 82
308 84
310 85
311 86
313 87
314 88
316 90
317 91
318 92
320 94
321 95
322 96
323 98
324 99
326 101
327 102
328 104
329 105
329 107
330 108
331 110
332 111
332 113
333 114
334 116
335 117
335 119
336 120
336 122
337 124
338 125
338 127
338 129
339 130
339 132
340 134
340 135
340 137
341 139
341 140
341 142
342 144
342 146
342 147
342 149
343 151
343 153
343 155
344 157
344 159
344 160
345 162
345 164
345 166
345 168
345 170
345 172
346 174
346 176
346 178
346 181
346 183
346 185
346 187
347 189
347 191
347 193
347 195
347 197
348 199
348 201
348 203
348 206
348 208
348 210
348 212
348 213
348 215
348 217
348 219
348 220
348 222
348 223
348 224
348 226
348 227
348 228
348 229
348 230
348 231
347 231
346 231
345 231
344 231
343 231
341 231
340 232
338 232
337 232
335 232
332 233
330 233
327 233
324 234
322 234
318 234
315 235
312 235
308 235
304 236
301 236
297 236
293 236
289 236
284 237
280 237
276 237
271 237
267 238
262 238
258 238
253 238
249 239
244 239
240 239
235 239
231 240
227 240
222 241
218 241
214 242
211 242
207 243
203 243
200 243
197 244
194 244
191 244
188 245
186 245
184 245
182 246
180 246
178 246
177 246
175 246
174 247
173 247
172 247
172 246
171 246
170 246
169 245
169 244
169 243
168 242
168 241
168 240
167 238
167 237
166 235
166 233
165 230
165 228
164 226
164 223
163 220
162 217
162 214
161 211
160 207
159 204
158 200
156 197
155 193
154 189
153 185
152 181
150 177
149 173
148 169
147 165
146 161
144 157
143 153
142 149
141 145
140 141
139 136
138 132
137 128
136 124
135 120
134 117
133 113
132 109
131 106
130 102
129 99
129 96
128 93
128 90
127 88
126 85
126 83
125 81
125 80
125 78
124 77
124 76
123 75
123 74
123 73
122 73
122 72
121 72
121 71
121 72
