544
229 54
235 54
236 53
237 53
238 53
239 53
240 53
242 53
243 53
244 53
245 53
247 52
248 52
250 52
252 52
253 52
255 52
257 52
258 52
260 52
262 51
263 51
265 51
266 51
268 51
269 51
271 51
272 51
274 51
275 51
276 51
278 51
279 51
281 51
282 51
283 51
285 51
286 51
288 51
289 51
291 51
292 51
293 51
295 51
296 51
297 51
299 50
300 50
301 50
303 50
304 50
305 50
307 50
308 50
310 50
312 50
313 50
315 50
316 50
318 50
319 50
321 50
322 50
324 50
325 50
326 50
328 50
329 50
330 50
332 50
333 50
335 50
336 50
338 51
339 51
341 51
342 51
344 51
345 51
346 51
348 51
349 52
350 52
352 52
353 52
355 52
356 53
358 53
359 53
361 54
362 54
364 54
365 54
367 55
368 55
370 56
371 56
373 56
374 57
375 57
377 58
378 58
380 59
381 59
383 59
384 60
386 60
387 61
389 62
390 62
392 63
394 63
395 64
396 65
398 65
399 66
401 67
402 67
403 68
404 69
406 69
407 70
408 71
409 72
410 72
412 73
413 74
414 75
415 75
416 76
417 77
419 78
420 79
421 80
422 81
423 82
424 82
425 83
427 84
427 85
428 86
429 87
430 88
431 89
432 90
433 90
434 91
435 92
435 93
436 94
437 95
438 96
438 97
439 98
440 99
440 100
441 102
442 103
442 104
443 105
444 106
444 107
445 109
445 110
446 111
447 112
447 113
448 114
448 116
449 117
450 118
450 119
451 120
451 121
451 122
452 123
452 125
453 126
453 127
453 128
454 129
454 130
454 132
455 133
455 134
455 135
455 137
456 138
456 139
456 140
456 142
457 143
457 144
457 145
457 147
457 148
458 149
458 150
458 152
458 153
458 154
458 156
458 157
459 158
459 160
459 161
459 163
459 164
459 165
459 167
459 168
459 169
459 171
458 172
458 173
458 175
458 176
458 177
458 179
458 180
458 182
458 183
458 184
458 186
457 187
457 189
457 190
457 192
457 193
457 195
457 196
457 198
457 199
457 201
456 202
456 203
456 205
456 206
456 208
456 209
456 211
455 212
455 214
455 215
455 217
455 218
454 220
454 221
454 222
454 224
453 225
453 226
453 228
452 229
452 231
452 232
451 234
451 235
451 237
450 238
450 240
450 241
449 243
449 244
449 246
448 247
448 249
448 250
447 252
447 253
447 254
446 256
446 257
446 258
445 260
445 261
444 262
444 263
444 264
443 265
443 266
443 267
442 268
442 269
442 270
441 270
441 271
440 271
439 271
438 271
437 271
436 272
435 272
434 272
433 272
432 272
430 272
429 272
428 272
427 272
426 272
424 272
423 272
421 272
419 272
418 272
416 272
414 272
412 272
410 272
409 271
407 271
405 271
403 271
401 271
399 271
397 271
395 271
392 271
390 271
388 271
386 271
384 271
381 271
379 271
377 271
375 271
373 271
370 271
368 271
366 271
363 271
361 271
359 271
357 271
354 271
352 271
350 271
348 271
346 271
343 271
341 271
339 271
336 271
334 271
332 271
329 271
327 271
325 270
323 270
321 270
318 270
316 270
314 270
312 270
309 270
307 270
305 270
303 270
301 270
298 270
296 270
294 270
292 270
290 270
288 270
286 269
283 269
281 269
279 269
277 269
275 269
273 269
271 269
270 269
268 269
266 269
264 269
262 269
260 269
259 269
257 268
255 268
253 268
252 268
250 268
249 268
247 268
246 268
244 268
243 268
242 267
240 267
239 267
238 267
236 267
235 267
234 267
232 267
231 266
230 266
229 266
228 266
226 267
225 267
224 267
223 267
222 267
221 267
220 267
219 267
218 267
217 267
216 267
216 266
216 265
216 264
216 263
216 262
216 261
216 260
216 259
216 258
216 257
216 256
216 255
216 254
216 253
216 252
216 251
216 250
215 249
215 248
215 247
215 246
215 245
215 244
215 243
215 242
215 240
215 239
215 238
215 236
215 235
216 234
216 232
216 231
216 230
216 228
216 227
216 225
217 224
217 222
217 221
217 219
217 217
218 216
218 214
218 213
218 211
218 209
219 207
219 205
219 204
219 202
219 200
219 198
219 197
220 195
220 193
220 191
220 189
220 187
220 185
220 183
220 181
220 179
220 177
220 175
220 174
220 172
220 170
220 168
220 166
221 164
221 162
221 160
221 158
221 156
221 153
221 151
222 149
222 147
222 145
222 143
222 141
223 139
223 137
223 136
223 134
224 132
224 130
224 128
224 126
224 124
224 122
224 120
225 118
225 116
225 114
225 113
225 111
225 109
225 107
225 105
225 103
225 101
225 99
225 97
225 95
225 93
225 91
225 89
226 87
226 86
226 84
226 82
226 80
226 78
226 77
227 75
227 73
227 72
227 70
227 68
227 67
227 66
227 65
227 63
227 62
227 61
227 60
227 61
227 61
