249
244 165
250 164
253 164
256 164
259 164
261 163
264 163
267 163
270 163
273 163
276 162
279 162
282 162
285 162
288 162
291 162
294 162
297 161
300 161
303 161
306 161
309 161
312 161
315 161
318 161
321 161
325 161
329 161
333 161
336 161
339 161
342 161
345 161
348 161
351 161
354 161
357 161
360 161
363 161
366 161
369 161
372 161
375 161
378 161
381 161
384 161
387 161
389 162
392 162
395 162
397 163
400 163
402 164
404 165
406 166
408 167
411 168
413 169
415 170
417 171
419 172
421 173
423 174
424 176
426 177
428 178
429 180
431 181
432 183
434 184
435 186
437 188
438 190
439 192
440 194
441 196
442 198
443 200
443 203
444 205
445 207
445 210
446 212
446 215
446 218
446 221
446 224
446 227
446 230
446 233
445 235
445 238
445 241
444 243
444 246
443 248
443 251
442 253
442 256
441 259
440 262
440 265
439 267
439 270
438 272
438 275
437 277
437 280
437 283
436 285
436 288
436 291
436 294
436 297
436 300
436 303
435 306
435 309
435 312
435 315
434 317
434 320
434 323
434 326
434 329
434 332
434 335
434 338
434 341
433 343
433 346
434 349
434 352
434 355
434 358
434 361
434 364
434 367
432 368
430 367
427 367
424 367
422 366
419 366
415 366
412 366
408 366
405 365
402 365
398 365
394 365
391 365
387 364
383 364
379 364
375 364
371 364
367 364
363 364
359 363
355 363
351 363
347 363
344 363
340 363
336 363
332 363
329 362
325 362
322 362
319 361
315 361
312 361
308 361
304 361
301 361
297 361
293 361
291 360
287 360
283 360
279 360
275 360
271 360
267 360
264 359
260 359
257 359
254 359
250 359
248 358
245 358
242 358
239 358
237 357
237 354
237 351
238 347
238 344
239 341
239 338
240 334
240 331
241 328
241 324
242 321
242 318
243 315
244 312
244 309
245 307
245 303
246 300
246 296
247 293
248 290
249 287
249 284
250 282
250 278
250 274
250 271
251 269
251 265
251 262
252 258
252 254
253 251
254 249
255 245
255 242
256 240
257 237
258 234
258 231
259 229
259 226
260 224
260 221
260 218
261 215
261 212
262 208
262 205
263 203
263 200
264 197
264 194
265 193
