400
227 88
232 88
233 88
234 88
236 88
237 88
239 87
240 87
242 87
244 87
245 87
247 87
249 87
250 87
252 86
254 86
256 86
257 86
259 86
261 85
263 85
264 85
266 85
267 85
269 85
271 85
272 84
274 84
275 84
277 84
278 84
280 84
281 83
283 83
284 83
286 83
287 83
288 83
289 82
291 82
292 82
293 82
295 82
296 82
298 82
299 82
301 82
302 81
303 81
305 81
306 81
307 81
309 81
310 81
311 81
313 81
314 81
315 81
317 81
318 81
319 81
321 81
322 81
323 81
325 82
326 82
328 82
329 82
330 82
332 83
333 83
334 83
335 83
337 84
338 84
339 84
340 85
342 85
343 85
344 86
345 86
347 86
348 87
349 87
350 88
352 88
353 89
354 89
355 89
357 90
358 90
359 91
360 91
361 92
363 92
364 92
365 93
367 93
368 94
370 95
371 95
372 96
373 96
375 97
376 97
377 98
378 99
380 100
381 101
383 102
384 103
386 104
387 105
388 106
389 107
390 108
391 109
392 110
392 111
393 112
394 113
395 114
395 115
396 116
397 118
398 119
398 120
399 121
400 123
400 124
401 125
401 127
402 128
402 129
403 131
404 132
404 134
404 135
405 137
405 138
406 140
406 141
407 143
407 144
407 146
408 147
408 148
408 150
409 151
409 153
410 154
410 155
411 157
411 158
411 160
411 161
412 163
412 164
412 166
413 168
413 169
413 171
413 172
413 174
413 176
414 177
414 179
414 181
414 183
414 184
414 186
414 188
414 190
414 192
414 194
414 195
414 197
414 199
414 201
414 203
414 204
414 206
414 207
414 209
413 211
413 213
413 214
413 216
413 218
413 220
413 222
412 223
412 225
412 227
412 228
412 230
412 232
411 233
411 235
411 236
411 237
411 239
411 240
411 241
411 242
410 243
410 244
410 245
410 246
410 247
410 248
410 249
410 250
409 251
408 251
407 251
406 251
405 251
404 251
403 250
402 250
401 250
400 250
398 249
396 249
395 249
393 249
391 249
389 249
387 249
385 249
382 249
380 249
378 249
375 249
373 249
371 249
368 249
366 249
363 249
361 249
359 249
356 249
354 249
351 249
349 249
347 249
344 249
342 249
340 249
337 249
335 250
333 250
330 250
328 250
326 250
324 250
322 250
319 250
317 250
315 250
313 250
311 251
309 251
306 251
304 251
302 251
300 251
298 251
296 251
294 251
292 252
290 252
288 252
286 252
284 252
282 252
280 252
278 252
277 252
275 253
273 253
271 253
270 253
268 253
267 253
265 253
264 254
262 254
261 254
260 254
258 254
257 254
256 254
255 254
254 254
253 254
252 254
251 254
250 254
249 254
248 254
247 254
246 253
245 252
245 251
244 251
244 250
244 249
244 248
243 247
243 246
243 245
243 244
243 243
243 241
242 240
242 238
242 237
242 235
242 233
242 232
241 230
241 228
241 226
241 224
241 222
240 220
240 217
240 215
240 213
240 210
239 208
239 206
239 204
239 201
239 199
239 196
239 194
238 192
238 189
238 187
238 184
238 182
238 180
238 177
237 175
237 173
237 171
237 168
237 166
236 164
236 162
236 160
236 158
235 156
235 154
235 152
234 150
234 148
234 146
233 144
233 143
233 141
233 139
232 137
232 136
232 134
232 132
232 131
231 129
231 128
231 126
231 124
231 123
231 121
231 119
231 117
231 116
231 114
231 112
231 110
231 109
231 107
230 105
230 104
230 102
230 101
230 99
229 98
229 97
229 96
229 95
228 94
228 93
228 92
228 91
227 90
227 89
227 88
