394
180 83
186 83
187 82
188 82
189 82
190 82
192 82
193 82
195 82
197 82
198 82
200 81
202 81
204 81
205 81
207 81
209 81
211 81
213 81
215 81
216 81
218 80
220 80
222 80
224 80
226 79
228 79
230 79
232 79
234 79
235 79
237 78
239 78
241 78
243 78
245 78
247 77
250 77
252 77
254 77
256 76
258 76
260 76
262 75
264 75
266 75
268 75
270 75
271 75
273 75
275 74
277 74
279 74
281 74
283 73
285 73
287 73
288 73
290 72
291 72
293 72
294 72
295 72
296 72
297 72
298 72
299 72
300 72
300 71
301 71
302 71
303 71
304 71
305 71
305 72
306 72
307 72
308 72
309 72
310 72
311 73
312 73
313 73
314 74
315 74
316 74
317 75
318 75
319 75
320 76
321 76
322 76
323 77
325 77
326 78
327 78
329 78
330 79
332 79
333 80
334 80
335 81
336 81
337 82
338 83
339 83
340 84
341 85
342 85
343 86
344 87
345 88
346 89
347 90
348 91
349 92
350 93
351 93
352 94
353 95
354 96
355 97
356 98
357 99
358 99
359 100
360 101
360 102
361 103
362 104
363 105
364 106
365 107
366 108
367 109
368 110
369 111
369 112
370 113
370 114
371 115
371 116
371 117
372 118
372 119
372 120
373 122
373 123
374 124
374 125
374 126
375 127
375 129
376 130
376 131
376 133
377 134
377 135
377 137
378 138
378 140
378 141
378 143
378 144
379 145
379 146
379 147
379 148
379 149
380 149
380 150
380 151
381 151
381 152
382 153
383 153
383 154
383 155
383 156
383 157
383 158
383 159
383 160
383 161
383 162
383 164
383 165
383 167
382 169
382 170
382 172
382 173
382 175
381 177
381 178
381 180
380 181
380 183
380 185
379 187
379 190
378 192
378 194
377 196
377 198
377 200
377 202
377 204
377 206
377 208
377 209
376 211
376 213
376 215
376 216
375 218
375 220
374 221
374 222
374 224
374 225
373 226
373 227
373 228
373 229
373 230
373 231
373 232
373 233
373 234
373 235
373 236
372 237
372 238
372 239
372 240
371 241
371 242
371 243
371 244
370 244
370 245
369 245
368 245
367 245
366 245
365 245
364 245
363 245
362 244
360 244
358 244
357 244
355 244
352 244
350 244
348 244
346 244
344 245
341 245
339 245
336 245
334 245
331 245
328 245
326 246
323 246
320 246
318 246
315 246
312 246
309 246
306 246
303 247
300 247
297 247
294 247
291 247
288 247
285 248
282 248
279 248
276 248
273 248
269 248
266 248
263 248
260 248
257 249
254 249
250 249
247 249
244 249
241 249
238 249
235 249
233 249
230 250
228 250
225 250
223 250
220 250
218 250
216 250
214 250
212 250
210 250
208 250
207 250
205 250
204 250
203 250
202 250
201 250
200 250
199 250
198 250
197 250
197 249
196 248
196 247
196 246
196 245
196 244
196 242
195 241
195 239
195 238
195 236
195 234
194 232
194 230
194 227
194 225
193 220
193 217
192 214
192 211
192 208
192 205
191 202
191 199
191 195
191 192
191 189
190 186
190 184
190 181
189 178
189 175
189 172
189 169
188 166
188 163
188 161
187 158
187 155
187 153
186 151
186 148
186 146
186 144
186 141
186 139
186 137
186 134
186 132
186 129
186 127
186 125
186 122
185 120
185 118
185 115
185 113
185 111
185 109
185 106
185 104
185 102
185 100
185 98
185 96
185 94
186 92
186 90
186 89
186 87
186 85
187 84
187 82
187 81
188 80
188 79
