408
207 97
212 95
214 95
215 95
217 95
219 95
221 95
223 95
225 95
227 94
229 94
231 94
233 94
235 94
237 94
239 94
241 94
243 93
245 93
248 93
250 93
252 93
254 93
256 93
258 93
261 93
263 92
265 92
267 92
269 92
271 92
273 92
275 92
277 92
279 91
281 91
283 91
285 91
287 91
289 91
291 91
293 91
295 91
297 91
299 91
301 91
302 91
304 91
306 90
307 90
309 90
310 90
312 90
313 90
315 90
316 90
318 90
319 90
321 90
322 90
324 90
325 90
326 90
328 90
329 90
331 89
332 89
334 90
335 90
336 90
338 90
339 90
340 90
341 90
343 90
344 90
345 91
346 91
347 91
348 91
349 92
351 92
352 92
353 92
354 93
355 93
357 93
358 94
359 94
360 95
361 95
362 96
363 96
365 97
366 97
367 98
368 99
369 99
370 100
371 101
372 101
373 102
374 102
375 103
376 104
378 104
379 105
380 106
381 106
382 107
384 108
385 109
386 109
387 110
388 111
388 112
389 113
390 113
391 114
391 115
392 116
393 117
394 118
395 119
396 120
396 121
397 122
398 123
399 124
399 125
400 126
400 127
401 128
401 129
402 130
402 131
403 132
403 133
404 134
404 135
405 136
405 137
406 138
406 139
407 140
407 142
407 143
408 144
408 145
408 146
409 148
409 149
410 150
410 151
410 153
411 154
411 155
411 157
412 158
412 159
412 161
412 162
413 163
413 165
413 166
413 168
413 169
414 170
414 172
414 173
414 175
414 176
414 178
415 179
415 181
415 182
415 183
415 185
415 186
415 188
415 190
415 191
415 193
415 194
415 196
415 197
415 199
415 201
415 202
415 204
415 205
415 207
415 208
415 210
415 212
415 213
414 215
414 217
414 219
414 221
414 222
414 224
413 226
413 227
413 229
413 230
413 232
413 233
413 235
412 237
412 238
412 240
412 242
412 243
412 245
412 246
412 248
412 249
411 250
411 252
411 253
411 254
411 255
410 257
410 258
410 259
409 260
409 261
409 262
408 263
408 264
408 265
407 266
406 266
406 267
405 267
404 267
403 268
402 268
401 268
400 268
399 268
397 268
396 268
394 268
392 268
390 268
388 268
386 268
384 267
382 267
379 267
377 267
374 267
372 267
369 267
367 267
364 267
361 267
358 267
355 267
352 267
349 267
346 267
344 267
341 267
338 267
335 267
333 267
330 267
327 267
325 267
322 267
320 267
317 267
315 268
312 268
310 268
307 268
305 268
302 268
300 268
297 268
295 268
292 269
290 269
288 269
285 269
283 269
281 269
279 270
277 270
275 270
272 270
270 270
268 270
266 270
264 270
263 270
261 270
259 270
257 270
256 271
254 271
252 271
251 271
249 271
247 271
246 271
244 271
243 271
242 271
240 271
239 271
238 271
237 271
236 271
235 271
234 271
233 270
232 270
231 270
230 270
229 269
229 268
228 268
228 267
227 267
227 266
227 265
226 264
226 263
226 262
225 261
225 260
225 258
225 257
224 255
224 253
224 251
224 248
224 246
223 244
223 241
223 239
223 236
222 234
222 231
222 228
222 226
221 223
221 220
221 217
220 214
220 211
220 209
219 206
219 203
218 200
218 197
218 195
217 192
217 189
217 186
216 183
216 180
216 178
215 175
215 172
215 170
215 167
214 165
214 162
214 160
214 157
214 155
214 152
214 150
214 147
214 145
214 143
214 140
214 138
214 135
214 133
214 131
214 129
214 127
213 125
213 122
213 120
213 118
213 116
213 114
213 112
212 111
212 109
212 108
212 106
212 105
212 104
212 103
212 102
212 101
212 100
212 99
212 98
212 97
