559
198 80
204 79
205 79
206 79
207 78
208 78
210 78
211 78
212 78
214 78
215 78
217 78
218 78
220 78
221 78
223 78
224 78
226 77
228 77
229 77
231 77
233 77
234 77
236 77
237 77
239 77
241 77
242 77
244 77
246 77
247 77
249 77
251 77
252 77
254 77
256 77
257 77
259 77
261 77
263 77
264 77
266 77
268 77
270 77
271 77
273 77
275 76
277 76
279 76
280 76
282 76
284 76
286 76
288 76
290 76
292 76
294 75
295 75
297 75
299 75
300 75
302 75
304 75
305 75
307 75
308 74
310 74
311 74
313 74
314 74
316 74
317 74
319 74
320 74
321 74
323 74
324 74
325 74
327 74
328 74
329 74
330 74
332 74
333 74
334 74
335 74
337 74
338 74
339 74
341 74
342 75
343 75
345 75
346 75
348 75
349 75
350 75
352 75
353 75
354 76
356 76
357 76
358 76
360 76
361 77
362 77
364 77
365 78
367 78
368 78
369 78
371 79
372 79
373 80
375 80
376 80
377 81
378 81
380 82
381 82
382 83
383 83
384 83
386 84
387 84
388 85
390 86
391 86
392 87
393 87
395 88
396 88
397 89
398 89
400 90
401 91
402 91
403 92
404 92
406 93
407 94
408 95
409 95
411 96
412 97
413 97
414 98
415 99
416 99
418 100
419 101
420 102
421 102
422 103
423 104
424 105
425 106
426 107
427 108
428 108
428 109
429 110
430 111
431 112
431 113
432 114
433 115
434 115
434 116
435 117
436 118
436 119
437 120
438 121
438 122
439 123
439 124
440 125
441 126
441 127
442 128
442 129
443 130
443 131
444 132
444 133
444 134
445 136
445 137
446 138
446 139
447 140
447 141
447 142
448 144
448 145
448 146
449 147
449 148
449 150
449 151
450 152
450 153
450 155
450 156
451 157
451 159
451 160
451 162
452 163
452 164
452 166
452 167
453 169
453 170
453 171
453 173
454 174
454 176
454 177
454 179
454 180
454 181
455 183
455 185
455 186
455 188
455 189
455 191
455 192
455 194
455 195
455 197
455 198
455 200
455 201
455 202
455 204
455 205
455 206
455 208
455 209
456 210
456 212
456 213
456 214
456 216
456 217
456 218
456 220
456 221
456 222
456 223
456 224
456 225
456 226
455 228
455 229
455 230
455 231
455 232
455 233
455 234
455 235
455 236
455 238
455 239
455 240
455 241
455 242
455 243
455 244
455 245
455 246
455 247
455 248
455 249
455 250
454 251
454 252
454 253
454 254
454 255
453 257
453 258
453 260
453 261
452 262
452 263
452 264
452 265
452 266
451 267
451 268
451 270
451 271
451 272
451 273
450 274
450 275
450 276
450 277
450 278
450 279
450 280
449 281
449 282
449 283
449 284
449 285
449 286
448 287
448 288
448 289
448 290
447 290
447 291
447 292
447 293
446 293
445 293
445 292
444 292
443 292
442 292
441 292
440 292
439 292
438 292
437 292
436 292
435 292
433 292
432 292
431 292
429 292
428 292
427 292
425 292
423 292
422 292
420 292
419 292
417 292
415 292
413 292
411 291
410 291
408 291
406 291
404 291
402 291
400 291
399 291
396 291
394 291
392 291
390 291
388 291
386 291
383 291
381 291
379 291
376 291
374 291
371 291
369 291
366 291
364 291
361 291
358 291
355 291
353 291
350 291
347 291
344 291
341 291
339 291
336 291
333 291
330 291
327 291
324 291
322 291
319 290
316 290
313 290
311 290
308 290
305 290
302 290
300 290
297 290
295 289
292 289
290 289
287 289
284 289
282 289
279 289
277 289
274 288
272 288
269 288
267 288
265 288
262 288
260 288
258 288
255 287
253 287
251 287
249 287
247 287
245 287
243 287
241 287
239 287
237 288
235 288
234 288
232 288
230 288
228 288
227 288
227 288
225 288
223 288
222 288
220 288
219 288
219 288
217 288
216 288
214 289
213 289
212 289
210 289
209 289
208 289
207 289
206 289
205 289
204 289
203 289
202 289
201 289
200 288
200 287
199 287
199 286
200 285
200 284
200 283
200 282
200 281
200 280
201 279
201 277
201 276
202 275
202 274
203 272
203 271
203 269
204 268
204 266
204 264
205 262
205 261
205 259
206 257
206 255
206 253
207 252
207 250
207 248
208 246
208 244
208 242
208 240
208 238
209 236
209 234
209 232
209 230
209 228
210 226
210 224
210 222
210 220
210 218
210 216
210 214
211 211
211 209
211 207
211 205
211 203
211 201
211 199
211 196
211 194
212 192
212 190
212 188
212 185
212 183
212 181
212 179
212 177
212 174
212 172
212 170
212 168
212 165
212 163
212 161
212 159
213 156
213 154
213 152
213 150
213 147
213 145
213 143
213 141
213 139
213 137
213 135
213 132
213 130
213 128
213 126
213 124
213 122
213 120
213 118
213 116
213 114
213 112
213 110
213 109
213 107
213 105
213 103
213 101
213 100
213 98
213 97
213 96
212 95
212 94
212 93
212 92
212 91
212 90
213 89
213 89
