286
224 79
228 78
229 78
230 78
231 78
232 78
233 78
234 78
235 78
236 78
237 79
239 79
240 79
241 79
243 79
244 79
246 79
247 79
249 79
250 79
252 79
254 79
255 79
257 79
259 79
261 79
263 79
265 79
267 79
269 78
271 78
273 78
275 78
277 78
279 77
281 77
283 77
286 77
288 76
290 76
292 76
294 76
297 76
299 75
302 75
304 75
306 75
309 74
311 74
313 74
315 74
318 73
320 73
322 73
325 73
327 73
330 73
332 73
335 73
337 74
339 74
342 74
344 74
346 74
349 75
351 75
353 76
356 76
358 76
360 77
362 77
364 78
366 79
368 79
370 80
372 81
374 82
375 83
377 83
379 84
381 85
382 86
384 87
385 89
387 90
388 91
389 92
391 94
392 95
393 96
394 98
395 99
396 101
397 102
399 104
400 106
401 107
401 109
402 110
403 112
404 114
405 115
406 117
406 119
407 121
408 123
408 125
409 126
409 128
410 130
411 132
411 134
411 136
412 138
412 139
413 141
413 143
413 145
414 147
414 149
415 151
415 153
416 155
416 157
416 159
417 161
417 162
417 164
418 166
418 168
418 170
418 172
418 174
419 176
419 178
419 180
419 182
419 184
419 186
419 188
420 190
420 192
420 194
420 195
420 197
420 199
421 201
421 203
421 205
421 206
421 208
421 210
421 211
421 213
421 214
421 216
421 217
421 219
421 220
421 221
421 223
421 224
421 225
422 226
422 227
422 228
422 229
421 229
420 229
419 229
418 229
417 229
416 230
414 230
413 230
411 230
409 231
406 231
404 232
401 232
398 232
395 233
392 233
389 234
385 234
382 235
378 235
374 235
371 236
367 236
363 237
359 237
354 238
350 238
346 238
342 239
338 239
334 239
330 240
326 240
322 241
318 241
315 241
311 242
307 242
304 243
300 243
297 243
293 244
290 244
287 245
284 245
282 245
279 245
276 246
274 246
272 246
270 247
268 247
266 247
265 247
263 247
262 248
261 248
260 248
259 248
258 248
257 247
257 246
256 246
256 245
256 244
255 243
255 241
254 240
254 238
253 236
253 233
252 231
251 228
251 225
250 222
249 219
249 215
248 212
247 208
246 204
245 200
244 197
243 193
242 189
241 184
240 180
239 176
239 172
238 168
237 163
236 159
235 155
234 150
234 146
233 142
232 138
231 133
230 129
230 125
229 121
228 117
227 113
227 109
226 106
226 102
225 99
225 96
224 93
224 91
224 88
223 86
223 84
223 82
223 81
223 80
223 79
222 78
222 77
222 78
