438
285 67
291 68
292 68
293 68
295 68
296 68
297 68
299 68
300 68
302 68
303 68
305 68
306 68
308 68
309 68
311 68
313 68
315 68
317 67
319 67
323 67
325 67
327 67
329 67
330 66
332 66
334 66
335 66
337 66
338 66
340 66
341 66
343 66
344 66
345 66
346 67
348 67
349 67
350 67
352 67
353 67
354 67
356 67
357 67
359 66
360 66
361 66
363 66
364 66
366 66
367 66
369 66
370 66
372 66
373 66
375 66
376 66
378 66
379 67
381 67
382 67
384 67
385 67
386 67
387 67
389 67
390 67
391 67
392 67
393 67
394 67
395 67
396 67
397 67
398 67
399 67
400 67
401 68
402 68
403 68
404 68
405 68
406 68
407 69
408 69
409 69
410 69
411 69
412 70
413 70
414 70
415 70
415 71
416 71
417 71
418 72
419 72
420 72
421 73
422 73
423 74
425 74
426 75
427 75
428 75
429 76
430 76
431 77
432 77
433 78
434 78
435 79
436 79
437 80
438 80
438 81
439 82
440 82
441 83
442 84
443 84
443 85
444 86
445 87
445 88
446 88
447 89
447 90
448 90
449 91
449 92
450 92
450 93
451 94
452 94
452 95
453 96
454 97
454 98
455 99
456 99
456 100
457 101
458 102
458 103
459 103
459 104
460 105
460 106
461 107
461 108
462 109
462 110
463 111
463 112
463 113
464 114
464 116
464 117
465 118
465 119
465 120
465 121
465 122
466 123
466 124
466 125
466 126
466 128
466 129
466 130
467 131
467 133
467 134
467 135
467 136
467 137
467 138
467 139
467 141
467 142
467 143
467 144
467 146
467 147
467 148
467 149
467 151
467 152
467 153
467 155
466 156
466 157
466 159
466 160
466 161
466 163
466 164
466 166
466 167
466 169
466 170
466 172
467 173
467 175
467 176
467 178
467 179
467 180
467 182
467 183
467 185
467 186
467 187
467 189
467 190
467 192
466 193
466 195
466 196
466 198
466 199
466 201
465 202
465 203
465 205
465 206
465 207
465 209
464 210
464 211
464 213
464 214
464 216
463 217
463 218
463 220
462 221
462 222
462 223
461 225
461 226
461 227
461 228
460 228
460 229
460 230
460 231
459 232
459 233
458 234
457 234
456 234
455 234
454 234
453 234
452 234
451 234
450 234
449 234
448 234
446 234
445 234
443 233
441 233
439 233
438 233
436 233
434 233
432 233
430 233
428 233
426 233
423 233
421 233
419 233
417 233
415 234
413 234
411 234
408 234
406 234
404 234
402 234
400 234
398 234
396 234
394 234
392 234
389 234
387 234
385 234
383 235
380 235
378 235
375 235
373 235
371 235
368 235
366 235
364 235
362 235
360 236
357 236
355 236
352 236
350 236
347 236
345 236
343 236
340 236
338 236
336 236
334 237
332 237
329 237
327 237
325 237
323 237
321 237
319 237
318 237
316 237
314 237
313 237
311 237
310 237
308 237
307 237
305 237
304 237
303 237
302 237
300 237
299 237
298 237
297 237
296 237
295 237
295 236
294 236
294 235
293 234
293 233
293 232
292 231
292 230
292 229
292 228
291 226
291 225
291 224
291 222
291 221
290 219
290 218
290 216
289 215
289 213
289 211
288 209
288 208
287 206
287 204
287 202
286 201
286 199
286 197
285 195
285 193
285 191
285 189
285 187
285 185
284 183
284 181
284 179
284 177
284 174
284 172
284 170
284 168
284 166
284 164
284 162
284 159
284 157
284 155
284 153
284 151
284 148
284 146
284 144
284 142
284 140
284 138
284 136
284 134
284 132
284 130
284 128
284 125
284 123
284 121
284 119
284 117
284 115
284 113
284 110
284 108
284 106
284 105
284 103
284 101
284 99
284 97
284 96
284 94
284 92
285 91
285 89
285 88
285 86
285 85
285 84
285 82
285 81
285 80
285 79
286 78
286 77
286 76
286 75
286 74
286 73
286 72
285 72
284 72
