331
348 93
353 91
354 91
355 91
356 91
357 90
359 90
360 90
362 90
363 90
365 90
366 89
368 89
370 89
372 89
373 89
375 89
377 89
379 88
381 88
383 88
384 88
386 88
388 88
389 87
391 87
393 87
394 87
396 87
397 87
399 87
400 86
402 86
403 86
404 86
406 86
407 86
409 86
410 86
412 86
414 86
415 85
417 85
419 85
420 85
422 85
424 85
425 85
426 85
428 85
429 85
430 85
432 85
433 85
434 85
435 85
437 85
438 85
439 86
440 86
442 86
443 86
444 86
446 86
447 86
448 87
449 87
450 87
452 87
453 88
454 88
455 89
456 89
457 89
458 90
460 90
461 91
462 91
464 92
465 92
466 93
468 93
469 94
471 94
472 95
474 95
475 96
476 96
478 97
479 97
480 98
481 99
482 99
483 100
484 101
485 101
485 102
486 103
487 104
488 104
489 105
490 106
491 107
492 108
492 109
493 110
494 111
495 112
495 113
496 114
497 116
497 117
498 118
498 119
499 121
499 122
500 123
500 124
501 126
501 127
501 128
502 130
502 131
503 133
503 134
503 136
503 137
504 139
504 140
504 142
504 144
504 145
504 147
505 149
505 150
505 152
505 153
505 155
505 157
505 159
504 161
504 163
504 165
504 167
504 169
504 170
504 172
504 174
504 176
504 178
504 180
504 182
504 184
503 186
503 188
503 191
503 193
503 195
503 197
502 199
502 201
502 203
502 205
502 206
502 208
502 210
502 212
502 214
501 215
501 217
501 219
501 220
501 221
501 223
501 224
500 225
500 226
500 227
500 228
499 228
499 229
498 230
497 230
497 231
496 231
495 231
494 231
493 231
492 231
491 232
490 232
489 232
487 232
486 232
484 232
482 232
481 232
479 232
477 232
475 232
473 232
471 232
469 233
466 233
464 233
462 233
459 233
457 233
454 234
452 234
449 234
447 234
445 234
442 234
440 234
437 234
434 234
432 235
429 235
427 235
425 235
422 235
420 235
417 235
415 236
412 236
410 236
407 236
405 236
402 237
400 237
398 237
395 238
393 238
391 238
389 239
387 239
385 239
383 240
381 240
379 240
377 240
375 241
373 241
371 241
369 241
368 241
367 241
365 242
364 242
363 241
362 241
361 240
361 239
360 239
360 238
360 237
360 236
359 235
359 234
359 233
358 232
358 230
358 229
357 227
357 225
357 224
356 222
356 219
355 217
355 215
355 213
354 211
354 208
354 206
353 204
353 202
353 199
353 197
352 194
352 192
352 189
351 187
351 184
351 182
351 180
351 177
350 175
350 173
350 170
350 168
350 166
351 163
351 161
351 158
351 156
351 153
351 151
351 149
351 147
352 144
352 142
352 140
352 138
352 135
352 133
352 131
352 129
352 127
352 125
352 123
352 121
352 119
352 118
352 116
352 114
352 112
352 111
352 109
352 108
352 106
352 105
352 104
352 103
352 102
352 101
352 100
352 99
352 98
352 97
352 96
