355
339 80
343 80
344 80
345 79
346 79
347 79
349 79
350 79
351 79
353 79
354 79
356 79
358 79
359 79
361 78
362 78
364 78
366 78
367 78
369 78
370 78
372 78
374 77
375 77
377 77
379 77
380 77
382 77
383 77
385 77
386 76
388 76
389 76
391 76
392 76
393 76
395 76
396 76
397 76
399 76
400 76
402 75
403 75
405 75
407 75
408 75
410 75
412 75
413 75
415 75
416 75
418 75
419 75
420 75
422 75
423 75
425 75
426 74
427 74
429 74
430 74
432 74
433 74
435 74
436 74
438 74
439 74
441 74
442 74
444 74
445 75
446 75
448 75
449 75
451 75
452 75
454 75
455 75
456 76
458 76
459 76
460 76
462 76
463 77
464 77
465 77
467 77
468 78
469 78
470 78
472 79
473 79
474 79
476 80
477 80
478 81
480 81
481 82
482 82
483 83
484 84
485 84
486 85
487 85
489 86
490 87
491 87
492 88
493 89
494 90
495 90
496 91
497 92
498 93
499 93
500 94
501 95
501 96
502 97
503 98
504 98
504 99
505 100
506 101
506 102
507 103
507 104
508 105
509 106
509 107
510 108
510 109
511 111
511 112
512 113
512 114
513 116
513 117
514 118
514 120
515 121
515 123
516 124
516 126
516 128
517 129
517 131
517 132
518 134
518 135
518 137
519 139
519 140
519 142
519 144
520 145
520 147
520 149
520 151
520 152
521 154
521 156
521 158
521 160
521 162
521 164
521 166
521 168
521 170
521 172
521 174
521 176
521 178
521 179
521 181
521 183
521 185
521 187
521 188
520 190
520 192
520 194
520 196
519 198
519 200
519 201
518 203
518 205
518 206
517 208
517 209
517 210
517 211
517 212
517 213
516 214
516 215
516 216
516 217
516 218
515 218
514 218
513 218
512 218
511 218
510 218
509 218
508 217
507 217
505 217
504 217
502 217
500 217
498 217
496 217
494 217
492 217
489 217
487 218
484 218
482 218
479 218
476 218
473 218
471 218
468 218
465 218
462 218
459 218
456 218
452 218
449 218
446 218
443 219
440 219
437 219
434 219
431 219
428 219
426 219
423 219
420 219
418 219
415 219
413 219
411 219
409 220
407 220
405 220
403 220
401 220
399 221
397 221
396 221
394 221
393 222
391 222
390 222
388 222
387 223
386 223
385 223
383 223
382 224
381 224
380 224
379 224
378 224
377 224
376 224
375 224
374 224
373 223
372 223
371 223
370 223
369 223
368 222
367 222
366 222
365 222
364 222
363 221
362 221
361 221
360 221
359 221
358 220
357 219
356 218
356 217
355 216
355 215
355 214
355 212
355 211
355 209
354 207
354 205
354 203
354 201
353 198
353 196
353 193
353 190
353 187
353 185
352 182
352 179
352 177
352 174
352 172
351 169
351 167
351 164
350 161
350 158
350 156
350 153
349 151
349 148
349 146
348 143
348 141
348 139
348 137
347 134
347 132
347 130
347 128
347 125
347 123
347 121
347 119
347 117
346 115
346 113
346 111
346 109
346 107
346 105
346 104
346 102
346 101
346 99
345 98
345 97
345 96
345 95
344 94
344 93
344 92
344 91
343 90
343 89
