278
187 96
192 96
193 96
194 96
195 96
196 95
197 95
199 95
200 95
201 95
203 94
205 94
207 94
208 94
210 93
212 93
214 93
217 93
219 92
221 92
223 92
225 91
227 91
229 91
232 91
234 90
236 90
238 90
241 90
243 89
246 89
248 89
250 89
253 88
255 88
258 88
260 88
262 88
265 87
267 87
270 87
272 87
275 87
277 86
279 86
282 86
284 86
286 86
289 85
291 85
293 85
296 85
298 85
300 85
303 85
305 85
307 85
309 85
311 85
313 85
316 85
318 85
320 85
322 85
324 85
326 85
328 85
330 86
332 86
334 86
335 87
337 87
339 87
341 88
342 88
344 89
345 89
347 90
348 91
350 92
351 92
352 93
353 94
355 95
356 96
357 97
358 98
359 99
360 101
360 102
361 103
362 104
363 105
364 107
365 108
366 109
366 111
367 112
368 114
368 115
369 117
370 118
370 120
371 122
372 123
373 125
373 127
374 129
374 131
375 132
376 134
376 136
377 137
377 139
378 141
378 143
379 145
379 146
380 148
380 150
381 152
381 154
382 156
382 158
382 160
383 162
383 164
383 166
384 168
384 170
384 172
384 175
385 177
385 179
385 182
385 184
385 189
386 191
386 193
386 196
386 198
386 200
386 202
387 205
387 207
387 209
387 211
387 213
387 215
387 217
388 219
388 220
388 222
388 224
389 225
389 227
389 228
390 229
390 230
390 231
390 232
390 233
390 234
390 235
389 236
388 236
387 236
386 236
385 236
384 236
382 237
381 237
379 237
377 237
374 238
372 238
369 239
366 239
363 239
360 240
357 241
353 241
350 242
346 242
342 243
338 244
334 244
330 245
326 245
322 246
317 247
313 247
309 248
304 249
300 249
296 250
291 251
287 252
283 253
278 253
274 254
270 255
266 256
262 257
259 257
255 258
252 259
249 259
246 260
243 261
241 261
238 262
236 262
234 263
233 263
231 263
230 264
229 264
228 264
227 264
226 264
226 263
226 262
226 261
226 260
226 258
225 257
225 255
225 253
225 251
224 248
224 245
224 242
223 239
223 236
222 232
221 229
221 225
220 221
219 216
218 212
217 207
216 203
215 198
213 194
212 189
211 184
210 180
209 175
208 171
207 166
206 162
205 157
204 153
204 148
203 144
202 140
202 136
201 132
200 128
200 124
199 120
199 117
199 114
198 111
198 108
198 106
197 103
197 101
197 99
196 97
196 96
196 94
196 93
195 92
195 91
194 91
194 92
