247
210 90
214 89
215 89
216 89
218 89
219 88
220 88
222 88
223 87
225 87
227 87
229 86
231 86
233 86
235 85
237 85
239 85
242 85
244 84
247 84
249 84
252 84
254 83
257 83
259 83
262 83
265 83
267 82
270 82
272 82
275 82
277 82
280 82
282 82
285 82
288 82
290 82
293 82
295 82
298 83
301 83
303 83
306 83
308 84
311 84
313 84
316 85
318 85
321 86
323 86
326 86
328 87
330 88
333 88
335 89
337 89
339 90
341 91
343 92
345 93
347 94
349 95
351 96
353 97
354 98
356 99
358 101
359 102
361 103
362 105
363 106
365 108
366 109
367 111
368 113
369 114
371 116
372 118
373 120
374 122
375 123
376 125
377 127
377 129
378 131
379 133
379 135
380 137
381 139
381 141
382 144
382 146
383 148
383 150
384 152
384 154
385 156
385 158
386 160
387 162
387 165
388 167
388 169
389 171
389 173
390 175
390 177
391 180
391 182
391 184
392 186
392 188
392 190
392 193
392 195
392 197
392 199
392 201
392 203
392 205
392 207
392 209
392 211
392 212
392 214
392 216
392 217
393 219
393 220
393 221
393 223
393 224
393 225
393 226
393 227
393 228
393 229
393 230
392 230
391 230
390 230
389 230
387 230
386 230
384 230
382 231
380 231
378 231
375 231
372 231
369 232
366 232
363 232
359 232
356 233
352 233
348 233
344 234
340 234
335 234
331 235
327 235
322 236
318 236
313 236
309 237
304 237
300 238
296 238
291 238
287 239
283 239
279 239
275 240
272 240
268 240
265 241
262 241
259 241
256 241
254 242
252 242
250 242
248 242
246 242
245 242
244 243
243 243
242 243
241 243
240 243
239 243
238 242
238 241
238 240
238 239
237 238
237 236
236 234
236 232
236 230
235 228
234 225
234 223
233 220
232 216
232 213
231 210
230 206
229 202
228 199
227 195
226 191
225 186
224 182
223 178
222 174
221 170
219 166
218 161
217 157
216 153
215 149
214 145
213 141
212 137
211 133
210 130
209 126
208 122
208 119
207 116
207 113
206 110
205 107
205 105
204 103
204 101
204 99
203 97
203 96
203 94
203 93
202 92
202 91
202 90
201 91
