258
260 139
264 140
267 140
270 140
273 139
276 139
279 139
282 139
285 139
288 139
291 139
294 139
297 139
300 139
303 139
307 139
310 139
313 139
316 139
319 139
322 139
325 139
328 139
331 139
334 139
337 139
340 139
343 139
346 139
349 139
352 139
355 139
358 139
361 139
365 139
368 139
371 139
374 139
377 139
380 139
382 140
385 140
388 140
390 141
393 141
395 142
398 143
400 144
402 145
404 146
406 147
408 148
410 150
412 151
414 152
416 153
418 155
420 156
422 158
424 160
425 162
427 164
428 166
429 168
430 170
431 172
432 174
434 176
435 178
436 180
437 182
438 184
439 186
440 188
441 190
442 192
443 195
443 198
444 200
444 203
445 205
445 208
446 210
446 213
446 216
446 219
446 222
446 225
446 228
446 231
445 233
445 236
445 239
445 242
444 244
444 247
444 250
444 253
444 256
443 258
443 261
443 264
442 266
442 269
442 272
442 276
442 279
441 281
441 284
441 287
440 289
440 292
439 294
439 297
438 299
437 302
437 305
436 307
436 310
436 313
435 315
435 318
435 322
434 324
433 327
433 330
432 332
432 335
431 337
431 340
430 343
430 346
429 348
429 351
429 354
429 357
428 360
425 360
423 361
420 361
417 361
414 361
412 362
409 362
405 362
402 362
399 362
396 362
393 362
389 362
386 362
383 362
379 362
376 362
373 362
370 362
366 362
363 362
359 362
356 363
352 363
348 363
344 363
340 363
337 363
333 363
331 362
327 362
323 362
319 362
315 362
311 362
308 362
304 362
301 361
298 361
295 361
291 361
288 361
284 360
281 360
278 360
274 360
271 359
267 359
263 359
260 359
258 358
255 358
251 358
249 357
246 357
243 357
240 357
238 356
237 354
237 351
238 348
238 345
238 342
238 339
239 337
239 334
239 331
240 329
240 326
241 324
241 321
242 318
242 315
243 311
243 307
244 304
244 300
245 296
245 293
246 291
246 288
247 286
248 283
248 279
249 277
249 273
250 269
250 265
250 262
251 260
251 256
251 253
251 249
251 246
251 242
252 240
252 236
252 233
252 229
253 226
253 222
253 219
253 215
253 212
253 208
254 205
254 202
254 199
254 196
254 192
254 189
255 186
256 182
256 178
257 176
257 173
258 170
258 167
259 165
258 163
257 162
