319
338 99
344 101
345 101
346 101
348 101
350 100
352 100
354 100
356 100
358 99
360 99
362 99
365 99
367 98
369 98
371 98
374 98
376 98
378 97
380 97
382 97
384 97
386 97
389 96
391 96
393 96
395 96
397 96
399 95
401 95
403 95
405 95
406 94
408 94
409 94
411 94
412 94
414 94
416 93
417 93
419 93
421 93
422 93
424 93
426 93
428 93
429 93
431 93
433 93
435 93
437 94
439 94
441 94
443 94
445 95
447 95
449 95
451 95
453 96
454 96
456 97
458 97
459 97
460 98
462 98
463 99
464 99
465 100
466 100
467 101
469 102
470 102
471 103
472 104
474 104
475 105
476 106
477 107
478 107
480 108
481 109
482 110
484 111
486 112
487 113
489 114
490 116
492 117
494 118
495 119
496 120
497 121
498 123
499 124
500 125
501 126
502 128
502 129
503 130
504 132
505 133
506 135
506 136
507 138
507 139
508 141
509 143
509 144
510 146
510 147
511 149
512 150
512 152
512 154
513 155
513 157
514 159
514 160
514 162
515 164
515 166
515 167
516 169
516 171
516 172
517 174
517 176
517 177
517 179
518 180
518 182
518 184
519 185
519 187
519 188
520 190
520 192
521 193
521 195
521 196
521 198
521 199
522 201
522 202
522 203
522 205
522 206
522 208
522 209
522 211
522 212
522 214
522 216
522 217
522 219
522 220
522 222
522 223
522 224
522 225
522 226
522 227
522 228
522 229
522 230
522 231
522 232
522 233
522 234
522 235
521 235
520 235
519 235
518 235
517 235
516 235
514 235
513 235
511 235
509 235
508 234
506 234
504 234
501 234
499 234
497 234
494 234
492 234
489 233
487 233
484 233
481 234
479 234
476 234
473 234
471 234
468 234
465 234
462 234
460 234
457 234
455 235
452 235
449 235
447 235
444 236
442 236
439 236
437 237
434 237
431 237
429 238
426 238
423 239
418 240
415 240
412 241
410 241
407 242
405 242
402 243
400 243
397 244
395 244
393 244
391 245
389 245
387 245
385 245
383 245
382 245
380 245
379 245
377 245
376 245
375 245
374 244
373 244
372 243
372 242
371 242
370 241
370 240
369 239
369 237
369 236
368 235
368 233
367 232
367 230
366 228
366 226
365 224
365 221
364 219
364 217
363 215
363 212
362 210
362 208
361 206
361 203
360 201
360 199
359 197
359 194
358 192
358 190
357 187
357 185
357 183
357 181
357 179
357 177
356 175
356 173
356 170
356 168
355 166
355 164
355 162
355 160
354 158
354 156
354 155
353 153
353 151
353 149
353 148
353 146
352 144
352 142
352 140
352 139
352 137
351 135
351 133
351 132
351 130
351 129
351 127
351 125
351 124
351 122
351 121
351 120
351 118
351 117
351 116
351 114
351 113
350 112
350 111
350 110
350 109
350 108
350 107
351 106
351 105
