244
243 155
248 155
251 155
254 155
258 155
261 155
264 155
267 155
269 154
272 154
275 154
278 154
281 154
284 154
288 154
291 153
294 153
298 153
301 153
304 153
308 153
311 153
314 153
317 153
320 153
323 153
326 152
329 152
332 153
335 153
338 153
341 153
344 153
347 153
350 153
353 153
357 153
360 153
363 153
365 154
368 154
371 154
373 155
376 155
378 156
380 157
383 158
386 158
388 159
390 160
393 160
395 161
397 162
400 163
402 164
404 165
406 166
408 168
410 170
412 172
414 174
415 176
417 177
418 179
420 180
421 182
422 184
423 186
424 188
425 190
426 192
427 194
427 197
428 199
429 201
429 204
430 206
430 209
431 211
431 214
432 216
432 219
432 222
432 225
432 228
432 231
432 234
431 237
431 240
431 243
431 246
431 249
431 252
431 255
431 258
432 260
432 263
432 266
432 269
432 272
432 275
432 278
432 281
432 284
432 287
432 290
432 293
431 295
431 298
431 301
431 304
431 307
431 310
430 313
430 316
430 319
430 322
430 325
430 328
430 331
431 333
431 336
432 338
432 341
432 344
432 347
432 350
430 349
427 349
424 349
421 349
419 350
417 349
414 349
411 349
408 349
405 349
401 349
398 349
395 349
393 348
389 348
386 348
382 348
378 348
374 348
370 348
367 347
364 347
361 347
357 347
354 347
350 347
347 347
344 347
340 347
336 346
332 346
328 346
325 346
321 346
317 346
314 346
311 346
308 346
305 346
302 346
299 346
296 346
292 346
289 346
286 346
283 346
280 346
276 346
273 346
270 346
267 346
264 346
261 346
259 347
256 347
252 347
249 347
246 348
243 348
240 348
239 346
238 344
238 341
238 338
237 336
237 333
237 330
237 327
237 324
237 321
237 318
237 315
238 313
238 310
238 306
239 303
239 300
239 296
239 292
240 289
240 285
240 282
241 280
241 277
241 273
241 270
241 266
241 263
241 260
241 257
241 253
241 250
242 246
242 243
242 239
243 236
243 233
244 230
244 227
245 225
245 221
246 218
246 215
247 212
247 209
247 206
248 203
248 199
248 196
248 193
249 190
249 186
250 184
250 181
251 179
251 176
251 175
