512
242 43
247 42
248 42
249 42
250 42
251 42
253 42
254 41
255 41
257 41
258 41
260 41
261 41
263 41
264 41
266 41
267 41
269 41
271 41
272 41
274 41
275 41
277 40
278 40
280 40
282 40
283 40
285 40
287 40
288 40
290 40
291 40
293 40
295 40
296 40
298 40
299 40
301 40
302 40
304 40
306 40
307 40
309 40
310 40
312 40
314 39
315 39
317 39
318 39
320 39
321 39
323 39
325 38
326 38
328 38
329 38
331 38
332 38
333 38
335 38
336 38
338 38
339 38
341 38
342 37
344 37
345 37
346 37
348 37
349 37
350 37
352 37
353 37
355 37
356 37
357 37
359 37
360 37
361 37
363 37
364 37
365 37
367 37
368 37
369 37
371 37
372 37
373 37
375 38
376 38
377 38
378 38
380 38
381 38
382 38
384 39
385 39
386 39
387 40
389 40
390 40
392 41
393 41
395 41
396 42
397 42
399 42
400 43
401 43
403 44
404 44
405 45
407 46
408 46
410 47
411 48
413 48
414 49
416 50
417 51
419 51
421 52
422 53
424 54
426 55
427 56
429 57
430 58
432 59
433 60
435 61
436 62
438 63
439 64
441 65
442 66
444 67
445 68
447 69
448 70
450 71
451 72
453 73
454 74
455 75
456 76
458 78
459 79
460 80
461 81
462 82
463 83
464 85
465 86
466 87
467 88
468 89
468 90
469 91
470 92
471 93
471 94
472 95
473 97
473 98
474 99
474 100
475 101
475 102
475 103
476 105
476 106
476 107
477 108
477 109
477 111
478 112
478 113
478 114
478 115
478 116
479 117
479 118
479 119
479 120
479 121
479 123
479 124
479 125
480 126
480 127
480 128
480 130
480 131
480 132
480 133
480 135
480 136
480 138
481 139
481 140
481 142
481 143
481 145
481 146
480 148
480 149
480 151
480 152
480 154
480 156
479 158
479 160
479 161
479 163
479 165
478 167
478 169
478 171
478 172
478 174
478 176
477 178
477 180
477 182
477 184
477 186
477 188
476 189
476 191
476 193
476 195
476 197
476 199
476 200
475 202
475 204
475 205
475 207
475 209
475 210
475 212
475 214
475 216
475 217
475 219
475 220
475 222
475 223
475 225
475 226
475 228
475 229
475 231
475 232
475 234
475 235
475 237
475 239
475 240
475 242
475 244
475 245
475 247
475 249
475 250
475 252
475 253
474 255
474 256
474 258
474 260
474 261
474 263
474 264
474 265
474 267
473 268
473 269
473 270
473 271
473 272
473 273
473 274
473 275
473 276
473 277
472 277
471 277
470 277
469 277
468 277
467 277
466 277
465 277
464 277
463 277
462 277
460 277
459 277
458 277
456 277
454 277
453 277
451 277
449 277
447 277
445 277
443 277
441 277
439 277
437 277
435 276
432 276
430 276
428 276
425 276
423 276
421 276
418 275
416 275
413 275
410 275
408 275
405 275
403 275
400 274
398 274
395 274
392 274
390 274
387 274
384 273
381 273
379 273
376 273
373 273
370 273
367 273
364 273
361 273
358 273
355 272
353 272
350 272
347 272
344 272
341 272
338 272
335 272
332 272
329 272
326 272
324 271
321 271
318 271
315 271
313 271
310 271
307 271
305 271
302 271
300 271
297 271
295 271
292 271
290 271
287 271
285 271
283 272
280 272
278 272
276 272
274 272
272 273
270 273
268 273
266 273
264 273
262 274
261 274
259 274
257 274
256 274
255 274
253 274
252 274
251 274
250 275
249 275
248 275
248 274
247 274
246 274
246 273
246 272
245 271
245 270
245 269
245 268
245 267
245 266
245 265
245 263
244 262
244 261
244 260
244 258
244 257
244 255
244 254
244 252
244 251
244 249
244 247
244 246
244 244
244 242
244 240
244 238
244 236
244 234
244 232
244 230
244 229
243 227
243 225
243 223
243 221
243 219
243 217
243 215
243 213
242 211
242 209
242 207
242 205
242 205
242 202
242 200
242 198
242 196
242 196
242 194
242 192
242 189
242 187
242 185
242 183
242 181
241 178
241 176
241 174
241 172
241 169
241 167
241 165
241 162
241 160
241 157
241 155
241 152
241 150
241 147
241 145
241 142
241 140
241 137
241 135
241 132
241 130
241 127
241 124
241 122
241 119
242 117
242 114
242 112
242 109
242 106
243 104
243 101
243 99
243 96
243 94
243 91
244 89
244 87
244 84
244 82
244 80
244 77
244 75
244 73
244 70
245 68
245 66
245 64
245 62
245 60
244 58
244 57
244 55
244 54
244 53
244 52
244 51
244 50
243 49
243 48
242 48
242 48
