259
163 99
169 99
170 99
171 99
172 99
174 98
175 98
177 98
178 98
180 97
182 97
184 97
186 97
188 96
191 96
193 96
195 95
198 95
200 95
203 94
205 94
208 94
211 94
213 94
216 94
219 94
222 94
225 94
227 94
230 93
233 93
236 93
238 94
241 94
244 94
247 94
250 94
253 94
256 94
259 95
262 95
265 95
268 96
271 96
274 97
277 97
280 98
284 98
287 99
290 99
293 100
295 101
298 101
301 102
303 103
306 104
308 105
311 106
313 107
315 108
318 109
320 110
322 112
324 113
326 114
328 116
330 117
332 119
333 120
335 122
337 124
338 125
339 127
341 128
342 130
343 132
344 133
346 135
347 137
348 138
349 140
350 142
351 144
351 145
352 147
353 149
354 151
355 153
355 155
356 157
356 159
357 161
358 163
358 165
358 168
359 170
359 172
360 174
360 177
360 179
360 182
361 184
361 186
361 189
361 191
361 193
362 196
362 198
362 201
362 204
362 206
362 209
362 211
362 214
362 216
362 218
362 221
363 223
363 225
363 227
363 230
363 232
363 234
363 236
363 238
363 240
363 242
363 244
362 246
362 248
362 250
362 251
362 253
362 255
362 257
362 258
362 260
362 261
362 262
362 263
362 265
362 266
362 267
362 268
362 269
362 270
361 270
360 270
359 270
358 270
357 270
356 270
354 270
352 270
350 270
348 270
346 271
343 271
340 271
337 271
334 271
330 272
327 272
323 272
319 272
315 272
311 272
306 273
302 273
298 273
293 273
288 273
283 273
278 274
273 274
268 274
264 274
259 275
253 275
248 275
244 276
239 276
234 277
229 277
225 278
221 278
217 278
213 279
209 279
206 280
203 280
201 280
198 281
196 281
194 281
192 281
191 281
189 281
188 281
187 281
186 281
185 280
185 279
185 278
184 277
184 276
184 275
183 273
183 272
182 270
182 268
181 265
181 262
180 259
179 256
178 252
177 248
176 244
176 240
175 235
174 230
172 226
171 221
170 216
169 211
168 206
167 200
166 195
165 190
164 185
163 180
162 175
162 170
161 166
160 161
160 156
159 152
159 147
158 143
158 139
157 135
157 131
157 127
156 124
156 120
155 117
155 114
155 111
154 109
154 106
154 104
154 103
154 101
153 100
153 98
153 97
153 96
153 97
153 98
