430
217 70
221 69
222 69
223 69
224 69
225 69
226 69
227 69
228 69
229 69
230 69
232 69
233 69
235 69
236 69
238 69
239 69
240 69
242 69
243 68
244 68
246 68
247 68
248 68
250 68
251 68
253 68
255 68
256 68
258 68
259 68
261 68
262 68
263 68
265 68
266 68
267 68
269 68
270 68
272 68
273 68
275 68
276 68
278 68
280 68
281 68
283 68
284 68
286 68
288 68
289 68
291 68
293 68
294 68
296 68
298 68
300 68
302 68
303 68
305 68
307 68
308 68
310 68
311 68
313 68
314 68
316 68
317 68
319 68
320 68
322 68
323 68
325 68
326 68
328 68
329 69
330 69
331 69
332 69
333 69
334 70
335 70
336 70
337 71
338 71
339 71
340 71
341 71
342 72
343 72
345 72
346 72
347 72
348 73
349 73
350 73
351 73
352 73
353 74
354 74
355 74
356 75
357 75
358 75
359 76
360 76
361 77
362 77
363 78
364 78
365 79
367 79
368 80
369 81
370 81
372 82
373 83
374 83
375 84
376 85
377 86
378 87
379 87
380 88
380 89
381 89
382 90
383 90
384 91
385 91
385 92
386 92
387 92
387 93
388 93
389 94
390 95
391 95
391 96
392 97
393 97
393 98
394 98
395 99
395 100
396 101
397 102
397 103
398 104
399 105
399 106
400 107
401 108
402 109
402 110
403 111
404 112
405 112
405 113
406 114
406 115
407 116
408 116
408 117
409 118
409 119
410 120
410 121
411 122
411 123
412 124
412 125
413 126
413 127
413 128
414 130
414 131
414 132
415 133
415 134
415 135
415 136
416 137
416 138
416 139
416 140
416 141
416 143
416 144
416 145
416 146
416 147
416 149
416 150
416 151
416 152
416 154
416 155
417 156
416 157
416 158
416 159
416 160
416 161
417 162
417 164
417 165
417 166
417 168
417 169
417 170
417 172
417 173
417 174
417 176
417 177
417 178
417 179
417 180
416 181
416 183
416 184
416 185
416 186
416 187
416 188
416 189
416 190
416 192
416 193
416 194
416 195
416 197
416 198
416 199
416 201
416 202
416 203
415 205
415 206
415 207
415 208
415 209
415 210
415 211
415 212
415 213
414 214
414 215
414 216
414 218
414 219
414 220
414 221
414 222
414 223
414 224
414 225
414 226
414 227
414 228
414 229
414 230
414 231
414 232
414 233
414 234
414 235
414 236
414 237
413 237
412 237
411 237
410 237
409 237
408 237
407 237
406 237
405 237
403 237
402 237
400 237
399 237
397 237
395 237
392 237
390 237
388 237
385 237
383 237
380 237
377 237
375 237
372 237
369 237
366 237
363 237
360 237
358 237
355 237
352 237
349 237
346 237
343 237
340 237
337 237
334 237
330 237
327 237
324 237
321 237
318 237
315 237
312 237
309 237
306 237
303 237
300 237
297 237
294 237
292 237
289 237
287 237
285 237
282 237
280 237
278 237
276 237
274 237
273 237
271 237
270 237
269 236
268 236
267 236
266 236
265 236
264 236
263 236
262 236
262 235
262 234
262 233
262 232
262 231
261 231
261 230
261 229
261 228
261 227
261 226
261 225
261 224
260 223
260 222
260 221
260 219
260 217
260 216
259 214
259 212
259 211
259 209
259 208
259 206
259 204
258 203
258 201
258 199
258 197
258 195
258 192
258 190
258 188
258 186
258 184
258 182
258 179
258 177
258 175
258 172
258 170
258 167
258 165
258 163
258 161
258 158
258 156
258 154
258 151
258 149
258 146
258 144
258 141
257 139
257 136
257 134
257 131
257 129
257 127
257 124
257 121
256 119
256 117
256 115
255 113
255 110
255 108
255 106
254 104
254 102
254 100
253 98
253 96
253 94
253 93
252 91
252 90
252 89
252 88
252 87
251 86
251 85
251 84
251 83
251 82
251 81
251 80
251 81
250 82
