495
178 75
181 75
182 75
183 75
184 75
185 75
186 75
187 75
188 75
189 75
191 75
192 75
193 75
194 75
195 75
196 75
197 75
198 75
199 75
200 75
201 75
202 75
204 75
206 75
207 75
209 75
211 75
213 75
214 75
216 75
217 75
219 75
221 75
222 75
223 75
225 75
227 75
228 75
230 75
232 75
234 75
235 74
237 74
239 74
240 74
242 74
244 74
245 74
247 74
249 74
251 74
253 74
255 74
257 74
259 74
261 74
263 74
266 74
268 74
271 74
274 74
277 74
279 74
282 74
285 74
287 74
290 73
292 73
295 73
298 73
300 73
303 73
305 73
308 73
310 73
312 73
314 73
316 73
318 73
320 73
321 72
323 72
324 72
326 72
327 72
328 72
329 72
330 72
331 72
332 72
333 72
334 72
335 72
336 72
337 73
338 73
339 73
340 73
341 73
342 73
344 73
345 73
346 74
348 74
349 74
350 74
352 74
353 75
354 75
355 75
356 76
357 76
359 76
360 77
361 77
363 78
364 78
366 79
367 79
368 80
370 81
371 81
372 82
373 83
374 83
376 84
377 85
378 85
379 86
380 87
381 87
382 88
383 88
384 89
385 90
386 90
387 91
388 91
390 92
391 92
392 93
393 94
394 94
396 95
397 96
398 97
399 98
400 99
401 100
402 101
403 102
404 104
405 105
406 106
407 107
408 108
409 109
410 110
410 111
411 112
412 112
413 113
414 114
414 115
415 116
416 117
417 118
417 119
418 120
418 121
419 122
420 124
420 125
421 126
421 127
422 128
422 129
423 131
423 132
424 133
424 134
425 135
425 136
426 137
426 138
427 139
427 140
427 141
428 142
428 143
428 144
428 145
429 146
429 147
429 149
430 150
430 151
430 152
430 153
430 154
431 155
431 156
431 157
431 158
431 159
432 160
432 161
432 162
432 163
432 164
432 165
433 166
433 167
433 168
433 169
433 170
433 171
433 172
434 172
434 173
434 174
434 175
434 176
434 177
434 178
434 179
435 179
435 180
435 181
435 182
435 183
435 184
435 185
435 186
435 187
435 189
435 190
435 191
435 193
435 194
435 196
435 197
435 199
435 200
435 201
435 203
435 204
435 205
435 207
435 208
435 210
435 211
435 213
436 215
436 216
436 218
436 220
436 222
436 223
436 225
436 226
435 228
436 229
436 230
436 232
436 233
436 235
436 237
436 239
436 240
436 242
436 244
436 245
436 247
436 248
436 250
436 251
436 252
437 254
437 255
437 257
437 259
437 261
437 262
437 264
437 265
438 267
438 268
438 269
438 270
438 271
438 272
438 273
438 274
439 275
439 276
439 277
439 278
439 279
439 280
438 280
437 280
436 280
435 280
434 280
433 280
432 280
431 280
430 280
429 280
427 280
426 280
424 280
423 280
421 280
419 280
417 280
415 280
413 280
410 280
408 280
406 280
403 280
401 280
399 280
396 280
393 280
391 280
388 280
385 280
383 280
380 280
377 280
374 280
371 280
368 280
365 280
362 280
359 280
356 280
352 280
349 280
346 280
343 280
339 280
336 281
332 281
329 281
326 281
322 281
319 281
315 281
311 281
307 282
304 282
300 282
297 282
293 282
289 283
286 283
282 283
278 283
275 284
272 284
269 284
265 285
262 285
259 285
256 285
254 286
251 286
248 286
245 286
243 287
240 287
238 287
236 287
234 287
232 288
230 288
228 288
226 288
225 288
223 288
222 288
221 288
220 288
219 288
219 287
219 286
219 285
218 285
218 284
218 283
218 282
218 281
217 280
217 279
217 277
216 276
216 275
216 274
216 273
215 272
215 271
215 269
214 268
214 266
214 265
213 263
213 261
213 259
212 257
212 255
212 253
212 251
211 249
211 247
211 245
210 243
210 240
209 238
209 236
208 233
208 231
208 229
207 227
207 224
206 222
206 220
206 217
205 215
205 212
204 210
204 207
203 205
202 203
202 200
201 197
201 195
200 193
200 190
199 187
199 185
198 182
198 180
197 178
197 175
197 172
197 170
196 167
196 165
196 163
195 160
195 158
194 155
194 153
194 151
193 148
193 146
192 143
192 141
191 139
191 137
191 134
190 132
189 130
189 128
188 126
188 123
187 121
187 119
186 118
186 116
185 114
185 113
184 112
184 110
184 109
183 107
183 106
183 105
183 104
182 102
182 101
182 100
182 99
182 98
181 97
181 96
181 95
181 94
181 93
180 93
179 93
