462
208 63
212 64
213 64
214 64
215 64
216 64
217 64
218 64
219 64
220 64
222 64
223 64
225 64
227 64
230 64
232 64
234 64
236 64
238 64
240 64
242 64
244 64
246 64
248 64
250 64
252 64
255 64
257 64
259 64
261 64
263 64
265 64
266 64
268 64
270 64
271 64
273 64
275 65
277 65
279 65
281 65
282 65
284 65
285 65
287 65
288 65
289 65
291 65
292 65
293 65
295 65
296 65
297 65
299 65
300 65
302 65
303 65
305 65
306 65
307 65
308 65
309 65
310 65
311 65
312 66
313 66
314 66
315 66
316 66
317 66
318 66
319 66
320 66
321 66
323 66
324 66
325 66
326 66
327 66
328 66
329 67
330 67
331 67
332 67
333 67
334 67
335 67
336 67
337 67
338 68
339 68
340 68
342 68
343 68
344 68
345 68
347 68
348 69
349 69
350 69
351 70
352 70
353 71
354 71
355 72
356 72
357 73
358 73
359 74
361 74
362 75
363 76
364 76
365 77
366 78
367 79
369 79
370 80
371 81
372 82
372 83
373 84
374 85
375 85
375 86
376 87
377 88
378 89
379 90
380 90
380 91
381 92
382 93
383 94
384 95
384 96
385 97
385 98
386 99
387 100
387 101
388 102
388 104
389 105
390 106
390 108
391 109
392 110
392 111
393 112
393 113
394 115
394 116
394 117
395 118
395 119
395 121
396 122
396 123
396 125
396 126
397 128
397 129
397 131
397 132
397 133
397 135
397 136
397 137
398 138
398 139
398 141
398 142
398 143
398 145
398 146
398 147
398 148
397 150
397 151
397 152
397 153
397 154
397 155
397 156
397 157
397 158
397 159
397 160
397 161
397 162
397 163
397 164
397 165
397 166
397 167
397 168
397 170
397 171
397 172
397 173
397 174
396 175
396 177
396 178
396 179
396 180
396 181
396 182
396 183
396 184
395 185
395 186
395 187
395 189
395 190
395 191
395 193
395 194
395 195
395 197
395 198
395 199
395 201
394 202
394 203
394 204
394 205
394 206
394 207
394 208
394 209
394 211
393 212
393 213
393 214
393 215
393 216
393 217
393 218
393 220
393 221
393 222
393 223
393 224
393 225
392 226
393 227
392 228
392 229
392 230
392 231
392 232
392 233
392 234
392 235
392 236
391 236
390 236
389 236
388 236
387 236
385 236
384 236
383 236
381 236
380 236
378 236
376 236
374 236
372 236
370 236
368 236
366 236
364 235
361 235
359 235
357 235
355 235
353 235
351 235
348 235
346 234
343 234
341 234
339 234
336 234
334 234
331 234
329 234
327 233
324 233
322 233
319 233
317 233
314 233
312 233
310 233
307 233
305 232
303 232
300 232
298 232
295 232
293 232
290 232
288 232
286 232
283 232
281 231
279 231
276 231
274 231
272 231
269 231
267 231
264 231
262 231
260 231
257 231
255 231
253 231
251 231
249 231
247 231
245 230
244 230
242 230
241 230
239 230
238 230
236 230
235 230
233 230
231 230
230 230
228 230
227 230
226 230
224 230
223 230
222 230
221 231
219 231
218 231
217 231
216 231
215 231
214 231
214 230
214 229
214 228
213 228
213 227
213 226
212 225
212 224
212 223
212 222
211 221
211 219
211 218
211 217
210 216
210 214
210 213
210 212
210 210
210 209
210 208
209 207
209 205
209 204
209 203
209 201
208 200
208 198
208 196
208 194
208 192
208 191
208 189
207 187
207 185
207 184
207 182
207 180
207 178
207 177
207 175
207 173
207 171
207 169
207 167
206 165
206 163
206 162
206 160
206 158
206 156
206 155
206 153
206 151
206 149
206 148
206 146
206 144
206 142
206 141
206 139
206 137
206 136
206 134
205 132
205 131
205 129
205 127
205 125
205 123
205 121
205 120
205 118
205 116
205 115
204 113
204 112
204 110
204 109
204 107
204 106
204 104
204 102
204 101
204 99
204 98
204 97
204 96
203 95
203 94
203 93
203 92
203 91
203 90
203 89
203 88
203 87
203 86
203 85
203 84
203 83
203 82
202 81
202 80
202 79
202 78
202 77
202 76
202 75
201 75
201 74
201 75
202 75
