501
187 75
194 75
195 75
196 75
197 75
199 75
200 74
202 74
203 74
205 74
206 74
208 74
210 74
211 74
213 74
215 74
216 74
218 74
220 74
221 74
223 74
225 73
226 73
228 73
230 73
231 73
233 73
234 73
235 73
237 73
238 73
239 73
241 73
242 73
243 73
244 73
246 73
247 73
248 73
249 73
251 73
252 73
253 73
254 73
255 72
257 72
258 72
259 72
260 72
261 72
262 72
263 72
264 72
265 72
266 72
267 72
268 72
269 72
270 72
271 72
272 72
273 72
274 72
275 72
276 72
277 72
278 72
279 72
280 71
282 71
283 71
284 71
285 71
286 71
287 71
288 71
290 71
291 71
292 71
293 71
294 71
295 71
297 70
298 70
299 70
300 70
301 70
302 70
304 70
305 70
306 70
307 70
308 71
310 71
311 71
312 71
314 71
315 71
316 71
317 71
319 71
320 71
321 72
322 72
323 72
323 72
325 72
326 73
327 73
328 73
328 73
329 73
330 74
331 74
332 74
333 75
334 75
336 75
337 76
338 76
339 76
340 77
341 77
342 77
343 78
344 78
345 79
346 79
348 79
349 80
350 80
351 81
352 81
353 82
354 82
355 83
356 83
357 84
358 85
359 85
360 86
361 86
362 87
363 87
365 88
366 88
367 89
368 90
369 90
370 91
371 91
372 92
373 93
374 94
375 94
376 95
377 96
378 96
379 97
380 98
381 99
382 99
383 100
384 101
384 102
385 103
386 104
387 104
388 105
389 106
389 107
390 108
391 109
392 110
392 111
393 112
393 113
394 114
395 115
395 116
396 116
396 117
397 118
397 119
398 120
398 121
398 122
399 123
399 124
400 125
400 126
400 127
400 128
401 129
401 130
401 132
401 133
402 134
402 135
402 136
402 137
403 138
403 139
403 141
403 142
403 143
403 144
403 145
404 146
404 147
404 148
404 149
404 150
404 151
405 152
405 153
405 154
405 155
405 156
405 157
405 158
406 159
406 160
406 161
406 162
406 163
406 164
406 165
406 166
406 167
406 168
406 169
406 170
406 171
406 172
406 173
406 174
406 175
406 176
406 177
406 178
406 179
406 180
406 181
406 182
406 183
406 184
406 185
406 186
406 187
406 188
406 189
406 190
406 191
406 192
406 193
406 194
406 195
405 195
405 196
405 197
405 198
405 199
405 200
405 201
405 202
405 203
404 204
404 205
404 206
404 207
404 208
404 209
404 210
403 211
403 212
403 213
403 214
403 215
403 216
403 217
403 218
403 219
402 220
402 221
402 222
402 223
402 224
402 225
402 226
402 227
402 228
402 229
402 230
402 231
402 232
402 233
402 234
402 235
402 236
402 237
402 238
402 239
402 240
402 241
402 242
402 243
402 244
402 245
403 245
403 246
402 246
401 246
400 246
400 247
399 247
398 247
397 247
396 247
395 247
394 247
393 247
391 247
390 247
388 248
387 248
385 248
384 248
382 248
380 248
379 248
377 248
375 248
373 249
371 249
369 249
367 249
364 249
362 249
360 249
357 249
355 249
353 249
350 249
348 249
345 249
343 249
340 249
337 249
335 249
332 249
329 249
327 249
324 249
321 249
319 249
316 249
313 249
310 248
307 248
305 248
302 248
299 248
296 248
293 248
291 248
288 248
285 248
282 248
280 248
277 248
274 248
272 248
269 248
266 247
264 247
261 247
259 247
256 247
254 247
251 247
249 247
247 246
244 246
242 246
240 246
238 246
235 246
233 246
231 246
229 246
227 246
225 246
223 246
221 246
220 246
218 246
216 246
215 246
213 246
212 246
211 246
209 246
208 246
207 246
206 246
205 246
204 246
203 246
202 246
202 245
202 244
202 243
202 242
202 241
202 240
202 239
202 238
202 237
202 236
202 235
202 233
202 232
202 231
202 229
202 228
202 226
202 225
202 223
202 222
202 220
202 219
202 217
202 215
202 213
202 211
203 210
203 208
203 206
203 204
203 202
203 200
203 198
204 196
204 194
204 192
204 190
204 187
204 185
204 183
205 181
205 179
205 176
205 174
205 172
205 170
205 168
205 166
205 164
205 161
205 159
205 157
205 155
205 152
205 150
205 148
205 146
205 143
205 141
205 139
205 137
205 135
205 133
204 131
204 128
204 126
204 124
204 122
204 120
204 119
204 117
204 115
204 113
203 111
203 109
203 107
203 105
203 104
203 102
203 100
203 99
203 97
203 96
203 95
203 94
203 93
203 92
203 91
203 90
203 91
203 91
