402
211 61
214 60
215 61
216 61
217 61
218 61
219 61
220 61
221 61
222 61
223 61
225 61
226 61
227 61
228 61
230 61
231 61
233 61
234 61
236 61
237 61
239 61
240 61
242 61
243 61
244 61
246 61
247 60
249 60
250 60
252 60
253 60
255 60
257 60
258 60
260 60
261 60
263 60
265 60
267 60
269 60
271 60
273 60
275 60
278 60
280 60
282 60
284 60
286 60
288 60
290 60
292 60
295 60
297 59
299 59
302 59
304 59
306 59
308 59
310 59
312 59
313 59
315 59
317 59
319 59
321 59
322 59
324 59
326 59
327 59
329 59
330 59
331 59
332 59
333 59
334 59
335 60
336 60
337 60
338 60
339 60
340 61
341 61
342 61
343 61
345 62
346 62
347 62
348 63
350 63
351 63
352 64
354 64
355 65
356 65
357 65
359 66
360 66
361 67
363 67
364 68
366 69
367 69
368 70
369 71
371 71
372 72
373 73
374 74
375 75
376 76
377 77
378 78
379 79
379 80
380 81
381 82
382 83
382 84
383 85
383 86
384 87
384 88
385 89
386 90
387 91
387 92
388 93
388 94
389 95
390 96
390 97
391 99
392 100
392 101
393 103
393 104
394 106
394 107
395 108
395 110
396 111
396 112
397 113
397 114
398 115
398 116
399 117
399 119
399 120
399 121
400 123
400 124
400 125
400 127
400 128
400 129
401 131
401 132
401 133
401 134
401 135
401 136
401 137
401 138
401 139
401 140
401 141
401 142
401 143
401 144
401 145
401 146
401 147
401 148
401 150
400 151
400 152
400 154
400 155
400 156
400 157
400 158
400 159
400 160
400 162
400 163
400 164
400 165
400 167
399 168
399 170
399 171
399 173
399 174
398 176
398 177
398 179
398 180
398 181
398 182
398 183
397 184
397 185
397 186
397 188
397 189
397 190
397 192
397 193
397 194
397 196
397 197
397 198
396 199
396 201
396 202
396 203
396 204
396 205
396 206
396 207
396 208
396 209
396 210
396 211
396 212
396 213
396 214
396 215
395 215
394 215
393 215
392 215
390 215
389 215
388 215
386 215
384 215
383 215
381 214
379 214
377 214
375 214
372 214
370 214
368 213
366 213
363 213
361 213
359 212
356 212
354 212
352 211
350 211
348 211
345 211
343 210
341 210
338 210
336 210
334 210
331 210
329 210
326 210
323 209
321 209
318 209
315 209
312 209
310 209
307 209
304 210
302 210
299 210
296 210
294 210
291 210
288 210
286 210
283 210
281 210
278 210
276 210
273 211
271 211
269 211
267 211
265 211
264 211
262 211
261 211
260 211
258 211
257 211
256 211
255 211
254 211
252 211
251 211
250 211
249 211
248 211
248 212
247 212
247 211
247 210
246 209
246 208
246 207
246 206
245 205
245 204
245 203
245 202
244 201
244 200
244 199
244 197
243 196
243 194
243 192
243 191
243 189
243 187
243 186
243 184
242 183
242 181
242 180
242 178
242 176
242 175
242 173
242 171
242 169
242 167
242 166
241 164
241 162
241 161
241 159
241 158
240 156
240 155
240 153
240 151
240 149
240 147
240 146
239 144
239 142
239 140
239 139
239 137
239 136
238 134
238 132
238 130
238 128
238 127
238 125
238 123
237 121
237 119
237 118
236 116
236 115
236 113
235 112
235 110
234 108
234 107
234 105
233 103
233 101
233 100
232 98
232 96
232 95
231 94
231 93
231 91
230 90
230 89
230 88
230 87
230 86
229 85
229 84
229 83
229 82
228 81
228 80
228 79
228 78
228 77
228 76
228 75
227 74
227 73
227 74
