233
255 168
267 167
271 167
274 167
276 166
279 166
282 166
286 166
289 166
292 165
295 165
299 165
303 165
307 165
310 165
313 165
316 164
320 164
323 164
327 164
330 164
333 164
336 164
339 165
342 165
345 165
348 165
351 165
354 165
357 166
360 166
363 166
366 166
370 167
373 167
376 167
378 168
381 168
383 169
386 169
388 170
391 171
394 171
396 172
398 173
401 174
404 174
406 175
408 176
410 177
412 178
415 179
417 180
419 181
421 182
423 184
425 186
427 187
428 189
430 191
432 193
433 195
434 197
435 199
437 201
438 203
439 206
440 208
441 211
441 214
442 216
443 218
443 221
444 224
444 227
445 229
445 232
446 234
446 237
446 240
446 243
446 246
446 249
446 252
446 255
445 257
445 260
444 263
444 266
443 269
443 272
442 274
442 277
442 280
441 282
440 285
440 288
439 290
439 293
438 295
438 298
438 301
437 303
437 306
437 309
436 311
436 314
436 317
435 319
435 322
434 325
434 328
433 330
433 334
432 336
431 338
431 341
430 343
430 346
429 349
428 352
428 356
427 358
427 361
426 363
425 365
423 366
420 366
417 366
414 366
410 366
406 366
403 366
399 366
396 366
393 366
389 366
386 366
382 366
379 366
375 366
371 366
368 365
364 365
360 365
356 365
353 366
349 366
346 366
342 366
338 366
334 366
330 366
326 366
323 366
319 366
315 366
311 366
307 366
303 366
299 366
297 365
293 365
289 365
285 364
282 364
278 363
275 363
272 363
269 363
266 363
263 363
260 363
257 363
254 363
251 363
248 363
245 364
243 363
242 361
242 358
242 355
242 352
242 349
242 346
242 342
242 338
242 335
242 332
242 328
242 324
243 322
243 318
243 315
243 312
244 309
244 305
245 301
245 297
245 293
246 291
246 288
246 284
247 281
247 278
248 276
248 272
249 270
249 266
250 264
250 260
251 256
251 253
251 249
252 246
252 242
252 238
252 235
252 231
252 228
252 224
252 221
252 218
252 214
253 211
253 208
253 204
254 201
254 198
255 196
256 193
257 191
258 189
