277
205 100
210 101
211 101
212 101
213 101
214 101
216 101
217 101
219 101
221 101
223 101
225 101
227 101
229 101
232 101
234 101
237 100
239 100
242 100
245 100
247 99
250 99
253 99
256 98
259 98
262 98
265 97
268 97
271 96
274 96
277 96
281 95
284 95
287 95
290 94
293 94
296 94
299 93
302 93
305 93
308 93
311 93
314 92
317 92
320 92
323 92
325 92
328 92
331 92
333 92
336 91
339 91
341 91
344 91
346 91
348 91
351 91
353 91
355 92
357 92
359 92
361 92
363 93
364 93
366 93
367 94
369 94
370 95
372 95
373 96
375 96
376 97
377 98
379 99
380 100
381 101
382 102
383 102
384 103
386 104
387 105
388 106
389 107
389 108
390 109
391 110
392 112
393 113
394 114
394 115
395 116
396 118
397 119
397 120
398 122
399 123
400 125
400 127
401 128
402 130
402 131
403 133
404 134
404 136
405 138
406 140
407 141
407 143
408 145
409 147
409 149
410 151
411 153
412 155
412 157
413 159
414 161
414 163
415 165
416 167
416 169
417 171
417 174
418 176
418 178
418 180
419 183
419 185
420 187
420 190
420 192
420 194
421 197
421 199
421 201
421 204
422 206
422 208
422 210
423 213
423 215
423 217
424 219
424 221
424 222
424 224
425 226
425 228
425 230
426 232
426 233
426 235
426 236
427 237
427 239
427 240
427 241
428 242
428 243
428 244
428 245
427 245
426 245
425 245
424 245
423 246
422 246
421 246
419 246
417 246
415 246
413 246
411 246
408 246
405 246
402 246
399 246
395 247
391 247
388 247
383 247
379 247
375 247
370 247
366 247
361 248
356 248
351 248
346 248
341 249
336 249
331 249
326 249
321 250
316 250
311 250
306 251
301 251
296 251
292 252
287 252
283 253
279 253
275 253
271 254
268 254
264 254
261 255
259 255
256 255
254 256
252 256
250 256
248 256
247 256
246 256
245 256
244 256
243 256
243 255
242 255
242 254
241 254
241 253
241 252
240 251
240 250
239 249
239 247
239 245
238 243
237 241
237 239
236 236
236 233
235 230
234 226
234 223
233 219
232 214
232 210
231 206
230 201
230 197
229 192
228 188
227 183
227 178
226 174
225 170
224 165
223 161
222 157
221 152
221 148
220 145
219 141
218 137
217 134
217 131
216 128
215 125
215 123
214 120
214 118
214 116
213 115
213 113
213 112
212 111
212 110
212 109
211 109
211 108
210 108
210 109
209 109
