269
246 167
250 166
253 166
256 166
259 166
262 165
265 165
268 165
271 165
274 165
277 165
280 165
282 164
285 164
288 164
291 164
294 164
297 164
300 164
303 163
306 163
309 163
312 163
315 163
318 162
321 162
324 162
327 162
330 162
333 161
336 161
339 161
342 161
345 161
347 160
350 160
353 160
356 160
359 160
362 160
365 160
368 160
371 160
374 160
377 160
380 160
383 160
386 160
388 161
391 161
393 162
396 162
398 163
401 164
404 164
406 165
408 166
410 167
412 168
415 169
417 170
419 171
421 172
423 173
425 174
427 176
429 178
431 180
432 182
434 184
435 186
437 188
438 190
440 192
441 194
442 196
443 198
444 200
445 203
446 205
447 208
447 211
448 213
449 215
449 218
450 220
451 222
452 225
452 228
453 230
453 233
453 236
454 238
454 241
455 244
455 247
455 250
456 252
456 255
456 258
457 260
457 263
457 266
457 269
458 271
458 274
458 277
458 280
458 283
458 286
459 288
459 291
459 294
459 297
459 300
459 303
459 306
458 308
458 311
458 314
458 317
458 320
458 323
458 326
458 329
458 332
457 335
457 338
457 341
457 344
457 347
457 350
457 353
456 355
456 358
456 361
454 362
451 362
448 362
445 362
442 362
439 362
436 362
433 362
429 362
425 362
421 362
418 362
414 362
410 362
406 362
404 363
401 363
397 363
395 364
391 364
387 364
385 365
382 365
379 365
375 365
372 365
369 366
366 366
362 366
359 366
356 366
353 366
350 366
347 366
344 366
341 366
338 366
336 367
333 367
330 367
327 367
324 368
320 368
317 368
313 369
310 369
306 369
302 370
298 370
294 370
291 370
288 371
285 371
282 371
278 371
275 371
272 371
269 371
265 370
262 370
259 370
256 369
253 369
250 369
247 368
244 369
241 369
239 370
237 369
237 366
237 363
237 360
237 357
238 354
238 351
238 348
238 345
239 343
239 340
239 336
239 333
239 330
240 328
240 324
240 321
241 318
241 314
242 310
242 306
242 303
243 300
243 296
244 293
244 290
245 288
246 285
247 282
248 278
248 275
249 272
250 269
250 266
251 263
252 261
253 258
253 255
254 252
255 250
256 247
257 243
257 240
258 238
258 235
259 233
260 230
260 227
261 225
261 222
262 220
262 217
263 214
263 210
263 207
263 204
263 201
263 197
264 195
264 192
265 190
266 187
267 184
268 182
269 182
