370
336 89
341 89
342 90
343 89
344 90
345 89
347 89
348 89
349 89
351 89
353 89
355 89
356 88
358 88
360 88
362 88
364 88
366 87
368 87
370 87
372 87
374 87
376 87
378 87
380 87
381 87
383 87
385 87
386 87
387 87
389 87
390 87
391 87
393 87
394 88
395 88
396 88
397 88
399 88
400 88
401 88
402 88
403 88
404 88
405 88
406 88
407 88
409 88
410 88
411 88
412 88
413 88
414 88
415 88
416 89
417 89
418 89
419 89
420 89
421 89
422 89
423 89
424 90
425 90
426 90
427 90
428 91
429 91
430 91
431 92
432 92
433 92
434 93
435 93
436 93
437 94
438 94
439 95
440 95
441 96
443 96
444 97
445 97
446 98
448 98
449 99
450 100
451 100
452 101
453 102
454 102
455 103
456 103
457 104
458 105
459 106
460 106
461 107
462 108
463 109
464 110
465 111
466 111
466 112
467 113
468 114
469 115
469 116
470 117
471 117
472 118
472 119
473 120
474 121
474 122
475 123
476 124
477 125
477 126
478 127
478 128
479 129
479 130
480 131
480 132
481 133
481 134
482 135
482 136
483 137
483 138
484 139
484 140
485 141
485 142
485 143
486 144
486 146
486 147
487 148
487 149
487 150
488 151
488 152
488 154
488 155
489 156
489 157
489 159
489 160
489 161
489 163
489 164
490 166
490 167
490 169
490 171
490 172
490 174
490 176
490 177
490 179
490 181
490 183
490 184
490 186
490 188
490 189
490 191
490 193
490 195
490 196
490 198
490 199
490 201
490 203
490 204
490 205
490 207
490 208
490 209
490 210
489 212
490 213
490 214
490 215
490 216
490 217
490 218
489 219
489 220
488 221
487 221
486 221
485 221
485 222
484 222
483 222
482 222
481 222
480 222
478 222
477 222
476 222
475 222
473 222
472 222
470 222
468 222
467 222
465 222
463 223
461 223
460 223
458 223
456 223
454 223
452 223
450 223
449 223
447 223
445 223
443 223
441 223
440 223
438 223
436 223
434 223
432 223
430 223
428 223
427 223
425 223
423 223
421 223
420 224
418 224
416 224
414 224
413 224
411 224
409 225
407 225
405 225
403 225
401 225
400 226
398 226
396 226
395 226
393 226
391 227
390 227
388 227
387 227
386 227
384 227
383 227
381 228
380 228
378 228
377 228
376 228
375 228
374 228
373 228
372 228
371 228
370 228
370 227
369 227
368 226
367 226
367 225
366 225
366 224
365 223
365 222
365 221
364 220
364 219
364 217
363 216
363 215
362 214
362 212
362 211
361 209
361 208
360 206
360 204
360 202
360 201
360 199
359 197
359 195
359 193
359 191
359 189
359 187
359 185
359 183
359 181
359 179
359 178
359 176
359 174
359 172
358 170
358 169
358 167
358 165
358 164
358 162
358 160
358 159
358 157
358 156
357 154
357 153
357 152
357 150
357 149
356 147
356 146
356 145
356 143
355 142
355 140
355 139
355 137
354 136
354 134
354 133
353 132
353 130
353 129
353 128
352 127
352 125
352 124
351 123
351 121
351 120
350 119
350 117
350 116
350 115
350 113
349 112
349 111
349 109
349 108
349 107
349 106
348 105
348 104
348 103
348 102
348 101
348 100
347 100
347 99
347 98
347 97
347 96
346 95
347 95
347 94
348 94
