443
177 84
179 84
180 85
181 85
183 85
184 85
186 85
188 85
189 85
191 85
193 85
195 85
197 85
200 85
202 85
205 85
208 85
211 85
213 85
216 85
218 85
221 85
223 85
226 85
228 85
231 85
233 85
236 85
238 84
241 84
243 84
245 85
248 85
250 85
252 85
254 85
256 85
258 85
260 85
262 85
264 85
266 85
268 85
270 85
272 85
274 85
276 85
277 85
279 85
281 85
283 85
285 85
287 85
288 85
290 85
292 85
293 85
295 85
296 85
297 85
298 85
299 85
301 85
302 85
303 85
304 85
306 85
307 85
308 85
309 85
310 85
311 85
312 85
313 85
314 85
315 85
316 85
317 85
318 85
319 85
320 85
321 86
322 86
323 86
324 86
325 86
326 86
327 87
328 87
329 87
331 87
332 87
333 88
334 88
335 88
336 88
337 88
339 89
340 89
342 89
343 90
345 90
346 90
348 91
350 91
351 92
353 92
354 93
356 93
357 94
358 94
360 95
361 96
363 96
364 97
366 98
368 98
369 99
371 100
372 101
373 102
374 103
376 104
377 105
378 106
379 107
380 108
381 109
382 110
383 111
384 111
385 112
386 113
387 113
388 114
389 115
390 116
391 116
391 117
392 118
393 119
394 120
395 121
395 122
396 124
397 125
397 126
398 127
399 129
399 130
400 131
401 132
401 134
402 135
402 136
403 137
403 138
404 139
404 140
405 141
405 143
405 144
406 145
406 147
407 148
407 150
408 151
408 153
409 154
409 155
409 156
410 157
410 158
410 160
411 161
411 162
411 163
411 164
412 165
412 166
412 167
412 168
412 170
413 171
413 172
413 173
413 174
413 175
413 176
413 177
413 178
413 179
413 180
413 181
413 182
413 183
413 184
413 185
413 186
413 187
413 188
413 189
413 190
413 191
413 192
413 193
413 195
413 196
413 197
413 199
413 200
413 201
413 202
413 203
412 205
412 206
412 207
412 208
412 210
412 211
412 213
412 215
412 216
412 218
412 220
412 221
412 223
412 224
412 226
412 227
412 229
411 230
411 231
411 233
411 234
411 236
411 237
411 239
411 240
411 242
411 243
412 245
412 246
412 247
412 248
412 250
412 251
412 252
412 253
412 254
412 255
412 256
412 257
412 259
412 261
413 262
413 263
413 264
413 265
413 266
413 267
412 267
411 267
410 267
409 267
408 267
407 267
405 267
404 267
403 267
401 267
399 267
398 267
396 267
394 267
391 267
389 267
387 267
385 267
382 267
380 267
378 266
376 266
374 266
371 266
369 266
367 266
365 266
362 265
360 265
358 265
356 265
353 265
351 265
348 265
346 264
344 264
341 264
339 264
336 264
333 264
330 264
328 264
325 264
322 264
319 264
315 264
313 264
309 264
306 263
304 263
301 263
298 263
294 263
291 263
288 263
285 263
282 263
279 263
276 262
273 262
270 262
267 262
264 262
261 262
257 262
254 262
251 262
248 262
245 262
242 263
239 263
237 263
234 263
232 263
229 263
227 263
225 263
223 264
222 264
221 264
220 264
219 264
218 264
218 263
217 263
217 262
217 261
217 260
216 259
216 258
215 257
215 256
215 254
214 253
214 252
214 251
213 250
213 249
213 247
212 246
212 244
212 242
211 240
211 238
211 236
210 235
210 233
210 231
209 229
209 227
209 225
209 223
208 221
208 219
208 217
208 214
208 212
207 210
207 208
207 206
207 204
207 202
207 200
206 198
206 196
206 194
206 192
206 190
206 188
206 186
205 184
205 182
205 180
205 177
204 175
204 173
204 171
204 169
204 166
203 164
203 162
203 160
203 158
202 156
202 154
202 152
201 150
201 148
201 146
201 144
200 142
200 140
199 138
199 136
199 134
198 132
198 130
197 128
197 126
197 125
197 123
196 121
196 119
196 117
196 116
195 114
195 113
195 112
194 111
194 110
194 109
194 108
193 107
193 106
193 105
193 104
193 103
193 102
193 101
192 101
192 100
192 101
