406
186 57
192 56
193 56
194 56
196 56
197 56
198 56
199 56
201 56
202 56
203 56
204 56
206 56
207 56
209 56
210 56
212 56
214 56
215 56
217 55
219 55
220 55
221 55
223 55
224 56
225 56
227 56
228 56
230 56
231 56
233 56
234 56
236 56
237 56
238 57
239 57
241 57
242 57
243 57
244 57
245 57
246 57
248 57
249 57
251 57
252 56
254 56
255 56
257 56
258 56
259 56
261 56
262 57
263 57
265 57
266 57
267 57
269 57
270 57
271 57
273 57
274 58
276 58
277 58
279 58
281 59
282 59
284 59
285 59
287 60
288 60
290 60
291 60
293 61
295 61
296 61
298 62
300 62
301 62
303 63
305 63
306 63
307 64
309 64
310 65
311 65
312 65
313 65
315 66
316 66
317 66
318 67
319 67
320 67
321 67
322 68
323 68
325 68
326 68
327 68
328 69
329 69
330 70
331 70
332 71
333 71
333 72
334 73
335 73
336 74
337 74
338 75
339 75
339 76
340 77
341 77
342 78
343 79
343 80
344 81
345 82
346 83
347 83
347 84
348 85
349 86
349 87
350 88
351 88
351 89
352 90
353 91
353 92
354 93
354 94
355 96
355 97
356 98
356 99
357 100
357 102
358 103
358 104
359 106
359 107
359 109
360 110
360 111
361 113
361 114
361 115
362 116
362 118
362 119
363 120
363 122
363 123
363 125
364 126
364 128
364 129
364 131
365 132
365 133
365 134
365 136
366 137
366 138
366 139
366 140
366 141
366 143
367 144
367 145
367 147
367 148
367 149
367 151
368 152
368 154
368 155
368 156
368 157
368 158
368 159
368 160
369 161
369 162
369 163
369 165
369 166
369 167
369 169
369 170
369 171
369 172
369 174
369 175
369 176
369 177
370 179
370 180
370 181
370 182
370 183
370 184
370 185
370 186
370 187
370 188
369 189
369 191
369 192
369 193
369 194
369 196
369 197
369 198
369 199
369 200
369 201
369 202
369 203
369 204
368 205
368 206
368 207
368 208
368 209
368 210
368 211
368 212
368 213
368 214
368 215
368 216
368 217
368 218
368 219
368 220
368 221
368 222
367 222
366 222
365 222
365 221
364 221
363 221
362 221
361 221
360 221
359 221
358 221
357 221
356 221
354 221
352 220
351 220
349 220
347 220
345 220
343 220
341 219
339 219
337 219
335 219
333 219
331 219
328 218
326 218
323 218
321 218
318 218
316 218
313 217
311 217
309 217
306 217
303 216
301 216
298 216
296 216
293 215
290 215
288 215
285 215
282 215
280 214
277 214
274 214
272 214
269 214
266 214
263 214
260 214
257 214
254 214
252 214
249 214
246 214
243 214
240 214
238 214
235 214
232 214
230 214
227 214
225 214
222 215
220 215
218 215
216 215
214 215
212 215
211 215
209 215
208 215
207 215
206 215
205 215
204 215
203 215
203 214
203 213
202 212
202 211
202 210
202 209
202 208
202 207
202 206
202 205
202 204
201 203
201 201
201 200
201 198
201 197
201 195
201 193
201 191
201 189
200 187
200 185
200 184
200 182
200 180
200 178
200 176
200 174
199 171
199 169
199 166
199 164
198 162
198 160
198 158
197 156
197 154
197 152
197 150
197 148
197 146
197 144
197 142
197 140
196 138
196 136
196 134
196 132
196 130
196 128
195 125
195 123
195 121
195 118
195 116
194 114
194 112
194 110
194 108
193 106
193 104
193 102
193 100
193 98
192 96
192 94
192 93
192 91
192 90
192 88
192 87
191 85
191 84
191 83
191 81
191 80
191 79
191 78
191 77
191 76
191 75
190 74
190 73
189 73
