269
259 142
263 141
265 140
268 140
271 140
274 139
277 139
280 139
283 139
287 139
290 139
293 139
296 139
299 139
302 138
305 138
308 138
311 138
314 138
317 138
320 138
323 138
326 138
329 138
332 138
335 138
338 138
341 138
344 138
347 138
350 138
353 138
356 138
359 138
363 138
366 138
369 138
371 139
374 139
377 139
380 140
383 140
386 140
389 141
392 141
395 141
398 141
400 142
403 142
405 143
408 143
410 144
413 144
415 145
418 146
421 146
423 147
425 148
427 149
429 150
431 151
433 152
435 153
437 154
439 156
441 157
443 159
445 160
447 162
449 164
451 166
452 168
453 170
454 172
455 174
457 175
458 177
459 179
460 181
461 183
462 185
463 187
464 190
464 193
465 195
466 197
466 200
467 202
468 204
468 207
469 209
469 212
469 215
469 218
469 221
469 224
469 227
469 230
469 233
468 235
468 238
468 241
467 243
467 246
466 248
466 251
465 253
465 256
465 259
464 262
464 265
464 268
464 271
464 274
464 277
464 280
464 283
463 286
463 289
463 292
463 295
462 298
462 301
462 304
462 307
462 310
461 312
461 315
461 318
461 321
460 324
460 327
460 330
459 333
459 336
458 339
458 342
458 345
457 347
457 350
457 353
457 356
456 358
453 358
450 358
447 359
444 359
441 359
438 359
435 359
431 359
427 359
424 359
421 359
417 359
414 359
410 359
407 359
403 359
399 359
395 359
392 359
388 359
384 359
380 359
377 359
373 359
370 359
367 359
363 359
359 359
356 359
354 358
351 358
347 358
344 358
340 358
337 358
333 357
330 357
326 357
323 357
320 357
317 357
313 357
310 357
306 357
302 357
299 357
296 357
292 357
290 356
287 356
283 356
280 356
277 356
274 356
271 356
269 355
265 355
263 356
260 356
257 356
254 356
251 356
249 357
248 355
248 352
249 349
249 346
250 343
250 340
251 338
252 335
252 332
253 330
253 327
254 324
254 320
255 318
255 315
256 312
256 308
257 305
257 302
258 299
259 296
259 293
259 290
260 287
260 283
260 280
260 276
260 272
260 269
261 265
261 262
261 258
262 256
262 253
263 251
263 247
263 244
264 242
264 238
264 234
265 232
265 228
265 225
266 223
266 219
267 216
267 212
267 209
268 207
268 203
269 200
269 196
270 194
270 191
271 188
272 185
272 182
273 179
274 176
274 173
275 170
276 167
276 164
