558
205 62
210 62
211 62
212 62
213 62
214 62
215 62
216 62
217 62
218 61
219 61
220 61
222 61
223 61
224 61
225 61
227 61
228 61
230 60
231 60
233 60
234 60
235 60
237 60
238 60
239 60
241 60
242 60
243 60
245 60
246 60
247 60
249 60
250 60
251 60
253 60
254 60
255 60
257 60
258 60
259 60
260 60
262 60
263 60
264 60
265 60
266 60
267 60
268 60
269 60
270 60
272 60
273 60
274 60
275 60
276 60
277 60
278 60
279 60
280 60
281 60
282 60
284 59
285 59
286 59
287 59
288 59
290 59
291 59
292 59
293 59
294 59
295 59
296 59
297 59
299 59
300 59
301 59
302 59
303 59
304 59
305 59
306 59
308 58
309 58
310 58
311 58
313 58
314 58
315 58
316 58
317 58
319 58
320 59
321 59
322 59
323 59
324 59
325 59
326 59
328 59
329 59
330 59
331 60
332 60
333 60
335 60
336 61
337 61
338 61
339 62
341 62
342 62
343 63
344 63
345 63
346 64
348 64
349 64
350 65
351 65
352 66
353 66
355 67
356 67
357 68
358 68
359 69
361 70
362 70
363 71
365 71
366 72
367 73
368 74
370 74
371 75
372 76
373 77
375 77
376 78
377 79
378 80
379 81
381 82
382 83
383 84
384 85
386 85
387 86
388 87
389 88
390 89
391 90
392 91
394 92
395 93
396 94
397 95
398 96
399 97
399 98
400 99
401 100
402 101
403 102
404 103
405 104
405 105
406 107
407 108
408 109
409 110
409 111
410 112
410 113
411 114
412 115
412 116
413 117
413 118
414 119
414 120
415 121
415 122
415 123
415 123
416 124
416 125
417 126
417 127
417 128
417 128
417 129
418 131
418 132
418 133
418 134
419 135
419 136
419 138
419 139
419 140
420 141
420 142
420 143
420 144
420 146
420 147
420 148
420 149
420 150
420 151
421 152
421 153
421 155
421 156
421 157
421 158
421 160
421 161
421 162
421 163
421 165
421 166
421 167
421 168
421 169
421 170
421 171
421 172
421 173
421 174
421 175
421 177
421 178
421 179
421 180
421 181
421 182
420 183
420 184
420 185
420 186
420 187
420 188
420 189
420 190
420 191
420 192
420 193
420 194
420 195
420 196
419 196
419 197
419 198
419 199
419 200
419 201
419 202
419 203
418 204
418 205
418 206
418 207
418 208
418 209
418 210
418 211
418 212
418 213
418 214
418 215
417 216
417 217
417 218
417 219
417 220
417 221
417 222
417 223
417 224
417 225
417 226
417 227
417 228
417 229
416 230
416 231
416 232
416 233
416 234
416 235
416 236
415 237
415 238
415 240
415 241
415 242
415 243
414 244
414 245
414 246
414 247
414 248
413 249
413 250
413 251
413 252
413 253
413 254
413 255
412 256
411 256
410 256
409 256
408 256
407 256
406 256
405 256
405 257
404 257
403 257
402 257
400 257
399 257
398 257
397 257
395 257
394 257
393 257
391 257
389 257
388 257
386 257
384 256
383 256
381 256
379 256
377 256
375 256
374 256
372 256
370 256
367 256
365 256
363 256
361 256
359 256
357 255
355 255
353 255
351 255
349 255
347 255
345 254
343 254
341 254
339 254
337 254
335 253
333 253
331 253
329 253
327 253
325 252
323 252
321 252
319 252
316 252
314 251
312 251
310 251
308 251
306 251
303 251
301 250
299 250
297 250
295 250
293 250
291 250
289 249
287 249
284 249
282 249
280 249
278 249
276 248
274 248
272 248
270 248
269 248
267 248
265 248
263 247
261 247
259 247
257 247
256 247
254 247
252 247
250 246
249 246
247 246
246 246
244 246
243 246
241 246
240 246
239 246
237 246
236 246
234 245
233 245
232 245
230 245
229 245
227 245
226 245
225 245
224 245
223 245
221 245
220 245
219 245
218 245
217 245
216 245
215 245
214 245
213 245
212 245
211 245
210 246
209 246
208 246
207 246
206 246
206 245
206 244
205 244
205 243
205 242
205 241
205 240
205 239
205 238
205 237
205 236
205 235
205 234
205 233
205 232
205 231
205 230
205 228
205 227
204 226
204 225
204 223
204 222
204 221
204 219
204 218
204 217
204 215
204 214
204 213
204 211
204 210
204 208
204 207
204 205
204 204
204 202
204 201
204 199
204 198
204 197
204 195
204 194
204 192
204 190
204 189
204 187
204 186
204 184
204 183
204 181
204 179
204 178
204 176
204 174
204 173
204 171
204 169
204 167
204 166
204 164
204 162
204 161
204 159
204 157
204 155
204 153
204 151
204 150
205 148
205 146
205 144
205 142
205 140
205 139
206 137
206 135
206 133
206 131
206 129
206 127
206 125
206 124
206 122
206 120
206 118
207 116
207 114
207 112
207 110
207 108
207 106
207 104
207 102
207 101
207 99
207 97
207 95
208 93
208 92
208 90
208 88
208 86
208 85
208 83
208 81
208 80
208 78
208 77
208 75
207 74
207 73
207 72
207 71
207 70
207 69
207 70
207 70
