646
195 66
200 66
201 66
202 66
203 65
205 65
206 65
207 65
208 65
209 65
210 65
211 65
212 64
214 64
215 64
216 64
217 64
218 64
220 64
221 64
222 64
224 64
225 64
226 64
228 64
229 64
231 64
232 64
234 64
235 64
236 63
238 63
239 63
240 63
242 63
243 63
244 63
245 63
247 63
248 63
249 63
250 63
251 63
252 63
254 63
255 63
256 63
257 63
258 63
260 63
261 63
262 63
263 63
265 63
266 63
267 63
268 63
269 63
271 63
272 63
273 63
274 63
276 63
277 63
278 63
279 63
281 63
282 63
284 63
285 63
286 63
288 63
289 63
291 63
292 63
293 63
294 63
296 64
297 64
298 64
299 64
300 64
301 64
303 64
304 65
305 65
306 65
307 65
308 66
309 66
310 66
312 66
313 67
314 67
315 67
316 67
317 67
319 68
320 68
321 68
322 68
323 69
324 69
325 69
326 69
327 70
328 70
329 70
330 71
331 71
332 71
333 71
334 72
335 72
336 72
337 73
338 73
339 73
339 74
340 74
341 74
342 75
343 75
344 76
345 76
346 77
347 77
348 78
349 78
350 78
350 79
351 79
352 80
353 80
354 81
355 81
356 82
357 83
358 83
359 84
360 84
361 85
362 86
363 86
364 87
365 87
366 88
367 88
368 89
369 89
370 90
370 91
371 91
372 92
373 92
374 93
375 94
376 94
377 95
377 96
378 96
379 97
380 97
381 98
382 99
383 100
384 100
384 101
385 101
386 102
387 103
388 104
389 104
390 105
390 106
391 106
392 107
393 108
393 109
394 109
395 110
396 111
397 112
398 113
398 114
399 114
399 115
400 115
400 116
401 117
401 118
402 119
402 120
403 120
403 121
403 122
404 122
404 123
405 124
405 125
406 125
406 126
406 127
406 128
407 128
407 129
407 130
408 131
408 132
408 133
409 134
409 135
409 136
409 137
410 137
410 138
410 139
410 140
410 141
411 141
411 142
411 143
411 144
411 145
411 146
412 147
412 148
412 149
412 150
412 151
412 152
412 153
413 154
413 155
413 156
413 157
413 158
413 159
413 160
414 161
414 162
414 163
414 164
415 165
415 166
415 167
415 168
416 169
416 170
416 171
416 172
417 173
417 174
417 175
417 176
417 177
417 178
417 179
417 180
418 181
418 182
418 183
418 184
418 185
418 186
418 187
418 188
418 189
418 190
418 191
418 192
417 193
417 194
417 195
417 196
417 197
417 198
417 199
417 200
417 201
417 202
417 203
417 204
417 205
417 206
417 207
417 208
417 209
417 210
417 211
417 212
417 213
417 214
417 215
417 216
417 217
417 218
417 219
416 219
416 220
416 221
416 222
416 223
416 224
416 225
415 226
415 227
415 228
415 229
415 230
415 231
414 232
414 233
414 234
414 235
414 236
414 237
414 238
413 239
413 241
413 242
413 243
413 244
413 245
413 246
413 247
413 248
413 249
413 250
413 251
413 252
413 253
412 254
412 255
412 256
412 257
412 258
412 259
412 260
412 261
412 262
412 263
412 264
412 265
412 266
412 267
412 268
412 269
412 270
412 271
412 272
412 273
411 273
411 274
411 275
411 276
411 277
411 278
411 279
411 280
411 281
410 281
410 282
410 283
410 284
410 285
410 286
410 287
410 288
409 289
409 290
409 291
409 292
409 293
409 294
409 295
409 296
408 297
408 298
408 299
408 300
408 301
408 302
408 303
408 304
408 305
408 306
407 307
407 308
407 309
406 309
405 309
404 309
403 309
402 309
401 309
400 309
399 309
398 309
397 308
396 308
394 308
393 308
391 308
390 308
388 308
386 308
385 308
383 308
381 308
379 308
377 308
375 308
373 307
371 307
369 307
367 307
365 306
363 306
361 306
358 306
356 306
354 305
351 305
349 305
347 305
345 304
342 304
340 304
338 304
335 304
333 303
331 303
329 303
327 303
324 303
322 303
320 303
318 302
316 302
314 302
311 302
309 302
307 302
304 302
302 302
300 302
298 302
296 302
293 302
291 302
288 302
286 303
284 303
281 303
279 303
276 303
274 303
272 303
270 303
267 303
265 303
263 304
261 304
258 304
256 304
254 304
252 304
249 304
247 304
245 304
243 304
241 304
239 305
237 305
235 305
233 305
231 305
229 305
227 305
226 305
224 305
222 305
221 305
219 305
217 305
216 306
214 305
213 305
211 305
210 306
208 305
207 305
206 305
205 305
203 305
202 305
201 305
200 305
199 306
198 306
197 306
196 306
195 306
194 306
193 306
192 306
191 306
190 305
190 304
190 303
190 302
190 301
190 300
190 299
190 298
190 297
190 296
190 295
190 294
190 293
190 292
191 291
191 289
191 288
191 287
191 285
191 284
192 283
192 281
192 280
192 278
192 277
192 275
192 273
193 272
193 270
193 268
193 267
193 265
193 263
193 261
193 259
193 257
193 256
194 254
194 252
194 250
194 248
194 246
194 244
194 242
194 240
194 238
195 236
195 235
195 233
195 231
195 229
195 227
195 225
195 223
196 221
196 219
196 217
196 216
196 214
196 212
197 209
197 207
197 205
197 204
198 202
198 200
198 198
198 196
198 194
199 192
199 190
199 188
199 186
199 184
199 182
200 180
200 178
200 175
200 173
200 171
200 169
201 167
201 165
201 163
201 161
201 159
201 156
201 154
201 152
201 150
201 148
201 146
201 144
201 142
201 140
201 138
201 136
201 134
202 132
202 130
202 128
202 126
202 124
202 122
202 120
202 118
202 116
202 114
203 112
203 111
203 109
203 107
203 105
203 103
203 101
204 99
204 97
204 96
204 94
204 92
204 91
205 89
205 88
205 86
205 85
205 84
205 82
205 81
206 80
206 79
206 78
206 77
206 76
206 75
206 76
206 77
206 78
206 78
