403
202 59
206 59
207 59
209 59
210 59
212 59
213 59
215 59
217 59
218 59
220 59
221 59
222 59
224 59
225 59
227 59
229 59
230 59
232 59
233 59
235 59
236 59
238 59
239 59
240 59
241 59
242 59
243 59
244 59
245 59
246 59
247 59
248 59
249 59
250 59
251 59
252 59
253 59
254 59
255 59
256 59
257 59
258 59
259 59
260 59
261 59
262 59
263 59
264 59
265 59
266 59
267 59
268 59
269 59
270 59
271 59
272 59
273 59
274 59
275 59
276 59
277 59
278 59
279 59
280 59
281 59
282 59
283 58
284 58
285 58
286 58
287 58
288 59
289 59
290 59
291 59
292 59
294 59
295 59
297 59
298 59
300 60
301 60
303 60
304 60
306 60
307 60
309 61
310 61
311 61
313 61
314 62
316 62
317 62
319 63
320 63
322 63
323 64
325 64
326 64
327 65
328 65
330 66
331 66
332 67
333 67
334 67
335 68
336 68
337 68
338 69
339 69
340 70
341 71
342 71
343 72
344 72
345 73
346 73
347 74
348 74
349 75
350 76
351 76
351 77
352 77
353 78
353 79
354 79
354 80
355 81
355 82
356 82
356 83
357 84
358 85
359 86
360 87
360 88
361 88
361 89
362 89
362 90
363 91
363 92
364 93
364 94
364 95
365 96
365 97
366 97
366 99
366 100
367 101
367 102
367 103
368 105
368 106
368 107
369 109
369 110
369 111
370 112
370 113
370 114
370 116
370 117
370 118
371 119
371 121
371 123
371 124
371 126
371 127
371 129
372 130
372 132
372 133
372 134
372 135
372 136
372 137
372 139
372 140
372 141
372 142
372 144
372 145
372 146
372 148
372 149
372 150
372 152
372 153
372 154
372 155
372 156
372 157
372 158
372 159
372 160
372 161
372 162
372 163
372 164
372 166
372 167
372 168
372 169
372 171
372 172
372 173
372 175
372 176
372 177
372 178
372 179
372 180
372 181
372 183
372 184
372 185
372 186
371 187
371 188
371 189
371 190
371 191
371 192
371 194
371 195
371 196
371 197
371 198
371 199
371 200
371 201
371 202
371 203
371 204
371 205
372 205
371 205
370 205
369 205
368 205
367 205
366 205
364 205
363 205
362 205
361 205
359 205
358 205
356 205
354 205
353 205
351 205
349 205
347 205
345 205
342 206
340 206
338 206
335 206
333 205
330 205
328 205
325 205
323 205
320 205
317 205
315 205
312 205
309 205
306 205
304 205
301 205
298 205
295 205
292 205
289 205
287 205
284 205
281 205
278 205
276 205
273 205
271 205
268 205
266 205
263 205
261 205
259 205
256 205
254 205
252 205
250 205
248 205
246 205
245 205
243 205
242 205
240 205
239 205
238 205
237 205
236 206
235 206
234 206
233 206
232 206
233 205
232 205
232 204
232 203
232 202
232 201
231 200
231 199
231 198
231 197
230 196
230 195
230 193
230 192
230 190
230 189
230 187
229 186
229 185
229 183
229 182
229 181
229 179
229 177
229 176
228 174
228 172
228 170
228 169
228 167
227 165
227 163
227 162
227 160
227 159
227 157
226 156
226 154
226 152
226 150
226 147
226 145
226 143
226 141
226 140
226 138
226 136
226 135
226 133
225 131
225 129
225 127
225 125
225 123
225 121
225 119
225 117
225 115
225 114
225 112
225 110
224 108
224 106
224 105
224 103
224 101
223 99
223 97
223 96
223 94
223 93
223 92
223 90
222 89
222 88
222 87
222 86
222 84
222 83
222 82
222 81
222 80
221 79
221 78
221 77
220 77
220 76
220 75
220 74
220 73
221 73
