643
196 65
202 65
203 65
204 65
205 65
206 65
207 65
208 65
209 65
210 65
211 65
213 65
214 65
215 65
216 65
218 65
219 64
220 64
221 64
223 64
224 64
225 64
226 64
228 64
229 64
230 64
232 64
233 64
234 64
236 64
237 64
238 64
239 64
240 64
241 64
243 64
244 64
245 64
246 64
247 64
248 64
249 64
250 63
251 63
253 63
254 63
255 63
256 63
257 63
258 63
259 63
260 63
261 63
262 63
263 63
264 63
265 63
266 63
267 63
268 63
269 63
270 63
271 63
272 63
273 63
274 63
275 63
276 62
277 62
278 62
279 62
280 62
281 62
282 62
284 63
285 63
286 63
287 63
288 63
289 63
291 63
292 63
293 63
294 63
295 63
296 63
297 63
298 64
299 64
300 64
301 64
302 64
303 64
304 64
305 65
306 65
307 65
308 65
309 66
311 66
312 66
313 66
314 67
315 67
316 67
317 67
318 67
319 68
320 68
321 68
322 68
323 69
324 69
325 69
326 69
327 70
328 70
329 70
330 71
331 71
332 71
333 71
334 72
335 72
336 72
337 73
338 73
339 73
340 74
341 74
342 74
343 75
344 75
345 75
346 76
347 76
348 77
349 77
350 77
351 78
352 78
353 79
354 79
355 80
356 80
357 81
358 81
358 82
359 82
360 83
361 83
362 84
363 84
364 85
365 85
366 86
367 86
368 87
369 87
370 88
371 88
372 89
373 89
373 90
374 90
375 91
376 91
377 92
378 93
379 93
379 94
380 95
381 95
382 96
383 96
384 97
384 98
385 98
386 99
387 100
388 101
389 102
390 103
391 104
391 105
392 106
393 106
394 107
394 108
395 109
396 110
396 111
397 111
397 112
398 113
399 114
400 115
400 116
401 116
401 117
402 118
402 119
403 119
403 120
404 121
404 122
405 123
406 124
406 125
407 126
407 127
408 128
408 129
409 130
409 131
410 132
410 133
410 134
411 135
411 136
411 137
412 139
412 140
412 141
412 142
413 143
413 144
413 145
414 146
414 147
414 148
414 149
415 150
415 151
415 153
416 154
416 155
416 156
416 157
417 158
417 160
417 161
417 162
418 163
418 164
418 165
418 167
419 168
419 169
419 170
419 171
419 172
420 173
420 174
420 175
420 176
420 177
420 178
420 179
421 180
421 181
421 182
421 183
421 184
421 185
421 186
421 187
421 188
421 189
421 190
421 191
421 192
422 193
422 194
421 195
421 196
421 197
421 198
421 199
421 200
421 201
421 202
421 203
421 204
421 205
421 206
420 207
420 208
420 209
420 210
420 211
420 212
420 213
420 214
419 215
419 216
419 217
419 218
418 219
418 220
418 221
418 222
418 223
417 224
417 225
417 226
417 227
417 228
417 229
417 230
417 231
416 232
416 233
416 234
416 235
416 236
416 237
416 238
416 239
416 240
415 241
415 242
415 243
415 244
415 245
415 246
415 247
415 248
415 249
415 250
414 251
414 252
414 253
414 254
414 255
414 256
414 257
413 258
413 259
413 260
413 261
413 262
412 263
412 264
412 265
412 266
411 267
411 268
411 269
411 270
411 271
411 272
410 273
410 274
410 275
410 276
410 277
410 278
409 279
409 280
409 281
409 282
409 283
409 284
408 284
408 285
408 286
408 287
408 288
408 289
407 290
407 291
407 292
407 293
407 294
407 295
406 295
406 296
406 297
406 298
405 298
404 298
403 299
402 299
401 299
400 299
399 299
398 299
397 299
396 299
395 299
394 299
393 299
393 299
392 299
390 299
389 299
388 299
388 299
387 299
385 299
384 299
383 299
381 299
380 299
378 299
377 299
376 299
374 299
372 299
371 299
369 299
367 299
365 299
363 299
361 299
359 299
357 299
355 299
354 299
352 299
350 299
348 299
345 299
343 299
341 299
339 300
337 300
335 300
333 300
331 300
328 300
326 300
324 300
322 300
320 300
318 300
316 300
314 300
311 300
309 300
307 300
305 300
303 300
301 300
299 301
297 301
295 301
292 301
290 301
288 301
286 301
284 301
282 301
280 301
278 301
276 301
275 301
273 301
271 301
269 301
268 301
266 301
264 301
262 301
261 301
259 301
257 301
255 301
254 301
252 301
251 301
249 301
248 301
246 301
245 301
243 301
242 301
240 301
239 301
237 301
236 301
234 301
233 301
231 301
230 301
228 301
227 301
225 301
224 301
223 301
221 301
220 301
218 301
217 301
216 301
214 301
213 301
211 301
210 301
209 301
207 301
206 301
205 301
204 301
203 301
201 301
200 301
199 301
198 301
197 301
196 301
195 301
195 300
195 299
195 298
195 297
195 296
195 295
196 294
196 293
196 292
196 291
196 290
196 289
196 288
197 287
197 286
197 284
197 283
197 282
197 281
197 280
198 279
198 278
198 277
198 276
198 274
198 273
198 272
198 270
198 269
199 268
199 266
199 265
199 263
199 262
199 261
199 259
199 258
199 256
200 255
200 253
200 252
200 250
200 249
200 247
200 246
201 244
201 242
201 241
201 239
201 237
202 235
202 234
202 232
202 230
202 228
203 227
203 225
203 223
203 221
203 219
204 218
204 216
204 214
204 212
204 210
204 208
204 206
205 203
205 201
205 199
205 197
205 195
206 193
206 191
206 189
206 186
206 184
207 182
207 179
207 177
207 175
207 173
207 170
207 168
207 166
207 163
207 161
207 159
207 156
207 154
207 151
207 149
207 147
207 144
207 142
207 139
207 137
207 135
207 132
207 130
207 127
207 125
207 122
207 120
207 117
207 115
207 112
207 110
207 108
207 105
207 103
207 100
208 98
208 96
208 94
208 92
208 90
208 88
208 86
208 85
208 83
208 82
208 80
208 79
208 78
208 77
208 76
208 75
208 74
208 74
